   4275.1436000000    0.0005000   0.0005000    1 1 0 0 0 0  9  7 s  E" 126    0 0 0 0 0 0 10 10 s  E'   1        21CeCaCo.1
   4275.2695000000    0.0005000   0.0005000    1 1 0 0 0 0 12 10 s  E' 159    0 0 0 0 0 0 12 10 a  E"   2        21CeCaCo.2
   4275.3614000000    0.0005000   0.0005000    0 1 1 0 1 0  6  2 a  E" 103    0 0 0 0 0 0  7  1 a  E'   5        21CeCaCo.3
   4275.6426000000    0.0005000   0.0005000    0 1 0 2 0 0  8  7 s  E" 102    0 0 0 0 0 0  7  7 a  E'   1        21CeCaCo.4
   4275.6748000000    0.0005000   0.0005000    0 1 1 0 1 0  7  1 a  E' 121    0 0 0 0 0 0  8  2 a  E"   5        21CeCaCo.5
   4275.8018000000    0.0005000   0.0005000    1 1 0 0 0 0 11 10 s  E' 144    0 0 0 0 0 0 11 10 a  E"   2        21CeCaCo.6
   4275.8382000000    0.0005000   0.0005000    0 1 0 2 0 0  5  3 a A2'  40    0 0 0 0 0 0  4  3 s A2"   1        21CeCaCo.7
   4275.8595000000    0.0005000   0.0005000    0 1 0 2 0 2  4  2 a A2"  35    0 0 0 0 0 0  3  0 s A2'   2        21CeCaCo.8
   4276.0032000000    0.0005000   0.0005000    0 3 1 0 1 0  3  2 s A2'  67    0 2 0 0 0 0  3  3 s A2"   3        21CeCaCo.9
   4276.0650000000    0.0005000   0.0005000    0 1 0 2 0 2 10  7 s A2"  68    0 0 0 0 0 0  9  6 s A2'   2        21CeCaCo.10
   4276.1166000000    0.0005000   0.0005000    0 1 1 0 1 0  6  0 s  E' 103    0 0 0 0 0 0  7  1 s  E"   5        21CeCaCo.11
   4276.1407000000    0.0005000   0.0005000    0 1 0 2 0 0  7  0 s A2'  53    0 0 0 0 0 0  6  0 a A2"   3        21CeCaCo.12
   4276.2435000000    0.0005000   0.0005000    0 1 0 2 0 2  9  7 a A2'  63    0 0 0 0 0 0  9  9 s A2"   1        21CeCaCo.13
   4276.2678000000    0.0005000   0.0005000    0 2 0 2 0 0  6  0 a A2"  92    0 1 0 0 0 0  5  0 s A2'   4        21CeCaCo.14
   4276.4330000000    0.0005000   0.0005000    0 2 0 2 0 0  5  2 a  E" 148    0 1 0 0 0 0  4  2 s  E'   5        21CeCaCo.15
   4276.6050000000    0.0005000   0.0005000    0 1 0 2 0 0  7  1 s  E" 100    0 0 0 0 0 0  6  1 a  E'   4        21CeCaCo.16
   4276.8254000000    0.0005000   0.0005000    1 1 0 0 0 0 10 10 s  E' 129    0 0 0 0 0 0 10 10 a  E"   1        21CeCaCo.17
   4276.8663000000    0.0005000   0.0005000    0 1 1 0 1 0 11 11 a A2'  77    0 0 0 0 0 0 12 12 a A2"   1        21CeCaCo.18
   4276.8829000000    0.0005000   0.0005000    0 1 0 2 0 0  7  3 s A2"  46    0 0 0 0 0 0  6  3 a A2'   2        21CeCaCo.19
   4277.0622000000    0.0005000   0.0005000    0 1 1 0 1 0  5  5 a  E'  82    0 0 0 0 0 0  6  4 a  E"   2        21CeCaCo.20
   4277.1074000000    0.0005000   0.0005000    0 0 1 1 1 1  9  8 a  E" 189    0 1 0 0 0 0  8  8 s  E'   7        21CeCaCo.21
   4277.1543000000    0.0005000   0.0005000    0 1 0 2 0 2 11 10 a A2"  63    0 0 0 0 0 0 10  9 a A2'   1        21CeCaCo.22
   4277.3441000000    0.0005000   0.0005000    0 3 1 0 1 0  5  3 s  E" 189    0 2 0 0 0 0  5  4 s  E'   9        21CeCaCo.23
   4277.7456000000    0.0005000   0.0005000    0 1 0 2 0 0  5  1 a  E'  75    0 0 0 0 0 0  4  1 s  E"   3        21CeCaCo.24
   4277.8590000000    0.0005000   0.0005000    1 1 0 0 0 0 12  9 s A2"  86    0 0 0 0 0 0 12  9 a A2'   2        21CeCaCo.25
   4277.9814000000    0.0005000   0.0005000    1 1 0 0 0 0 11  9 s A2"  71    0 0 0 0 0 0 11  9 a A2'   1        21CeCaCo.26
   4278.0324000000    0.0005000   0.0005000    0 2 1 0 1 0  5  2 a A2"  72    0 1 0 0 0 0  6  3 a A2'   4        21CeCaCo.27
   4278.0697000000    0.0005000   0.0005000    0 1 1 0 1 0  8  4 a  E" 133    0 0 0 0 0 0  9  5 a  E'   3        21CeCaCo.28
   4278.0979000000    0.0005000   0.0005000    0 1 1 0 1 0  7  3 s  E" 118    0 0 0 0 0 0  8  4 s  E'   4        21CeCaCo.29
   4278.2701000000    0.0005000   0.0005000    0 1 0 2 0 2  8  5 s A2"  58    0 0 0 0 0 0  7  3 a A2'   2        21CeCaCo.30
   4278.3105000000    0.0005000   0.0005000    0 2 1 0 1 0  3  0 s  E'  94    0 1 0 0 0 0  2  1 s  E"   3        21CeCaCo.31
   4278.4381000000    0.0005000   0.0005000    0 1 0 2 0 2 10  6 a  E" 136    0 0 0 0 0 0 10  8 s  E'   2        21CeCaCo.32
   4278.7620000000    0.0005000   0.0005000    0 1 0 2 0 2  9  6 a  E" 125    0 0 0 0 0 0  9  7 a  E'   2        21CeCaCo.33
   4278.8657000000    0.0005000   0.0005000    0 1 0 2 0 2  5  2 a  E"  77    0 0 0 0 0 0  4  1 a  E'   3        21CeCaCo.34
   4278.9186000000    0.0005000   0.0005000    1 1 0 0 0 0 10  9 s A2"  69    0 0 0 0 0 0 10  9 a A2'   1        21CeCaCo.35
   4278.9842000000    0.0005000   0.0005000    0 1 0 2 0 2  8  4 s A2'  51    0 0 0 0 0 0  7  3 s A2"   2        21CeCaCo.36
   4279.0730000000    0.0005000   0.0005000    0 1 0 2 0 2  6  4 a  E"  86    0 0 0 0 0 0  5  1 a  E'   4        21CeCaCo.37
   4279.1546000000    0.0005000   0.0005000    0 1 1 0 1 0  7  0 a  E" 122    0 0 0 0 0 0  8  2 s  E'   5        21CeCaCo.38
   4279.1792000000    0.0005000   0.0005000    0 1 1 0 1 0  7  1 s A2"  55    0 0 0 0 0 0  8  3 a A2'   2        21CeCaCo.39
   4279.2769000000    0.0008000   0.0008000    0 1 1 1 1 1  6  4 s A2' 113    0 0 0 1 0 1  7  5 s A2"   6        21CeCaCo.40
   4279.2865000000    0.0005000   0.0005000    1 1 0 0 0 0  6  3 a A2'  44    0 0 0 0 0 0  6  0 a A2"   3        21CeCaCo.41
   4279.6129000000    0.0005000   0.0005000    0 1 1 0 1 0  5  2 s A2'  47    0 0 0 0 0 0  6  0 a A2"   3        21CeCaCo.42
   4279.6238000000    0.0005000   0.0005000    0 1 0 2 0 2  8  6 a  E" 107    0 0 0 0 0 0  7  5 a  E'   2        21CeCaCo.43
   4279.8633000000    0.0005000   0.0005000    1 1 0 0 0 0 11  7 s  E" 158    0 0 0 0 0 0 11  7 a  E'   4        21CeCaCo.44
   4279.9097000000    0.0005000   0.0005000    0 1 1 0 1 0 10  9 a  E' 145    0 0 0 0 0 0 11 10 a  E"   2        21CeCaCo.45
   4279.9591000000    0.0005000   0.0005000    1 1 0 0 0 0  1  1 a  E'  22    0 0 0 0 0 0  2  1 s  E"   2        21CeCaCo.46
   4279.9626000000    0.0005000   0.0005000    1 1 0 0 0 0  9  9 s A2"  57    0 0 0 0 0 0  9  9 a A2'   1        21CeCaCo.47
   4280.2976000000    0.0005000   0.0005000    0 1 0 2 0 2  6  5 a A2'  39    0 0 0 0 0 0  5  3 s A2"   1        21CeCaCo.48
   4280.3677000000    0.0005000   0.0005000    1 1 0 0 0 0 11  8 s  E' 153    0 0 0 0 0 0 11  8 a  E"   3        21CeCaCo.49
   4280.4871000000    0.0005000   0.0005000    1 1 0 0 0 0 10  7 s  E" 141    0 0 0 0 0 0 10  7 a  E'   3        21CeCaCo.50
   4280.5424000000    0.0005000   0.0005000    0 1 1 0 1 0  8  6 s  E' 129    0 0 0 0 0 0  9  7 s  E"   2        21CeCaCo.51
   4280.8384000000    0.0005000   0.0005000    1 1 0 0 0 0 10  8 s  E' 137    0 0 0 0 0 0 10  8 a  E"   2        21CeCaCo.52
   4280.8923000000    0.0005000   0.0005000    0 2 1 0 1 0  6  6 s  E' 156    0 1 0 0 0 0  5  5 s  E"   5        21CeCaCo.53
   4281.3151000000    0.0005000   0.0005000    0 2 1 0 1 0  4  2 s  E' 123    0 1 0 0 0 0  3  1 s  E"   3        21CeCaCo.54
   4281.3720000000    0.0005000   0.0005000    0 1 0 2 0 2 10  4 a A2"  76    0 0 0 0 0 0 10  6 s A2'   2        21CeCaCo.55
   4281.4776000000    0.0005000   0.0005000    1 2 0 0 0 0  0  0 a A2"  13    0 1 0 0 0 0  1  0 s A2'   2        21CeCaCo.56
   4281.5841000000    0.0005000   0.0005000    1 1 0 0 0 0  9  8 s  E' 120    0 0 0 0 0 0  9  8 a  E"   1        21CeCaCo.57
   4281.9718000000    0.0005000   0.0005000    0 1 1 0 1 0  5  2 s  E'  85    0 0 0 0 0 0  6  1 s  E"   4        21CeCaCo.58
   4282.1939000000    0.0005000   0.0005000    0 2 1 0 1 0  5  4 s A2'  78    0 1 0 0 0 0  4  3 s A2"   3        21CeCaCo.59
   4282.2268000000    0.0005000   0.0005000    1 1 0 0 0 0  8  8 s  E' 109    0 0 0 0 0 0  8  8 a  E"   1        21CeCaCo.60
   4282.3047000000    0.0005000   0.0005000    1 1 0 0 0 0 11  6 s A2'  85    0 0 0 0 0 0 11  6 a A2"   2        21CeCaCo.61
   4282.5612000000    0.0005000   0.0005000    0 1 0 2 0 0  9  4 s  E' 125    0 0 0 0 0 0  9  7 s  E"   2        21CeCaCo.62
   4282.5841000000    0.0007000   0.0007000    0 1 0 2 0 2  8  8 a A2"  55    0 0 0 0 0 0  7  6 s A2'   1        21CeCaCo.63
   4282.8978000000    0.0005000   0.0005000    0 1 1 0 1 0  9  7 a  E' 141    0 0 0 0 0 0 10  8 a  E"   2        21CeCaCo.64
   4283.0184000000    0.0005000   0.0005000    0 1 0 2 0 0  5  1 s  E"  72    0 0 0 0 0 0  4  4 s  E'   1        21CeCaCo.65
   4283.1734000000    0.0005000   0.0005000    0 1 1 0 1 0  5  3 a  E'  86    0 0 0 0 0 0  6  1 s  E"   4        21CeCaCo.66
   4283.1734100000    0.0005000   0.0005000    0 1 0 2 0 2  4  0 a  E"  63    0 0 0 0 0 0  3  1 a  E'   2        21CeCaCo.67
   4283.2244000000    0.0005000   0.0005000    0 1 0 2 0 0  5  2 a  E"  76    0 0 0 0 0 0  4  2 s  E'   2        21CeCaCo.68
   4283.2244100000    0.0005000   0.0005000    0 1 1 0 1 0  9  9 s  E" 128    0 0 0 0 0 0 10 10 s  E'   1        21CeCaCo.69
   4283.4245000000    0.0005000   0.0005000    1 1 0 0 0 0 10  6 s A2'  70    0 0 0 0 0 0 10  6 a A2"   2        21CeCaCo.70
   4283.6303000000    0.0005000   0.0005000    0 2 1 0 1 0  7  7 a  E' 207    0 1 0 0 0 0  8  8 a  E"   7        21CeCaCo.71
   4283.6438000000    0.0005000   0.0005000    0 1 1 0 1 0  5  4 a A2"  37    0 0 0 0 0 0  6  3 a A2'   2        21CeCaCo.72
   4283.6821000000    0.0005000   0.0005000    0 1 0 2 0 0  7  2 s  E'  99    0 0 0 0 0 0  6  2 a  E"   3        21CeCaCo.73
   4283.6965000000    0.0005000   0.0005000    1 1 0 0 0 0 10  7 s  E" 143    0 0 0 0 0 0 10  7 a  E'   3        21CeCaCo.74
   4283.7642000000    0.0005000   0.0005000    0 1 1 0 1 0  7  2 a A2"  56    0 0 0 0 0 0  8  3 a A2'   2        21CeCaCo.75
   4283.7746000000    0.0005000   0.0005000    1 1 0 0 0 0  9  7 s  E" 126    0 0 0 0 0 0  9  7 a  E'   2        21CeCaCo.76
   4283.7978000000    0.0005000   0.0005000    0 2 1 0 1 0  4  0 a  E" 129    0 1 0 0 0 0  5  1 a  E'   8        21CeCaCo.77
   4283.8942000000    0.0005000   0.0005000    0 1 1 0 1 0  6  1 s  E" 102    0 0 0 0 0 0  7  2 s  E'   4        21CeCaCo.78
   4284.1935000000    0.0006000   0.0006000    1 1 0 0 0 0 10  5 s  E" 152    0 0 0 0 0 0 10  5 a  E'   4        21CeCaCo.79
   4284.4624000000    0.0005000   0.0005000    0 1 0 2 0 2  5  2 s A2'  41    0 0 0 0 0 0  4  3 s A2"   1        21CeCaCo.80
   4284.5050000000    0.0005000   0.0005000    0 2 1 0 1 0  6  5 a A2'  86    0 1 0 0 0 0  7  6 a A2"   3        21CeCaCo.81
   4284.5573000000    0.0005000   0.0005000    0 1 0 2 0 2  7  2 s  E' 101    0 0 0 0 0 0  6  1 s  E"   4        21CeCaCo.82
   4284.6038000000    0.0005000   0.0005000    0 1 0 2 0 2  8  7 a  E' 110    0 0 0 0 0 0  8  8 a  E"   1        21CeCaCo.83
   4284.6534000000    0.0005000   0.0005000    1 1 0 0 0 0  8  7 s  E" 112    0 0 0 0 0 0  8  7 a  E'   2        21CeCaCo.84
   4284.6691000000    0.0005000   0.0005000    1 1 0 0 0 0  9  6 s A2'  70    0 0 0 0 0 0  9  6 a A2"   2        21CeCaCo.85
   4284.7348000000    0.0005000   0.0005000    0 2 1 0 1 0  3  3 a  E'  96    0 1 0 0 0 0  4  2 a  E"   6        21CeCaCo.86
   4284.9810000000    0.0005000   0.0005000    0 1 0 2 0 2  6  1 s  E"  87    0 0 0 0 0 0  5  1 a  E'   4        21CeCaCo.87
   4285.0040000000    0.0005000   0.0005000    0 3 1 0 1 0  2  2 s  E'  86    0 2 0 0 0 0  1  1 s  E"   3        21CeCaCo.88
   4285.3957000000    0.0005000   0.0005000    0 1 0 2 0 2  4  1 a  E'  63    0 0 0 0 0 0  3  1 s  E"   2        21CeCaCo.89
   4285.4520000000    0.0005000   0.0005000    1 1 0 0 0 0  7  7 s  E"  97    0 0 0 0 0 0  7  7 a  E'   1        21CeCaCo.90
   4285.5343000000    0.0005000   0.0005000    1 1 0 0 0 0 10  4 s  E' 156    0 0 0 0 0 0 10  4 a  E"   5        21CeCaCo.91
   4285.5544000000    0.0005000   0.0005000    1 2 0 0 0 0  8  6 a A2" 118    0 1 0 0 0 0  8  6 s A2'   3        21CeCaCo.92
   4285.6272000000    0.0005000   0.0005000    1 1 0 0 0 0  9  5 s  E" 136    0 0 0 0 0 0  9  5 a  E'   3        21CeCaCo.93
   4285.6938000000    0.0005000   0.0005000    1 1 0 0 0 0  8  6 s A2'  53    0 0 0 0 0 0  8  6 a A2"   1        21CeCaCo.94
   4286.1251000000    0.0005000   0.0005000    0 1 1 0 1 0  7  4 s  E' 116    0 0 0 0 0 0  8  5 s  E"   3        21CeCaCo.95
   4286.1527000000    0.0005000   0.0005000    1 2 0 0 0 0  6  3 a A2'  85    0 1 0 0 0 0  6  3 s A2"   5        21CeCaCo.96
   4286.4527000000    0.0005000   0.0005000    0 1 1 0 1 0  6  0 s  E' 103    0 0 0 0 0 0  7  2 a  E"   4        21CeCaCo.97
   4286.4691000000    0.0005000   0.0005000    0 2 1 0 1 0  3  1 s  E"  96    0 1 0 0 0 0  2  2 s  E'   3        21CeCaCo.98
   4286.4936000000    0.0005000   0.0005000    1 1 0 0 0 0  9  4 s  E' 139    0 0 0 0 0 0  9  4 a  E"   4        21CeCaCo.99
   4286.5679000000    0.0005000   0.0005000    1 1 0 0 0 0  7  6 s A2'  54    0 0 0 0 0 0  7  6 a A2"   1        21CeCaCo.100
   4286.8846000000    0.0005000   0.0005000    1 1 0 0 0 0  8  5 s  E" 122    0 0 0 0 0 0  8  5 a  E'   3        21CeCaCo.101
   4287.1462000000    0.0005000   0.0005000    1 1 0 0 0 0  9  3 s A2"  69    0 0 0 0 0 0  9  3 a A2'   3        21CeCaCo.102
   4287.1700000000    0.0005000   0.0005000    0 1 1 0 1 0  8  5 a A2'  60    0 0 0 0 0 0  9  6 a A2"   2        21CeCaCo.103
   4287.3607000000    0.0005000   0.0005000    0 1 0 2 0 2  9  7 a A2'  63    0 0 0 0 0 0  8  6 a A2"   1        21CeCaCo.104
   4287.3607100000    0.0005000   0.0005000    0 2 1 0 1 0  5  3 a  E' 157    0 1 0 0 0 0  6  4 a  E"   6        21CeCaCo.105
   4287.5062000000    0.0019000   0.0019000    1 1 0 0 0 0 15 14 a  E" 184    0 0 0 0 0 0 15 14 s  E'   1        21CeCaCo.106
   4287.5722000000    0.0005000   0.0005000    1 1 0 0 0 0  6  6 s A2'  41    0 0 0 0 0 0  6  6 a A2"   1        21CeCaCo.107
   4287.6217000000    0.0005000   0.0005000    0 1 0 2 0 0  7  3 a A2'  55    0 0 0 0 0 0  7  6 a A2"   1        21CeCaCo.108
   4287.6389000000    0.0005000   0.0005000    0 1 1 0 1 0  4  4 s A2'  30    0 0 0 0 0 0  5  3 s A2"   1        21CeCaCo.109
   4287.6711000000    0.0005000   0.0005000    1 1 0 0 0 0  8  4 s  E' 125    0 0 0 0 0 0  8  4 a  E"   4        21CeCaCo.110
   4287.8291000000    0.0005000   0.0005000    1 1 0 0 0 0  7  5 s  E" 106    0 0 0 0 0 0  7  5 a  E'   2        21CeCaCo.111
   4287.9174000000    0.0005000   0.0005000    0 1 1 0 1 0  6  1 a  E' 104    0 0 0 0 0 0  7  1 s  E"   5        21CeCaCo.112
   4287.9583000000    0.0005000   0.0005000    0 1 0 2 0 0  8  6 s A2'  50    0 0 0 0 0 0  7  6 a A2"   1        21CeCaCo.113
   4288.0054000000    0.0005000   0.0005000    0 1 0 2 0 2  6  3 a  E'  87    0 0 0 0 0 0  5  2 a  E"   3        21CeCaCo.114
   4288.0973000000    0.0009000   0.0009000    0 1 0 2 0 0  5  1 a  E'  75    0 0 0 0 0 0  4  2 a  E"   2        21CeCaCo.115
   4288.1827000000    0.0005000   0.0005000    0 1 0 2 0 2  9  1 s  E" 137    0 0 0 0 0 0  9  5 a  E'   3        21CeCaCo.116
   4288.2347000000    0.0005000   0.0005000    1 1 0 0 0 0  8  3 s A2"  67    0 0 0 0 0 0  8  3 a A2'   2        21CeCaCo.117
   4288.3616000000    0.0005000   0.0005000    0 1 0 2 0 2  9  7 a  E' 122    0 0 0 0 0 0  9  8 a  E"   1        21CeCaCo.118
   4288.4225000000    0.0005000   0.0005000    0 1 0 2 0 2 11  4 a A2"  77    0 0 0 0 0 0 11  6 s A2'   2        21CeCaCo.119
   4288.6338000000    0.0005000   0.0005000    1 1 0 0 0 0  7  4 s  E' 108    0 0 0 0 0 0  7  4 a  E"   3        21CeCaCo.120
   4288.6525000000    0.0005000   0.0005000    1 1 0 0 0 0  8  2 s  E' 128    0 0 0 0 0 0  8  2 a  E"   5        21CeCaCo.121
   4288.6841000000    0.0005000   0.0005000    1 1 0 0 0 0  6  5 s  E"  90    0 0 0 0 0 0  6  5 a  E'   1        21CeCaCo.122
   4288.7679000000    0.0005000   0.0005000    0 1 1 0 1 0  8  7 s  E" 124    0 0 0 0 0 0  9  8 s  E'   1        21CeCaCo.123
   4288.8422000000    0.0005000   0.0005000    0 1 0 2 0 0  8  4 a  E" 114    0 0 0 0 0 0  7  1 a  E'   5        21CeCaCo.124
   4288.9110000000    0.0005000   0.0005000    1 1 0 0 0 0  8  1 s  E" 126    0 0 0 0 0 0  8  1 a  E'   6        21CeCaCo.125
   4288.9404000000    0.0005000   0.0005000    0 1 0 2 0 2  5  3 a  E'  76    0 0 0 0 0 0  4  1 s  E"   3        21CeCaCo.126
   4288.9692000000    0.0009000   0.0009000    0 1 0 2 0 2 11  7 a A2'  78    0 0 0 0 0 0 11  9 s A2"   1        21CeCaCo.127
   4289.1635000000    0.0005000   0.0005000    0 1 0 2 0 2  9  5 s  E" 122    0 0 0 0 0 0  8  4 s  E'   4        21CeCaCo.128
   4289.1906000000    0.0005000   0.0005000    0 1 0 2 0 2  6  2 s A2'  42    0 0 0 0 0 0  6  6 a A2"   1        21CeCaCo.129
   4289.2231000000    0.0005000   0.0005000    1 2 0 0 0 0  5  2 a  E" 154    0 1 0 0 0 0  5  2 s  E'   7        21CeCaCo.130
   4289.2394000000    0.0005000   0.0005000    1 1 0 0 0 0  7  3 s A2"  52    0 0 0 0 0 0  7  3 a A2'   2        21CeCaCo.131
   4289.4003000000    0.0005000   0.0005000    1 1 0 0 0 0  5  5 s  E"  78    0 0 0 0 0 0  5  5 a  E'   1        21CeCaCo.132
   4289.5277000000    0.0005000   0.0005000    1 1 0 0 0 0  6  4 s  E'  93    0 0 0 0 0 0  6  4 a  E"   2        21CeCaCo.133
   4289.5568000000    0.0005000   0.0005000    1 2 0 0 0 0  6  4 a  E" 177    0 1 0 0 0 0  6  4 s  E'   6        21CeCaCo.134
   4289.6713000000    0.0005000   0.0005000    1 1 0 0 0 0  7  2 s  E' 111    0 0 0 0 0 0  7  2 a  E"   4        21CeCaCo.135
   4289.9268000000    0.0005000   0.0005000    1 1 0 0 0 0  7  1 s  E" 110    0 0 0 0 0 0  7  1 a  E'   5        21CeCaCo.136
   4290.1513000000    0.0006000   0.0006000    0 1 1 0 1 0 10 10 a  E" 138    0 0 0 0 0 0 11 11 a  E'   1        21CeCaCo.137
   4290.1567000000    0.0005000   0.0005000    1 1 0 0 0 0  6  3 s A2"  52    0 0 0 0 0 0  6  3 a A2'   2        21CeCaCo.138
   4290.2236000000    0.0005000   0.0005000    0 2 1 0 1 0  7  7 s A2"  81    0 1 0 0 0 0  6  6 s A2'   3        21CeCaCo.139
   4290.2865000000    0.0005000   0.0005000    1 1 0 0 0 0  5  4 s  E'  79    0 0 0 0 0 0  5  4 a  E"   2        21CeCaCo.140
   4290.3373000000    0.0005000   0.0005000    0 1 1 0 1 0  6  0 a  E" 105    0 0 0 0 0 0  7  1 a  E'   5        21CeCaCo.141
   4290.3627000000    0.0005000   0.0005000    0 1 0 2 0 0  8  3 a A2'  54    0 0 0 0 0 0  8  6 a A2"   1        21CeCaCo.142
   4290.4766000000    0.0005000   0.0005000    0 1 1 0 1 0  5  3 a  E'  84    0 0 0 0 0 0  6  2 a  E"   3        21CeCaCo.143
   4290.4806000000    0.0005000   0.0005000    0 2 1 0 1 0  4  1 s A2"  66    0 1 0 0 0 0  3  0 s A2'   3        21CeCaCo.144
   4290.5943000000    0.0006000   0.0006000    1 1 0 0 0 0  6  2 s  E'  94    0 0 0 0 0 0  6  2 a  E"   3        21CeCaCo.145
   4290.6165000000    0.0005000   0.0005000    0 1 1 0 1 0 10  9 s  E" 144    0 0 0 0 0 0 10  7 a  E'   3        21CeCaCo.146
   4290.7659000000    0.0005000   0.0005000    0 1 0 2 0 2  6  4 a  E"  86    0 0 0 0 0 0  5  2 s  E'   3        21CeCaCo.147
   4290.8530000000    0.0005000   0.0005000    1 1 0 0 0 0  6  1 s  E"  93    0 0 0 0 0 0  6  1 a  E'   4        21CeCaCo.148
   4290.9042000000    0.0005000   0.0005000    1 1 0 0 0 0  4  4 s  E'  64    0 0 0 0 0 0  4  4 a  E"   1        21CeCaCo.149
   4290.9397000000    0.0005000   0.0005000    1 1 0 0 0 0  5  3 s A2"  35    0 0 0 0 0 0  5  3 a A2'   1        21CeCaCo.150
   4291.1283000000    0.0005000   0.0005000    1 2 0 0 0 0  9  8 a  E" 235    0 1 0 0 0 0  9  8 s  E'   7        21CeCaCo.151
   4291.1592000000    0.0005000   0.0005000    0 1 0 2 0 0 10  4 s  E' 142    0 0 0 0 0 0 10  7 s  E"   3        21CeCaCo.152
   4291.1911000000    0.0005000   0.0005000    0 1 0 2 0 0  5  1 s  E"  73    0 0 0 0 0 0  4  4 s  E'   1        21CeCaCo.153
   4291.2147000000    0.0007000   0.0007000    0 2 1 0 1 0  3  2 a  E"  99    0 1 0 0 0 0  4  1 a  E'   6        21CeCaCo.154
   4291.3440000000    0.0005000   0.0005000    0 3 1 0 1 0  2  1 s A2"  47    0 2 0 0 0 0  1  0 s A2'   3        21CeCaCo.155
   4291.3907000000    0.0005000   0.0005000    1 1 0 0 0 0  5  2 s  E'  80    0 0 0 0 0 0  5  2 a  E"   3        21CeCaCo.156
   4291.5838000000    0.0005000   0.0005000    1 1 0 0 0 0  4  3 s A2"  36    0 0 0 0 0 0  4  3 a A2'   1        21CeCaCo.157
   4291.6562000000    0.0005000   0.0005000    1 1 0 0 0 0  5  1 s  E"  81    0 0 0 0 0 0  5  1 a  E'   4        21CeCaCo.158
   4291.7137000000    0.0005000   0.0005000    0 1 1 0 1 0  6  2 s A2'  47    0 0 0 0 0 0  7  3 s A2"   2        21CeCaCo.159
   4291.8570000000    0.0010000   0.0010000    0 1 1 0 1 0  9  9 s  E" 128    0 0 0 0 0 0  9  7 a  E'   2        21CeCaCo.160
   4291.8961000000    0.0005000   0.0005000    0 1 0 2 0 2  7  3 s  E" 101    0 0 0 0 0 0  6  1 a  E'   4        21CeCaCo.161
   4291.9738000000    0.0005000   0.0005000    0 2 1 0 1 0  4  1 a  E' 129    0 1 0 0 0 0  5  2 a  E"   8        21CeCaCo.162
   4292.0498000000    0.0005000   0.0005000    1 1 0 0 0 0  4  2 s  E'  65    0 0 0 0 0 0  4  2 a  E"   2        21CeCaCo.163
   4292.0884000000    0.0005000   0.0005000    1 1 0 0 0 0  3  3 s A2"  22    0 0 0 0 0 0  3  3 a A2'   1        21CeCaCo.164
   4292.1969000000    0.0005000   0.0005000    0 1 1 0 1 0  7  3 a  E' 118    0 0 0 0 0 0  8  4 a  E"   4        21CeCaCo.165
   4292.3224000000    0.0005000   0.0005000    1 1 0 0 0 0  4  1 s  E"  65    0 0 0 0 0 0  4  1 a  E'   3        21CeCaCo.166
   4292.3224100000    0.0005000   0.0005000    0 2 1 0 1 0  6  5 s  E" 163    0 1 0 0 0 0  5  4 s  E'   5        21CeCaCo.167
   4292.4291000000    0.0005000   0.0005000    0 1 0 2 0 0  6  5 a  E'  83    0 0 0 0 0 0  5  5 s  E"   1        21CeCaCo.168
   4292.5692000000    0.0005000   0.0005000    1 1 0 0 0 0  3  2 s  E'  49    0 0 0 0 0 0  3  2 a  E"   1        21CeCaCo.169
   4292.5976000000    0.0005000   0.0005000    0 1 0 2 0 2  8  4 s  E' 114    0 0 0 0 0 0  7  2 a  E"   4        21CeCaCo.170
   4292.6512000000    0.0005000   0.0005000    0 2 1 0 1 0  5  3 s  E" 149    0 1 0 0 0 0  4  2 s  E'   5        21CeCaCo.171
   4292.8501000000    0.0005000   0.0005000    1 1 0 0 0 0  3  1 s  E"  50    0 0 0 0 0 0  3  1 a  E'   2        21CeCaCo.172
   4292.9027000000    0.0005000   0.0005000    1 1 0 0 0 0  7  6 s A2'  54    0 0 0 0 0 0  6  0 a A2"   3        21CeCaCo.173
   4292.9527000000    0.0005000   0.0005000    1 1 0 0 0 0  2  2 s  E'  37    0 0 0 0 0 0  2  2 a  E"   1        21CeCaCo.174
   4293.0046000000    0.0005000   0.0005000    0 1 1 0 1 0  7  1 a A2'  66    0 0 0 0 0 0  8  3 s A2"   2        21CeCaCo.175
   4293.0046100000    0.0005000   0.0005000    1 2 0 0 0 0  7  6 a A2"  97    0 1 0 0 0 0  7  6 s A2'   4        21CeCaCo.176
   4293.1096000000    0.0005000   0.0005000    0 1 1 0 1 0  9  8 a A2"  65    0 0 0 0 0 0 10  9 a A2'   1        21CeCaCo.177
   4293.2401000000    0.0005000   0.0005000    1 1 0 0 0 0  2  1 s  E"  36    0 0 0 0 0 0  2  1 a  E'   2        21CeCaCo.178
   4293.2401100000    0.0005000   0.0005000    0 1 1 0 1 0  7  2 s  E' 119    0 0 0 0 0 0  8  4 a  E"   4        21CeCaCo.179
   4293.3187000000    0.0005000   0.0005000    0 1 0 2 0 2  5  1 a A2'  42    0 0 0 0 0 0  4  0 a A2"   2        21CeCaCo.180
   4293.3697000000    0.0005000   0.0005000    1 1 0 0 0 0 12  9 a A2'  80    0 0 0 0 0 0 12  9 s A2"   2        21CeCaCo.181
   4293.4968000000    0.0005000   0.0005000    1 1 0 0 0 0  1  1 s  E"  22    0 0 0 0 0 0  1  1 a  E'   1        21CeCaCo.182
   4293.6673000000    0.0005000   0.0005000    0 1 1 0 1 0  5  1 s  E"  87    0 0 0 0 0 0  6  1 a  E'   4        21CeCaCo.183
   4293.8521000000    0.0005000   0.0005000    0 1 0 2 0 2 10  8 a  E" 128    0 0 0 0 0 0  9  7 a  E'   2        21CeCaCo.184
   4293.9221000000    0.0005000   0.0005000    1 2 0 0 0 0  4  2 a  E" 124    0 1 0 0 0 0  4  2 s  E'   5        21CeCaCo.185
   4293.9568000000    0.0005000   0.0005000    0 1 0 2 0 0  7  3 a A2'  55    0 0 0 0 0 0  6  0 a A2"   3        21CeCaCo.186
   4293.9842000000    0.0005000   0.0005000    0 2 0 2 0 0  6  4 a  E" 164    0 1 0 0 0 0  5  4 s  E'   5        21CeCaCo.187
   4294.0916000000    0.0005000   0.0005000    1 2 0 0 0 0  6  5 a  E' 177    0 1 0 0 0 0  6  5 s  E"   5        21CeCaCo.188
   4294.1617000000    0.0005000   0.0005000    0 0 1 1 1 1 10  9 a A2'  97    0 1 0 0 0 0  9  9 s A2"   4        21CeCaCo.189
   4294.2419000000    0.0005000   0.0005000    0 1 1 0 1 0  7  5 s A2"  53    0 0 0 0 0 0  8  6 s A2'   1        21CeCaCo.190
   4294.4597000000    0.0005000   0.0005000    0 1 0 2 0 0  8  4 s  E' 111    0 0 0 0 0 0  7  4 a  E"   3        21CeCaCo.191
   4294.4778000000    0.0005000   0.0005000    0 1 0 2 0 2  6  0 s  E'  88    0 0 0 0 0 0  5  2 a  E"   3        21CeCaCo.192
   4294.7559000000    0.0005000   0.0005000    1 1 0 0 0 0 13 12 a A2"  79    0 0 0 0 0 0 13 12 s A2'   1        21CeCaCo.193
   4294.7990000000    0.0005000   0.0005000    1 1 0 0 0 0 14 13 a  E' 175    0 0 0 0 0 0 14 13 s  E"   2        21CeCaCo.194
   4294.9854000000    0.0005000   0.0005000    0 1 0 2 0 0 10  5 s  E" 139    0 0 0 0 0 0 11 11 a  E'   1        21CeCaCo.195
   4295.0310000000    0.0005000   0.0005000    0 1 0 2 0 2  4  0 a  E"  63    0 0 0 0 0 0  3  2 s  E'   1        21CeCaCo.196
   4295.0810000000    0.0005000   0.0005000    0 1 0 2 0 2  9  8 a A2"  58    0 0 0 0 0 0  9  9 a A2'   1        21CeCaCo.197
   4295.2536000000    0.0005000   0.0005000    1 2 0 0 0 0  5  4 a  E" 153    0 1 0 0 0 0  5  4 s  E'   5        21CeCaCo.198
   4295.3738000000    0.0005000   0.0005000    0 1 1 0 1 0  4  3 s  E"  68    0 0 0 0 0 0  5  2 s  E'   3        21CeCaCo.199
   4295.5226000000    0.0005000   0.0005000    0 1 0 2 0 0  6  4 a  E"  83    0 0 0 0 0 0  5  4 s  E'   2        21CeCaCo.200
   4295.6610000000    0.0005000   0.0005000    1 1 0 0 0 0 12 10 a  E" 158    0 0 0 0 0 0 12 10 s  E'   2        21CeCaCo.201
   4295.7483000000    0.0005000   0.0005000    0 1 0 2 0 2  4  1 a  E'  63    0 0 0 0 0 0  3  2 a  E"   1        21CeCaCo.202
   4295.8114000000    0.0005000   0.0005000    0 2 1 0 1 0  6  6 a  E" 180    0 1 0 0 0 0  7  7 a  E'   6        21CeCaCo.203
   4296.2354000000    0.0010000   0.0010000    0 1 1 1 1 1  6  6 s A2' 110    0 0 0 1 0 1  7  7 s A2"   5        21CeCaCo.204
   4296.3115000000    0.0005000   0.0005000    1 1 0 0 0 0 14 14 a  E" 168    0 0 0 0 0 0 14 14 s  E'   1        21CeCaCo.205
   4296.4163000000    0.0005000   0.0005000    0 4 0 1 0 1  7  7 s A2"  82    0 1 0 0 0 0  6  6 s A2'   3        21CeCaCo.206
   4296.4861000000    0.0005000   0.0005000    1 2 0 0 0 0  4  3 a A2'  57    0 1 0 0 0 0  4  3 s A2"   3        21CeCaCo.207
   4296.5412000000    0.0005000   0.0005000    0 3 1 0 1 0  3  3 s  E" 117    0 2 0 0 0 0  2  2 s  E'   5        21CeCaCo.208
   4296.6224000000    0.0006000   0.0006000    1 1 0 0 0 0  8  6 a A2"  62    0 0 0 0 0 0  9  9 a A2'   1        21CeCaCo.209
   4296.6529000000    0.0005000   0.0005000    0 1 1 0 1 0  8  6 a  E" 129    0 0 0 0 0 0  9  7 a  E'   2        21CeCaCo.210
   4296.7109000000    0.0005000   0.0005000    1 1 0 0 0 0  9  7 a  E' 128    0 0 0 0 0 0 10 10 a  E"   1        21CeCaCo.211
   4296.8791000000    0.0005000   0.0005000    0 1 0 2 0 0  6  2 a  E"  88    0 0 0 0 0 0  5  1 a  E'   4        21CeCaCo.212
   4296.8791100000    0.0005000   0.0005000    0 2 0 2 0 2  6  4 a  E" 172    0 1 0 0 0 0  5  2 s  E'   7        21CeCaCo.213
   4297.0146000000    0.0005000   0.0005000    0 1 1 0 1 0  8  8 s A2'  56    0 0 0 0 0 0  9  9 s A2"   1        21CeCaCo.214
   4297.3203000000    0.0005000   0.0005000    0 2 1 0 1 0  5  4 a  E" 156    0 1 0 0 0 0  6  5 a  E'   5        21CeCaCo.215
   4297.4443000000    0.0005000   0.0005000    0 1 1 0 1 0  5  0 s  E'  87    0 0 0 0 0 0  6  1 s  E"   4        21CeCaCo.216
   4297.5521000000    0.0006000   0.0006000    0 1 1 0 1 0 14 13 s A2"  94    0 0 0 0 0 0 14 12 s A2'   1        21CeCaCo.217
   4297.5699000000    0.0005000   0.0005000    0 1 1 0 1 0  5  2 a  E"  88    0 0 0 0 0 0  6  1 a  E'   4        21CeCaCo.218
   4297.7444000000    0.0005000   0.0005000    0 1 0 2 0 2  7  4 a A2"  47    0 0 0 0 0 0  6  3 a A2'   2        21CeCaCo.219
   4297.7889000000    0.0005000   0.0005000    1 2 0 0 0 0  3  2 a  E"  97    0 1 0 0 0 0  3  2 s  E'   3        21CeCaCo.220
   4297.9757000000    0.0005000   0.0005000    1 1 0 0 0 0 12 11 a  E' 152    0 0 0 0 0 0 12 11 s  E"   1        21CeCaCo.221
   4298.0300000000    0.0005000   0.0005000    0 1 0 2 0 0  6  3 a A2'  40    0 0 0 0 0 0  5  3 s A2"   1        21CeCaCo.222
   4298.1663000000    0.0005000   0.0005000    0 2 1 0 1 0  3  1 a A2'  57    0 1 0 0 0 0  4  0 a A2"   4        21CeCaCo.223
   4298.2301000000    0.0005000   0.0005000    1 1 0 0 0 0 10  8 a  E" 140    0 0 0 0 0 0 11 11 a  E'   1        21CeCaCo.224
   4298.2543000000    0.0005000   0.0005000    0 1 1 0 1 0  6  1 a  E' 104    0 0 0 0 0 0  7  2 a  E"   4        21CeCaCo.225
   4298.6806000000    0.0005000   0.0005000    0 1 0 2 0 2 10  6 s  E' 135    0 0 0 0 0 0  9  5 s  E"   3        21CeCaCo.226
   4298.8221000000    0.0005000   0.0005000    0 2 1 0 1 0  8  8 s  E' 186    0 1 0 0 0 0  7  7 s  E"   6        21CeCaCo.227
   4298.8582000000    0.0005000   0.0005000    0 1 0 2 0 0  6  1 a  E'  89    0 0 0 0 0 0  5  1 s  E"   4        21CeCaCo.228
   4298.9194000000    0.0005000   0.0005000    0 1 0 2 0 0  8  5 s  E" 109    0 0 0 0 0 0  7  5 a  E'   2        21CeCaCo.229
   4299.1640000000    0.0005000   0.0005000    1 2 0 0 0 0  2  1 a  E'  71    0 1 0 0 0 0  2  1 s  E"   3        21CeCaCo.230
   4299.2174000000    0.0005000   0.0005000    1 1 0 0 0 0 13 13 a  E' 158    0 0 0 0 0 0 13 13 s  E"   1        21CeCaCo.231
   4299.2696000000    0.0005000   0.0005000    0 2 1 0 1 0  4  0 s  E' 124    0 1 0 0 0 0  3  1 s  E"   3        21CeCaCo.232
   4299.3081000000    0.0005000   0.0005000    0 1 1 0 1 0 13 13 s A2"  80    0 0 0 0 0 0 13 12 s A2'   1        21CeCaCo.233
   4299.7009000000    0.0005000   0.0005000    0 1 0 2 0 2 10  8 a A2"  70    0 0 0 0 0 0 10  9 a A2'   1        21CeCaCo.234
   4299.7252000000    0.0005000   0.0005000    0 1 1 0 1 0  6  3 s  E" 101    0 0 0 0 0 0  7  4 s  E'   3        21CeCaCo.235
   4299.8863000000    0.0005000   0.0005000    1 2 0 0 0 0  7  7 a  E' 193    0 1 0 0 0 0  7  7 s  E"   6        21CeCaCo.236
   4299.8969000000    0.0005000   0.0005000    1 2 0 0 0 0  6  6 a A2"  93    0 1 0 0 0 0  6  6 s A2'   3        21CeCaCo.237
   4299.9781000000    0.0011000   0.0011000    1 2 0 0 0 0  8  8 a  E" 208    0 1 0 0 0 0  8  8 s  E'   7        21CeCaCo.238
   4299.9962000000    0.0005000   0.0005000    1 2 0 0 0 0  5  5 a  E' 150    0 1 0 0 0 0  5  5 s  E"   5        21CeCaCo.239
   4300.1409000000    0.0005000   0.0005000    1 1 0 0 0 0  0  0 a A2"   9    0 0 0 0 0 0  1  0 s A2'   1        21CeCaCo.240
   4300.1744000000    0.0005000   0.0005000    1 2 0 0 0 0  4  4 a  E" 123    0 1 0 0 0 0  4  4 s  E'   4        21CeCaCo.241
   4300.1892000000    0.0005000   0.0005000    1 2 0 0 0 0  9  9 a A2' 119    0 1 0 0 0 0  9  9 s A2"   4        21CeCaCo.242
   4300.2839000000    0.0005000   0.0005000    0 1 0 2 0 0  6  0 a A2"  49    0 0 0 0 0 0  5  0 s A2'   2        21CeCaCo.243
   4300.3881000000    0.0005000   0.0005000    0 1 1 0 1 0  6  1 s A2"  56    0 0 0 0 0 0  7  3 a A2'   2        21CeCaCo.244
   4300.4286000000    0.0005000   0.0005000    1 2 0 0 0 0  3  3 a A2'  55    0 1 0 0 0 0  3  3 s A2"   2        21CeCaCo.245
   4300.5684000000    0.0005000   0.0005000    1 2 0 0 0 0 10 10 a  E" 234    0 1 0 0 0 0 10 10 s  E'   8        21CeCaCo.246
   4300.5932000000    0.0007000   0.0007000    0 2 1 0 1 0  8  8 s  E' 187    0 1 0 0 0 0  7  7 s  E"   6        21CeCaCo.247
   4300.6368000000    0.0005000   0.0005000    0 1 0 2 0 0  9  3 a A2'  71    0 0 0 0 0 0  9  6 a A2"   2        21CeCaCo.248
   4300.6540000000    0.0005000   0.0005000    0 1 0 2 0 2 12 10 a A2"  78    0 0 0 0 0 0 12 12 s A2'   1        21CeCaCo.249
   4300.7518000000    0.0007000   0.0007000    0 2 1 0 1 0  4  2 a A2"  70    0 1 0 0 0 0  5  3 a A2'   3        21CeCaCo.250
   4300.7518100000    0.0007000   0.0007000    1 2 0 0 0 0  2  2 a  E"  69    0 1 0 0 0 0  2  2 s  E'   3        21CeCaCo.251
   4300.8274000000    0.0006000   0.0006000    0 2 1 0 1 0 11  9 a  E' 304    0 1 0 0 0 0 11  8 a  E"  11        21CeCaCo.252
   4300.9902000000    0.0007000   0.0007000    0 1 1 0 1 0 15 12 s  E' 204    0 0 0 0 0 0 15 11 s  E"   3        21CeCaCo.253
   4301.1310000000    0.0005000   0.0005000    0 1 1 0 1 0  7  4 a  E" 116    0 0 0 0 0 0  8  5 a  E'   3        21CeCaCo.254
   4301.1469000000    0.0005000   0.0005000    1 2 0 0 0 0  1  1 a  E'  41    0 1 0 0 0 0  1  1 s  E"   2        21CeCaCo.255
   4301.2109000000    0.0005000   0.0005000    0 3 1 0 1 0  3  2 s  E' 116    0 2 0 0 0 0  2  1 s  E"   5        21CeCaCo.256
   4301.2678000000    0.0005000   0.0005000    0 1 0 2 0 2  7  4 a  E" 102    0 0 0 0 0 0  6  1 a  E'   4        21CeCaCo.257
   4301.3552000000    0.0005000   0.0005000    0 1 1 1 1 1  5  4 s A2' 104    0 0 0 1 0 1  6  5 s A2"   7        21CeCaCo.258
   4301.4431000000    0.0005000   0.0005000    1 1 0 0 0 0 12  8 a  E" 171    0 0 0 0 0 0 12  8 s  E'   3        21CeCaCo.259
   4301.6649000000    0.0005000   0.0005000    1 1 0 0 0 0 11  8 a  E" 155    0 0 0 0 0 0 11  8 s  E'   3        21CeCaCo.260
   4301.8124000000    0.0005000   0.0005000    0 1 1 0 1 0  6  0 a  E" 105    0 0 0 0 0 0  7  2 s  E'   4        21CeCaCo.261
   4301.9027000000    0.0005000   0.0005000    0 1 0 2 0 0  8  1 s  E" 115    0 0 0 0 0 0  7  1 a  E'   5        21CeCaCo.262
   4302.0292000000    0.0010000   0.0010000    1 1 0 0 0 0 12  9 a A2'  81    0 0 0 0 0 0 12  9 s A2"   2        21CeCaCo.263
   4302.2323000000    0.0005000   0.0005000    1 1 0 0 0 0 11  9 a A2'  79    0 0 0 0 0 0 11  9 s A2"   1        21CeCaCo.264
   4302.4331000000    0.0005000   0.0005000    0 1 1 0 1 0  7  6 s  E' 112    0 0 0 0 0 0  8  7 s  E"   2        21CeCaCo.265
   4302.5420000000    0.0005000   0.0005000    0 2 1 0 1 0  5  2 s  E' 149    0 1 0 0 0 0  4  1 s  E"   5        21CeCaCo.266
   4302.6108000000    0.0005000   0.0005000    0 2 1 0 1 0  7  6 s  E' 182    0 1 0 0 0 0  6  5 s  E"   5        21CeCaCo.267
   4302.7314000000    0.0005000   0.0005000    0 1 0 2 0 2  7  5 a A2'  52    0 0 0 0 0 0  6  3 s A2"   2        21CeCaCo.268
   4302.7737000000    0.0005000   0.0005000    0 1 0 2 0 0 10  5 s  E" 139    0 0 0 0 0 0 10  8 s  E'   2        21CeCaCo.269
   4303.0556000000    0.0005000   0.0005000    0 1 1 0 1 0  4  2 s  E'  69    0 0 0 0 0 0  5  1 s  E"   4        21CeCaCo.270
   4303.2214000000    0.0005000   0.0005000    1 1 0 0 0 0 11 10 a  E" 145    0 0 0 0 0 0 11 10 s  E'   2        21CeCaCo.271
   4303.2437000000    0.0005000   0.0005000    1 1 0 0 0 0 12 12 a A2"  79    0 0 0 0 0 0 12 12 s A2'   1        21CeCaCo.272
   4303.2975000000    0.0005000   0.0005000    1 1 0 0 0 0 10  4 a  E" 158    0 0 0 0 0 0 10  4 s  E'   5        21CeCaCo.273
   4303.3350000000    0.0005000   0.0005000    1 1 0 0 0 0 10  3 a A2'  76    0 0 0 0 0 0 10  3 s A2"   3        21CeCaCo.274
   4303.3543000000    0.0005000   0.0005000    1 1 0 0 0 0 10  5 a  E' 154    0 0 0 0 0 0 10  5 s  E"   4        21CeCaCo.275
   4303.4660000000    0.0005000   0.0005000    0 1 0 2 0 2  6  2 a  E"  89    0 0 0 0 0 0  5  1 a  E'   4        21CeCaCo.276
   4303.5314000000    0.0005000   0.0005000    1 1 0 0 0 0 10  6 a A2"  77    0 0 0 0 0 0 10  6 s A2'   2        21CeCaCo.277
   4303.6014000000    0.0005000   0.0005000    0 1 0 2 0 2  6  1 s A2"  48    0 0 0 0 0 0  5  3 a A2'   1        21CeCaCo.278
   4303.6779000000    0.0005000   0.0005000    0 2 1 0 1 0  6  4 s A2'  82    0 1 0 0 0 0  5  3 s A2"   2        21CeCaCo.279
   4303.7653000000    0.0005000   0.0005000    1 1 0 0 0 0 10  7 a  E' 144    0 0 0 0 0 0 10  7 s  E"   3        21CeCaCo.280
   4303.8575000000    0.0005000   0.0005000    0 1 1 0 1 0  9  9 a  E' 129    0 0 0 0 0 0 10 10 a  E"   1        21CeCaCo.281
   4304.1290000000    0.0005000   0.0005000    0 1 0 2 0 2 11  8 a A2"  72    0 0 0 0 0 0 11  9 a A2'   1        21CeCaCo.282
   4304.1493000000    0.0008000   0.0008000    0 1 0 2 0 2 12 10 a A2"  78    0 0 0 0 0 0 11  9 a A2'   1        21CeCaCo.283
   4304.4727000000    0.0005000   0.0005000    0 1 1 0 1 0 14 12 s  E' 189    0 0 0 0 0 0 14 11 s  E"   3        21CeCaCo.284
   4304.6178000000    0.0005000   0.0005000    0 2 1 0 1 0 10 10 a A2" 133    0 1 0 0 0 0 10  9 a A2'   4        21CeCaCo.285
   4304.7200000000    0.0005000   0.0005000    0 1 0 2 0 0  8  3 s A2"  59    0 0 0 0 0 0  7  3 a A2'   2        21CeCaCo.286
   4304.7944000000    0.0005000   0.0005000    0 1 1 0 1 0  5  1 a A2'  49    0 0 0 0 0 0  6  0 a A2"   3        21CeCaCo.287
   4304.9741000000    0.0005000   0.0005000    1 1 0 0 0 0 11 11 a  E' 139    0 0 0 0 0 0 11 11 s  E"   1        21CeCaCo.288
   4305.0167000000    0.0005000   0.0005000    0 1 1 0 1 0  4  3 a  E'  70    0 0 0 0 0 0  5  1 s  E"   4        21CeCaCo.289
   4305.2573000000    0.0005000   0.0005000    0 1 1 0 1 0  5  1 s  E"  87    0 0 0 0 0 0  6  2 s  E'   3        21CeCaCo.290
   4305.3249000000    0.0005000   0.0005000    1 1 0 0 0 0  9  2 a  E" 144    0 0 0 0 0 0  9  2 s  E'   5        21CeCaCo.291
   4305.3968000000    0.0005000   0.0005000    1 1 0 0 0 0  9  3 a A2'  76    0 0 0 0 0 0  9  3 s A2"   3        21CeCaCo.292
   4305.5447000000    0.0005000   0.0005000    0 1 1 0 1 0  4  4 a A2"  38    0 0 0 0 0 0  5  3 a A2'   1        21CeCaCo.293
   4305.5715000000    0.0005000   0.0005000    1 1 0 0 0 0  9  4 a  E" 141    0 0 0 0 0 0  9  4 s  E'   4        21CeCaCo.294
   4305.6498000000    0.0005000   0.0005000    1 1 0 0 0 0 10  9 a A2'  65    0 0 0 0 0 0 10  9 s A2"   1        21CeCaCo.295
   4305.8045000000    0.0005000   0.0005000    0 1 0 2 0 2  9  6 a  E" 121    0 0 0 0 0 0  8  5 a  E'   3        21CeCaCo.296
   4305.8562000000    0.0005000   0.0005000    1 1 0 0 0 0  9  5 a  E' 138    0 0 0 0 0 0  9  5 s  E"   3        21CeCaCo.297
   4305.9002000000    0.0005000   0.0005000    0 2 1 0 1 0  3  0 a  E" 100    0 1 0 0 0 0  4  1 a  E'   6        21CeCaCo.298
   4306.0182000000    0.0005000   0.0005000    1 1 0 0 0 0 10  8 a  E" 140    0 0 0 0 0 0 10  8 s  E'   2        21CeCaCo.299
   4306.1760000000    0.0005000   0.0005000    0 1 0 2 0 2  9  5 s A2"  60    0 0 0 0 0 0  8  3 a A2'   2        21CeCaCo.300
   4306.3139000000    0.0005000   0.0005000    1 1 0 0 0 0  9  6 a A2"  63    0 0 0 0 0 0  9  6 s A2'   2        21CeCaCo.301
   4306.5376000000    0.0005000   0.0005000    0 1 1 0 1 0  6  2 a A2"  57    0 0 0 0 0 0  7  3 a A2'   2        21CeCaCo.302
   4306.5616000000    0.0005000   0.0005000    0 1 1 0 1 0  8  7 a  E' 126    0 0 0 0 0 0  9  8 a  E"   1        21CeCaCo.303
   4306.6178000000    0.0005000   0.0005000    0 1 0 2 0 0  9  7 s  E" 116    0 0 0 0 0 0  8  7 a  E'   2        21CeCaCo.304
   4306.6405000000    0.0012000   0.0012000    0 1 1 0 1 0  9  8 s A2'  72    0 0 0 0 0 0  9  6 a A2"   2        21CeCaCo.305
   4306.8624000000    0.0005000   0.0005000    0 1 1 0 1 0 13 12 s  E' 172    0 0 0 0 0 0 13 11 s  E"   2        21CeCaCo.306
   4306.9896000000    0.0005000   0.0005000    1 1 0 0 0 0  9  7 a  E' 128    0 0 0 0 0 0  9  7 s  E"   2        21CeCaCo.307
   4307.0628000000    0.0005000   0.0005000    0 1 0 2 0 2  5  0 a  E"  79    0 0 0 0 0 0  4  1 a  E'   3        21CeCaCo.308
   4307.3363000000    0.0005000   0.0005000    1 1 0 0 0 0 10 10 a  E" 129    0 0 0 0 0 0 10 10 s  E'   1        21CeCaCo.309
   4307.3972000000    0.0005000   0.0005000    0 2 1 0 1 0  4  1 s  E" 122    0 1 0 0 0 0  3  2 s  E'   3        21CeCaCo.310
   4307.5145000000    0.0005000   0.0005000    0 1 0 2 0 0  6  1 s  E"  84    0 0 0 0 0 0  5  4 s  E'   2        21CeCaCo.311
   4307.6237000000    0.0008000   0.0008000    1 1 0 0 0 0  8  1 a  E' 130    0 0 0 0 0 0  8  1 s  E"   6        21CeCaCo.312
   4307.7224000000    0.0005000   0.0005000    1 1 0 0 0 0  8  2 a  E" 128    0 0 0 0 0 0  8  2 s  E'   5        21CeCaCo.313
   4307.7826000000    0.0005000   0.0005000    0 1 1 0 1 0  6  4 s  E'  99    0 0 0 0 0 0  7  5 s  E"   2        21CeCaCo.314
   4307.9126000000    0.0005000   0.0005000    1 1 0 0 0 0  8  3 a A2'  59    0 0 0 0 0 0  8  3 s A2"   2        21CeCaCo.315
   4308.0052000000    0.0005000   0.0005000    0 2 1 0 1 0  5  5 a A2'  82    0 1 0 0 0 0  6  6 a A2"   4        21CeCaCo.316
   4308.1301000000    0.0005000   0.0005000    0 1 1 0 1 0  8  8 s A2'  56    0 0 0 0 0 0  8  6 a A2"   1        21CeCaCo.317
   4308.1560000000    0.0005000   0.0005000    1 1 0 0 0 0  9  8 a  E" 124    0 0 0 0 0 0  9  8 s  E'   1        21CeCaCo.318
   4308.2116000000    0.0005000   0.0005000    1 1 0 0 0 0  8  4 a  E" 125    0 0 0 0 0 0  8  4 s  E'   4        21CeCaCo.319
   4308.2116100000    0.0005000   0.0005000    0 2 1 0 1 0  9  9 s  E" 198    0 1 0 0 0 0  8  8 s  E'   7        21CeCaCo.320
   4308.3576000000    0.0005000   0.0005000    0 1 0 2 0 2  7  2 s A2'  56    0 0 0 0 0 0  6  0 a A2"   3        21CeCaCo.321
   4308.4167000000    0.0005000   0.0005000    0 3 1 0 1 0  4  4 s A2'  69    0 2 0 0 0 0  3  3 s A2"   3        21CeCaCo.322
   4308.4399000000    0.0005000   0.0005000    0 1 0 2 0 2  4  2 a A2"  35    0 0 0 0 0 0  3  3 a A2'   1        21CeCaCo.323
   4308.5363000000    0.0005000   0.0005000    0 2 1 0 1 0 11  7 a A2' 165    0 1 0 0 0 0 11  6 a A2"   5        21CeCaCo.324
   4308.5734000000    0.0005000   0.0005000    0 1 0 2 0 0  6  2 a  E"  88    0 0 0 0 0 0  5  2 s  E'   3        21CeCaCo.325
   4308.6569000000    0.0005000   0.0005000    0 1 0 2 0 2  9  4 s A2'  67    0 0 0 0 0 0  8  3 s A2"   2        21CeCaCo.326
   4308.6732000000    0.0007000   0.0007000    1 1 0 0 0 0  8  5 a  E' 123    0 0 0 0 0 0  8  5 s  E"   3        21CeCaCo.327
   4308.8283000000    0.0005000   0.0005000    0 1 1 0 1 0 12 12 s  E' 156    0 0 0 0 0 0 12 11 s  E"   1        21CeCaCo.328
   4309.0842000000    0.0005000   0.0005000    0 1 0 2 0 2  6  2 s A2'  42    0 0 0 0 0 0  5  3 s A2"   1        21CeCaCo.329
   4309.3465000000    0.0005000   0.0005000    1 1 0 0 0 0  8  6 a A2"  62    0 0 0 0 0 0  8  6 s A2'   1        21CeCaCo.330
   4309.5220000000    0.0005000   0.0005000    0 1 0 2 0 2  5  1 a  E'  77    0 0 0 0 0 0  4  1 s  E"   3        21CeCaCo.331
   4309.6138000000    0.0005000   0.0005000    1 1 0 0 0 0  9  9 a A2'  66    0 0 0 0 0 0  9  9 s A2"   1        21CeCaCo.332
   4309.8211000000    0.0005000   0.0005000    0 1 1 0 1 0 15 13 a A2' 104    0 0 0 0 0 0 15 12 a A2"   2        21CeCaCo.333
   4310.0362000000    0.0005000   0.0005000    1 1 0 0 0 0  7  1 a  E' 113    0 0 0 0 0 0  7  1 s  E"   5        21CeCaCo.334
   4310.0362100000    0.0005000   0.0005000    0 1 0 2 0 0 10  9 s A2"  64    0 0 0 0 0 0  9  9 a A2'   1        21CeCaCo.335
   4310.1301000000    0.0005000   0.0005000    0 2 1 0 1 0  4  3 a  E' 127    0 1 0 0 0 0  5  4 a  E"   6        21CeCaCo.336
   4310.1844000000    0.0005000   0.0005000    1 1 0 0 0 0  7  2 a  E" 112    0 0 0 0 0 0  7  2 s  E'   4        21CeCaCo.337
   4310.2068000000    0.0005000   0.0005000    0 1 1 0 1 0  5  1 a  E'  88    0 0 0 0 0 0  6  1 s  E"   4        21CeCaCo.338
   4310.3052000000    0.0006000   0.0006000    1 1 0 0 0 0  8  7 a  E' 115    0 0 0 0 0 0  8  7 s  E"   2        21CeCaCo.339
   4310.3429000000    0.0005000   0.0005000    0 1 1 0 1 0  7  5 a A2'  61    0 0 0 0 0 0  8  6 a A2"   1        21CeCaCo.340
   4310.4461000000    0.0005000   0.0005000    1 1 0 0 0 0  7  3 a A2'  59    0 0 0 0 0 0  7  3 s A2"   2        21CeCaCo.341
   4310.6740000000    0.0005000   0.0005000    0 1 1 0 1 0  7  7 s  E" 108    0 0 0 0 0 0  8  8 s  E'   1        21CeCaCo.342
   4310.7025000000    0.0005000   0.0005000    0 1 1 0 1 0  4  1 s A2"  39    0 0 0 0 0 0  5  0 s A2'   2        21CeCaCo.343
   4310.8566000000    0.0005000   0.0005000    1 1 0 0 0 0  7  4 a  E" 109    0 0 0 0 0 0  7  4 s  E'   3        21CeCaCo.344
   4311.3823000000    0.0005000   0.0005000    0 3 1 0 1 0  4  3 s  E" 150    0 2 0 0 0 0  3  2 s  E'   5        21CeCaCo.345
   4311.4495000000    0.0005000   0.0005000    1 1 0 0 0 0  7  5 a  E' 107    0 0 0 0 0 0  7  5 s  E"   2        21CeCaCo.346
   4311.5220000000    0.0005000   0.0005000    0 1 0 2 0 0  7  6 a A2"  44    0 0 0 0 0 0  6  6 s A2'   1        21CeCaCo.347
   4311.5681000000    0.0005000   0.0005000    1 1 0 0 0 0  8  8 a  E" 110    0 0 0 0 0 0  8  8 s  E'   1        21CeCaCo.348
   4311.6771000000    0.0008000   0.0008000    0 1 1 0 1 0 14 11 s  E" 196    0 0 0 0 0 0 14 10 s  E'   4        21CeCaCo.349
   4312.0953000000    0.0005000   0.0005000    0 2 1 0 1 0  8  7 s A2" 103    0 1 0 0 0 0  7  6 s A2'   4        21CeCaCo.350
   4312.2744000000    0.0005000   0.0005000    1 1 0 0 0 0  7  6 a A2"  49    0 0 0 0 0 0  7  6 s A2'   1        21CeCaCo.351
   4312.3486000000    0.0005000   0.0005000    1 1 0 0 0 0  6  1 a  E'  97    0 0 0 0 0 0  6  1 s  E"   4        21CeCaCo.352
   4312.3719000000    0.0005000   0.0005000    0 1 1 0 1 0  4  3 a  E'  68    0 0 0 0 0 0  5  2 a  E"   3        21CeCaCo.353
   4312.5323000000    0.0005000   0.0005000    1 1 0 0 0 0  6  2 a  E"  95    0 0 0 0 0 0  6  2 s  E'   3        21CeCaCo.354
   4312.5821000000    0.0005000   0.0005000    0 1 0 2 0 0  8  2 s  E' 116    0 0 0 0 0 0  7  2 a  E"   4        21CeCaCo.355
   4312.5944000000    0.0005000   0.0005000    0 1 1 0 1 0  5  0 a  E"  89    0 0 0 0 0 0  6  1 a  E'   4        21CeCaCo.356
   4312.7855000000    0.0005000   0.0005000    0 2 1 0 1 0  2  2 a  E"  70    0 1 0 0 0 0  3  1 a  E'   4        21CeCaCo.357
   4312.8559000000    0.0005000   0.0005000    1 1 0 0 0 0  6  3 a A2'  44    0 0 0 0 0 0  6  3 s A2"   2        21CeCaCo.358
   4313.1247000000    0.0008000   0.0008000    0 1 0 2 0 2  7  1 s  E" 103    0 0 0 0 0 0  6  1 a  E'   4        21CeCaCo.359
   4313.1824000000    0.0005000   0.0005000    0 1 1 0 1 0  5  2 s A2'  47    0 0 0 0 0 0  6  3 s A2"   2        21CeCaCo.360
   4313.3444000000    0.0005000   0.0005000    1 1 0 0 0 0  6  4 a  E"  92    0 0 0 0 0 0  6  4 s  E'   2        21CeCaCo.361
   4313.3712000000    0.0005000   0.0005000    1 1 0 0 0 0  7  7 a  E' 100    0 0 0 0 0 0  7  7 s  E"   1        21CeCaCo.362
   4313.4729000000    0.0005000   0.0005000    1 1 0 0 0 0  1  0 s A2'  15    0 0 0 0 0 0  0  0 a A2"   1        21CeCaCo.363
   4313.9136000000    0.0005000   0.0005000    0 2 0 2 0 0  7  3 a A2' 105    0 1 0 0 0 0  6  3 s A2"   5        21CeCaCo.364
   4313.9431000000    0.0005000   0.0005000    0 1 0 2 0 2  9  5 a A2'  68    0 0 0 0 0 0  8  0 a A2"   3        21CeCaCo.365
   4314.0350000000    0.0005000   0.0005000    1 1 0 0 0 0  6  5 a  E'  92    0 0 0 0 0 0  6  5 s  E"   1        21CeCaCo.366
   4314.0792000000    0.0005000   0.0005000    0 2 1 0 1 0  6  3 s  E" 173    0 1 0 0 0 0  5  2 s  E'   7        21CeCaCo.367
   4314.1113000000    0.0005000   0.0005000    0 2 1 0 1 0  3  1 a  E'  99    0 1 0 0 0 0  4  2 a  E"   6        21CeCaCo.368
   4314.1350000000    0.0005000   0.0005000    0 1 1 0 1 0  9  9 a  E' 129    0 0 0 0 0 0  9  7 s  E"   2        21CeCaCo.369
   4314.3731000000    0.0005000   0.0005000    0 2 1 0 1 0 10  7 a A2' 140    0 1 0 0 0 0 10  6 a A2"   6        21CeCaCo.370
   4314.3858000000    0.0005000   0.0005000    0 1 0 2 0 2  6  3 a  E'  90    0 0 0 0 0 0  5  1 s  E"   4        21CeCaCo.371
   4314.4395000000    0.0005000   0.0005000    0 1 0 2 0 0  9  4 a  E" 129    0 0 0 0 0 0  8  1 a  E'   6        21CeCaCo.372
   4314.4514000000    0.0005000   0.0005000    1 1 0 0 0 0  5  1 a  E'  81    0 0 0 0 0 0  5  1 s  E"   4        21CeCaCo.373
   4314.4514100000    0.0005000   0.0005000    0 1 1 1 1 1  4  3 s  E" 160    0 0 0 1 0 1  5  4 s  E'  11        21CeCaCo.374
   4314.5436000000    0.0005000   0.0005000    0 1 1 0 1 0  8  4 a A2"  71    0 0 0 0 0 0  9  6 s A2'   2        21CeCaCo.375
   4314.5808000000    0.0005000   0.0005000    0 2 1 0 1 0  7  5 s  E" 196    0 1 0 0 0 0  6  4 s  E'   6        21CeCaCo.376
   4314.6435000000    0.0005000   0.0005000    0 1 1 0 1 0  6  2 s  E' 101    0 0 0 0 0 0  7  4 a  E"   3        21CeCaCo.377
   4314.6628000000    0.0005000   0.0005000    1 1 0 0 0 0  5  2 a  E"  82    0 0 0 0 0 0  5  2 s  E'   3        21CeCaCo.378
   4314.7177000000    0.0005000   0.0005000    0 1 1 0 1 0  4  1 s  E"  70    0 0 0 0 0 0  5  1 a  E'   4        21CeCaCo.379
   4314.9654000000    0.0005000   0.0005000    1 1 0 0 0 0  6  6 a A2"  50    0 0 0 0 0 0  6  6 s A2'   1        21CeCaCo.380
   4315.0314000000    0.0005000   0.0005000    1 1 0 0 0 0  5  3 a A2'  43    0 0 0 0 0 0  5  3 s A2"   1        21CeCaCo.381
   4315.2320000000    0.0007000   0.0007000    0 0 1 1 1 1  8  6 a A2" 104    0 1 0 0 0 0  7  6 s A2'   4        21CeCaCo.382
   4315.2458000000    0.0005000   0.0005000    0 1 1 0 1 0  6  3 a  E' 102    0 0 0 0 0 0  7  4 a  E"   3        21CeCaCo.383
   4315.3715000000    0.0008000   0.0008000    0 1 1 0 1 0 14 13 a A2'  88    0 0 0 0 0 0 14 12 a A2"   1        21CeCaCo.384
   4315.5830000000    0.0005000   0.0005000    1 1 0 0 0 0  5  4 a  E"  80    0 0 0 0 0 0  5  4 s  E'   2        21CeCaCo.385
   4315.9264000000    0.0005000   0.0005000    0 1 1 0 1 0  6  5 s A2"  54    0 0 0 0 0 0  7  6 s A2'   1        21CeCaCo.386
   4316.0524000000    0.0010000   0.0010000    0 3 1 0 1 0  4  2 s  E' 154    0 2 0 0 0 0  3  1 s  E"   6        21CeCaCo.387
   4316.1830000000    0.0005000   0.0005000    0 1 1 0 1 0  3  3 s  E"  52    0 0 0 0 0 0  4  2 s  E'   2        21CeCaCo.388
   4316.2304000000    0.0005000   0.0005000    0 1 0 2 0 0  7  5 a  E'  96    0 0 0 0 0 0  6  5 s  E"   1        21CeCaCo.389
   4316.2791000000    0.0005000   0.0005000    1 1 0 0 0 0  4  1 a  E'  66    0 0 0 0 0 0  4  1 s  E"   3        21CeCaCo.390
   4316.3473000000    0.0005000   0.0005000    1 1 0 0 0 0  5  5 a  E'  78    0 0 0 0 0 0  5  5 s  E"   1        21CeCaCo.391
   4316.5121000000    0.0005000   0.0005000    1 1 0 0 0 0  4  2 a  E"  66    0 0 0 0 0 0  4  2 s  E'   2        21CeCaCo.392
   4316.9166000000    0.0005000   0.0005000    1 1 0 0 0 0  4  3 a A2'  29    0 0 0 0 0 0  4  3 s A2"   1        21CeCaCo.393
   4316.9474000000    0.0005000   0.0005000    0 1 1 0 1 0  8  8 a A2"  64    0 0 0 0 0 0  9  9 a A2'   1        21CeCaCo.394
   4317.0130000000    0.0005000   0.0005000    0 2 1 0 1 0 10 10 s A2'  99    0 1 0 0 0 0  9  9 s A2"   4        21CeCaCo.395
   4317.1714000000    0.0005000   0.0005000    0 1 0 2 0 0 10  4 a  E" 146    0 0 0 0 0 0 10  7 a  E'   3        21CeCaCo.396
   4317.5154000000    0.0005000   0.0005000    1 1 0 0 0 0  4  4 a  E"  64    0 0 0 0 0 0  4  4 s  E'   1        21CeCaCo.397
   4317.7870000000    0.0005000   0.0005000    1 1 0 0 0 0  3  1 a  E'  50    0 0 0 0 0 0  3  1 s  E"   2        21CeCaCo.398
   4317.9172000000    0.0005000   0.0005000    0 1 0 2 0 2  6  4 s  E'  84    0 0 0 0 0 0  5  5 s  E"   1        21CeCaCo.399
   4318.0367000000    0.0005000   0.0005000    1 1 0 0 0 0  3  2 a  E"  51    0 0 0 0 0 0  3  2 s  E'   1        21CeCaCo.400
   4318.1060000000    0.0005000   0.0005000    0 1 0 2 0 0  9  6 s A2'  65    0 0 0 0 0 0  8  6 a A2"   1        21CeCaCo.401
   4318.4679000000    0.0005000   0.0005000    1 1 0 0 0 0  3  3 a A2'  30    0 0 0 0 0 0  3  3 s A2"   1        21CeCaCo.402
   4318.5659000000    0.0005000   0.0005000    0 1 1 0 1 0  4  0 s  E'  71    0 0 0 0 0 0  5  1 s  E"   4        21CeCaCo.403
   4318.7363000000    0.0005000   0.0005000    0 2 0 2 0 2  6  1 a  E' 176    0 1 0 0 0 0  5  1 s  E"   7        21CeCaCo.404
   4318.8205000000    0.0006000   0.0006000    0 1 0 2 0 2  9  4 s  E' 127    0 0 0 0 0 0  8  2 a  E"   5        21CeCaCo.405
   4318.8441000000    0.0005000   0.0005000    0 1 0 2 0 2  5  0 a  E"  79    0 0 0 0 0 0  4  2 s  E'   2        21CeCaCo.406
   4318.9424000000    0.0005000   0.0005000    1 1 0 0 0 0  2  1 a  E'  38    0 0 0 0 0 0  2  1 s  E"   2        21CeCaCo.407
   4319.1285000000    0.0005000   0.0005000    0 1 0 2 0 0  6  1 s  E"  85    0 0 0 0 0 0  5  4 s  E'   2        21CeCaCo.408
   4319.2048000000    0.0005000   0.0005000    1 1 0 0 0 0  2  2 a  E"  37    0 0 0 0 0 0  2  2 s  E'   1        21CeCaCo.409
   4319.4703000000    0.0005000   0.0005000    0 1 1 0 1 0  4  2 a  E"  71    0 0 0 0 0 0  5  1 a  E'   4        21CeCaCo.410
   4319.4728000000    0.0005000   0.0005000    0 1 0 2 0 0  7  4 a  E"  99    0 0 0 0 0 0  6  4 s  E'   2        21CeCaCo.411
   4319.5430000000    0.0005000   0.0005000    0 1 0 2 0 2 10  5 s  E" 137    0 0 0 0 0 0  9  4 s  E'   4        21CeCaCo.412
   4319.7255000000    0.0005000   0.0005000    1 1 0 0 0 0  1  1 a  E'  22    0 0 0 0 0 0  1  1 s  E"   1        21CeCaCo.413
   4319.8752000000    0.0005000   0.0005000    0 1 0 2 0 2  5  1 a  E'  77    0 0 0 0 0 0  4  2 a  E"   2        21CeCaCo.414
   4319.9584000000    0.0005000   0.0005000    0 1 1 0 1 0  7  6 a  E" 113    0 0 0 0 0 0  8  7 a  E'   2        21CeCaCo.415
   4320.0183000000    0.0013000   0.0013000    0 1 1 0 1 0 14 10 s A2' 100    0 0 0 0 0 0 14  9 s A2"   2        21CeCaCo.416
   4320.2032000000    0.0005000   0.0005000    0 2 1 0 1 0  4  4 a  E" 125    0 1 0 0 0 0  5  5 a  E'   6        21CeCaCo.417
   4320.2244000000    0.0006000   0.0006000    0 1 1 0 1 0 14 12 a  E" 188    0 0 0 0 0 0 14 11 a  E'   3        21CeCaCo.418
   4320.3644000000    0.0005000   0.0005000    0 1 0 2 0 0  7  1 a  E' 104    0 0 0 0 0 0  6  1 s  E"   4        21CeCaCo.419
   4320.4015000000    0.0005000   0.0005000    0 2 1 0 1 0  5  0 s  E' 151    0 1 0 0 0 0  4  1 s  E"   5        21CeCaCo.420
   4320.4488000000    0.0005000   0.0005000    0 1 0 2 0 2  8  3 s  E" 116    0 0 0 0 0 0  7  1 a  E'   5        21CeCaCo.421
   4320.5538000000    0.0005000   0.0005000    0 1 1 0 1 0  5  1 a  E'  88    0 0 0 0 0 0  6  2 a  E"   3        21CeCaCo.422
   4320.6247000000    0.0005000   0.0005000    0 3 1 0 1 0  5  5 s  E" 182    0 2 0 0 0 0  4  4 s  E'   7        21CeCaCo.423
   4320.7324000000    0.0009000   0.0009000    1 1 0 0 0 0  9  0 s A2'  77    0 0 0 0 0 0  9  3 s A2"   3        21CeCaCo.424
   4320.8040000000    0.0005000   0.0005000    0 1 1 0 1 0 13 13 a A2'  86    0 0 0 0 0 0 13 12 a A2"   1        21CeCaCo.425
   4321.1023000000    0.0005000   0.0005000    0 2 1 0 1 0  9  8 s  E' 211    0 1 0 0 0 0  8  7 s  E"   8        21CeCaCo.426
   4321.1524000000    0.0005000   0.0005000    0 1 1 0 1 0  5  3 s  E"  86    0 0 0 0 0 0  6  4 s  E'   2        21CeCaCo.427
   4321.3419000000    0.0005000   0.0005000    0 1 1 0 1 0  3  2 s A2'  32    0 0 0 0 0 0  4  0 a A2"   2        21CeCaCo.428
   4321.5105000000    0.0005000   0.0005000    0 1 0 2 0 2  9  5 a  E' 123    0 0 0 0 0 0  8  4 a  E"   4        21CeCaCo.429
   4321.6197000000    0.0005000   0.0005000    0 2 1 0 1 0  8  8 a  E" 230    0 1 0 0 0 0  8  7 a  E'   8        21CeCaCo.430
   4321.9244000000    0.0005000   0.0005000    0 1 1 1 1 1  5  4 a A2"  93    0 0 0 1 0 1  6  5 a A2'   6        21CeCaCo.431
   4321.9345000000    0.0005000   0.0005000    0 3 1 0 1 0  5  4 s A2'  97    0 2 0 0 0 0  4  3 s A2"   5        21CeCaCo.432
   4322.0189000000    0.0007000   0.0007000    0 1 1 0 1 0  7  4 s A2'  62    0 0 0 0 0 0  8  6 a A2"   1        21CeCaCo.433
   4322.0451000000    0.0005000   0.0005000    0 1 0 2 0 2  7  0 s  E' 103    0 0 0 0 0 0  6  2 a  E"   3        21CeCaCo.434
   4322.1339000000    0.0005000   0.0005000    0 1 1 0 1 0  5  1 s A2"  38    0 0 0 0 0 0  6  3 a A2'   2        21CeCaCo.435
   4322.3059000000    0.0005000   0.0005000    0 3 1 0 1 0  4  1 s A2"  82    0 2 0 0 0 0  3  0 s A2'   5        21CeCaCo.436
   4322.3159000000    0.0005000   0.0005000    0 1 1 0 1 0 13 10 s A2'  98    0 0 0 0 0 0 13  9 s A2"   2        21CeCaCo.437
   4322.3671000000    0.0007000   0.0007000    0 1 1 0 1 0  9  6 a  E" 143    0 0 0 0 0 0 10  8 s  E'   2        21CeCaCo.438
   4322.6556000000    0.0005000   0.0005000    0 1 1 0 1 0  7  3 a  E' 117    0 0 0 0 0 0  8  5 s  E"   3        21CeCaCo.439
   4322.7196000000    0.0005000   0.0005000    0 1 1 0 1 0  8  7 s  E" 124    0 0 0 0 0 0  8  5 a  E'   3        21CeCaCo.440
   4322.8623000000    0.0005000   0.0005000    0 2 1 0 1 0  9  8 s  E' 212    0 1 0 0 0 0  8  7 s  E"   8        21CeCaCo.441
   4322.9264000000    0.0005000   0.0005000    0 2 1 0 1 0  3  2 a A2"  45    0 1 0 0 0 0  4  3 a A2'   2        21CeCaCo.442
   4323.0722000000    0.0005000   0.0005000    0 1 0 2 0 0  7  2 a  E" 104    0 0 0 0 0 0  6  1 a  E'   4        21CeCaCo.443
   4323.2096000000    0.0005000   0.0005000    0 3 0 1 0 1 12 11 a A2'  82    0 0 0 0 0 0 12  9 s A2"   2        21CeCaCo.444
   4323.3386000000    0.0005000   0.0005000    1 1 0 0 0 0  7  0 s A2'  60    0 0 0 0 0 0  7  3 s A2"   2        21CeCaCo.445
   4323.9120000000    0.0005000   0.0005000    0 1 1 0 1 0  3  2 s  E'  52    0 0 0 0 0 0  4  1 s  E"   3        21CeCaCo.446
   4323.9414000000    0.0005000   0.0005000    0 1 1 0 1 0  6  4 a  E"  98    0 0 0 0 0 0  7  5 a  E'   2        21CeCaCo.447
   4324.1425000000    0.0005000   0.0005000    0 1 1 0 1 0  6  6 s  E'  96    0 0 0 0 0 0  7  7 s  E"   1        21CeCaCo.448
   4324.4286000000    0.0005000   0.0005000    0 2 1 0 1 0  9  6 a  E" 266    0 1 0 0 0 0  9  5 a  E'   9        21CeCaCo.449
   4324.5185000000    0.0005000   0.0005000    0 2 1 0 1 0  8  6 s  E' 213    0 1 0 0 0 0  7  5 s  E"   7        21CeCaCo.450
   4324.8825000000    0.0005000   0.0005000    0 3 1 0 1 0  5  3 s  E" 187    0 2 0 0 0 0  4  2 s  E'   9        21CeCaCo.451
   4325.0363000000    0.0005000   0.0005000    1 1 0 0 0 0 12 11 a  E' 152    0 0 0 0 0 0 11  8 a  E"   3        21CeCaCo.452
   4325.0853000000    0.0005000   0.0005000    0 1 0 2 0 0 10  8 s  E' 127    0 0 0 0 0 0  9  8 a  E"   1        21CeCaCo.453
   4325.2192000000    0.0005000   0.0005000    0 2 1 0 1 0  8  7 a A2' 111    0 1 0 0 0 0  8  6 a A2"   4        21CeCaCo.454
   4325.2793000000    0.0005000   0.0005000    0 1 0 2 0 0  9  0 s A2'  69    0 0 0 0 0 0  8  0 a A2"   3        21CeCaCo.455
   4325.3401000000    0.0005000   0.0005000    0 2 1 0 1 0  7  4 s A2' 106    0 1 0 0 0 0  6  3 s A2"   5        21CeCaCo.456
   4325.5295000000    0.0013000   0.0013000    0 1 0 2 0 2  8  5 a A2'  52    0 0 0 0 0 0  7  3 s A2"   2        21CeCaCo.457
   4325.5599000000    0.0007000   0.0007000    0 1 1 0 1 0 13 12 a  E" 171    0 0 0 0 0 0 13 11 a  E'   2        21CeCaCo.458
   4325.7180000000    0.0008000   0.0008000    0 1 0 2 0 2 12 11 a A2'  73    0 0 0 0 0 0 12 12 a A2"   1        21CeCaCo.459
   4325.9023000000    0.0005000   0.0005000    0 2 1 0 1 0 12 12 s  E' 234    0 1 0 0 0 0 11 11 s  E"   9        21CeCaCo.460
   4325.9829000000    0.0005000   0.0005000    0 1 1 0 1 0 14  9 s  E" 210    0 0 0 0 0 0 14  8 s  E'   5        21CeCaCo.461
   4325.9928000000    0.0005000   0.0005000    0 1 1 0 1 0 12 10 s A2'  83    0 0 0 0 0 0 12  9 s A2"   2        21CeCaCo.462
   4326.0951000000    0.0005000   0.0005000    0 2 1 0 1 0 11 11 s  E" 223    0 1 0 0 0 0 10 10 s  E'   8        21CeCaCo.463
   4326.1900000000    0.0005000   0.0005000    0 1 1 1 1 1  3  0 a A2"  63    0 0 0 1 0 1  4  1 a A2'   5        21CeCaCo.464
   4326.2121000000    0.0005000   0.0005000    0 1 1 0 1 0  9  8 a A2"  65    0 0 0 0 0 0  9  6 s A2'   2        21CeCaCo.465
   4326.4102000000    0.0005000   0.0005000    0 1 1 0 1 0  4  1 s  E"  70    0 0 0 0 0 0  5  2 s  E'   3        21CeCaCo.466
   4326.4720000000    0.0005000   0.0005000    1 1 0 0 0 0  7  6 s A2'  54    0 0 0 0 0 0  6  3 s A2"   2        21CeCaCo.467
   4326.5490000000    0.0005000   0.0005000    0 1 1 0 1 0  3  3 a  E'  53    0 0 0 0 0 0  4  1 s  E"   3        21CeCaCo.468
   4326.5719000000    0.0005000   0.0005000    0 1 0 2 0 2  9  3 s  E" 130    0 0 0 0 0 0  8  2 s  E'   5        21CeCaCo.469
   4326.7809000000    0.0005000   0.0005000    0 1 0 2 0 0 11  6 s A2'  80    0 0 0 0 0 0 11  9 s A2"   1        21CeCaCo.470
   4327.1587000000    0.0005000   0.0005000    0 0 1 1 1 1 12 10 a  E" 242    0 1 0 0 0 0 11 10 s  E'  10        21CeCaCo.471
   4327.2818000000    0.0005000   0.0005000    0 1 0 2 0 2  5  1 a A2'  42    0 0 0 0 0 0  4  3 s A2"   1        21CeCaCo.472
   4327.3611000000    0.0005000   0.0005000    0 1 1 0 1 0 11 10 s A2'  81    0 0 0 0 0 0 11  9 s A2"   1        21CeCaCo.473
   4327.3750000000    0.0005000   0.0005000    0 1 0 2 0 0  9  1 s  E" 131    0 0 0 0 0 0  8  1 a  E'   6        21CeCaCo.474
   4327.4781000000    0.0005000   0.0005000    0 2 1 0 1 0  2  0 a  E"  72    0 1 0 0 0 0  3  1 a  E'   4        21CeCaCo.475
   4327.5264000000    0.0005000   0.0005000    0 1 0 2 0 0  7  3 a A2'  55    0 0 0 0 0 0  6  3 s A2"   2        21CeCaCo.476
   4327.7155000000    0.0005000   0.0005000    0 1 0 2 0 2  8  1 s A2"  61    0 0 0 0 0 0  7  0 s A2'   3        21CeCaCo.477
   4327.9608000000    0.0005000   0.0005000    0 1 0 2 0 2  6  2 a A2"  51    0 0 0 0 0 0  5  0 s A2'   2        21CeCaCo.478
   4328.3916000000    0.0005000   0.0005000    0 1 0 2 0 0  9  5 s  E" 123    0 0 0 0 0 0  8  5 a  E'   3        21CeCaCo.479
   4328.4638000000    0.0009000   0.0009000    0 3 0 1 0 1 12 10 a  E" 174    0 0 0 0 0 0 12  8 s  E'   3        21CeCaCo.480
   4328.4875000000    0.0005000   0.0005000    0 2 1 0 1 0  5  1 s  E" 152    0 1 0 0 0 0  4  2 s  E'   5        21CeCaCo.481
   4328.8170000000    0.0007000   0.0007000    0 1 1 0 1 0  5  2 a A2"  39    0 0 0 0 0 0  6  3 a A2'   2        21CeCaCo.482
   4328.9136000000    0.0005000   0.0005000    0 1 0 2 0 2  7  2 a  E" 105    0 0 0 0 0 0  6  1 a  E'   4        21CeCaCo.483
   4328.9136100000    0.0005000   0.0005000    0 1 1 0 1 0  4  0 s  E'  71    0 0 0 0 0 0  5  2 a  E"   3        21CeCaCo.484
   4329.2403000000    0.0005000   0.0005000    0 1 1 0 1 0  5  4 s  E'  83    0 0 0 0 0 0  6  5 s  E"   1        21CeCaCo.485
   4329.3593000000    0.0005000   0.0005000    0 1 1 0 1 0 13  9 s  E" 192    0 0 0 0 0 0 13  8 s  E'   4        21CeCaCo.486
   4329.4935000000    0.0018000   0.0018000    0 2 1 0 1 0  9  5 a  E' 268    0 1 0 0 0 0  9  4 a  E"  10        21CeCaCo.487
   4329.5144000000    0.0005000   0.0005000    0 1 0 2 0 2  5  2 a A2"  34    0 0 0 0 0 0  4  3 a A2'   1        21CeCaCo.488
   4329.5329000000    0.0012000   0.0012000    0 2 1 0 1 0  8  6 a  E" 238    0 1 0 0 0 0  8  5 a  E'   9        21CeCaCo.489
   4329.5455000000    0.0005000   0.0005000    0 1 1 0 1 0 10 10 s A2'  67    0 0 0 0 0 0 10  9 s A2"   1        21CeCaCo.490
   4329.6716000000    0.0008000   0.0008000    0 1 1 0 1 0  8  8 a A2"  64    0 0 0 0 0 0  8  6 s A2'   1        21CeCaCo.491
   4329.8762000000    0.0005000   0.0005000    0 2 1 0 1 0 10  4 a A2" 155    0 1 0 0 0 0 10  3 a A2'   6        21CeCaCo.492
   4330.0253000000    0.0005000   0.0005000    0 1 1 0 1 0  7  7 a  E' 109    0 0 0 0 0 0  8  8 a  E"   1        21CeCaCo.493
   4330.0906000000    0.0005000   0.0005000    0 2 1 0 1 0  7  7 a A2' 109    0 1 0 0 0 0  7  6 a A2"   3        21CeCaCo.494
   4330.1264000000    0.0005000   0.0005000    0 1 0 2 0 0  8  7 a  E' 106    0 0 0 0 0 0  7  7 s  E"   1        21CeCaCo.495
   4330.2497000000    0.0005000   0.0005000    0 1 1 0 1 0  8  5 a  E' 132    0 0 0 0 0 0  9  7 s  E"   2        21CeCaCo.496
   4330.4652000000    0.0005000   0.0005000    0 1 1 0 1 0 14 10 a A2" 106    0 0 0 0 0 0 14  9 a A2'   2        21CeCaCo.497
   4330.5413000000    0.0005000   0.0005000    0 1 1 0 1 0 13 11 a  E' 181    0 0 0 0 0 0 13 10 a  E"   3        21CeCaCo.498
   4330.6475000000    0.0012000   0.0012000    0 1 1 0 1 0  6  2 a  E" 103    0 0 0 0 0 0  7  4 s  E'   3        21CeCaCo.499
   4330.7129000000    0.0014000   0.0014000    0 1 0 2 0 0  7  1 a  E' 104    0 0 0 0 0 0  6  2 a  E"   3        21CeCaCo.500
   4330.7249000000    0.0005000   0.0005000    0 1 1 0 1 0 12 12 a  E" 154    0 0 0 0 0 0 12 11 a  E'   1        21CeCaCo.501
   4330.8489000000    0.0005000   0.0005000    0 2 1 0 1 0 10  9 s  E" 224    0 1 0 0 0 0  9  8 s  E'   7        21CeCaCo.502
   4331.7771000000    0.0005000   0.0005000    0 1 0 2 0 2  7  1 s A2"  48    0 0 0 0 0 0  6  3 a A2'   2        21CeCaCo.503
   4331.8896000000    0.0005000   0.0005000    0 1 0 2 0 2  6  0 a  E"  91    0 0 0 0 0 0  5  1 a  E'   4        21CeCaCo.504
   4331.9244000000    0.0005000   0.0005000    0 1 0 2 0 2  8  3 s  E" 116    0 0 0 0 0 0  7  2 s  E'   4        21CeCaCo.505
   4332.1820000000    0.0005000   0.0005000    0 1 1 0 1 0  4  1 a  E'  72    0 0 0 0 0 0  5  1 s  E"   4        21CeCaCo.506
   4332.2186000000    0.0005000   0.0005000    0 0 1 1 1 1  9  6 a A2" 110    0 1 0 0 0 0  8  6 s A2'   3        21CeCaCo.507
   4332.2586000000    0.0005000   0.0005000    0 1 0 2 0 0  7  1 s  E" 100    0 0 0 0 0 0  6  4 s  E'   2        21CeCaCo.508
   4332.3971000000    0.0005000   0.0005000    0 2 1 0 1 0  3  3 a  E'  97    0 1 0 0 0 0  4  4 a  E"   4        21CeCaCo.509
   4332.6986000000    0.0005000   0.0005000    0 1 0 2 0 0  6  0 a A2"  49    0 0 0 0 0 0  5  3 a A2'   1        21CeCaCo.510
   4332.7164000000    0.0005000   0.0005000    0 1 0 2 0 2 10  6 a  E" 136    0 0 0 0 0 0  9  5 a  E'   3        21CeCaCo.511
   4332.8042000000    0.0008000   0.0008000    0 1 0 2 0 2 10  8 a A2"  70    0 0 0 0 0 0  9  6 s A2'   2        21CeCaCo.512
   4332.8573000000    0.0005000   0.0005000    0 2 1 0 1 0  6  1 s A2"  95    0 1 0 0 0 0  5  0 s A2'   4        21CeCaCo.513
   4332.9860000000    0.0005000   0.0005000    1 1 0 0 0 0  2  1 s  E"  36    0 0 0 0 0 0  1  1 a  E'   1        21CeCaCo.514
   4333.0207000000    0.0005000   0.0005000    0 1 0 2 0 0  9  3 s A2"  61    0 0 0 0 0 0  8  3 a A2'   2        21CeCaCo.515
   4333.0207100000    0.0005000   0.0005000    0 1 1 0 1 0 12  9 s  E" 175    0 0 0 0 0 0 12  8 s  E'   3        21CeCaCo.516
   4333.1779000000    0.0005000   0.0005000    0 3 1 0 1 0  6  6 s  E' 208    0 2 0 0 0 0  5  5 s  E"   9        21CeCaCo.517
   4333.2623000000    0.0005000   0.0005000    0 1 1 0 1 0  6  5 a A2'  45    0 0 0 0 0 0  7  6 a A2"   1        21CeCaCo.518
   4333.7226000000    0.0005000   0.0005000    0 1 0 2 0 2 10  5 s A2"  74    0 0 0 0 0 0  9  3 a A2'   3        21CeCaCo.519
   4333.9261000000    0.0005000   0.0005000    0 1 1 0 1 0  3  3 a  E'  51    0 0 0 0 0 0  4  2 a  E"   2        21CeCaCo.520
   4334.1415000000    0.0005000   0.0005000    0 3 1 0 1 0  6  4 s A2' 103    0 2 0 0 0 0  5  3 s A2"   4        21CeCaCo.521
   4334.2552000000    0.0005000   0.0005000    0 2 1 0 1 0  7  6 a  E" 209    0 1 0 0 0 0  7  5 a  E'   7        21CeCaCo.522
   4334.3314000000    0.0005000   0.0005000    0 1 1 0 1 0  4  2 s A2'  31    0 0 0 0 0 0  5  3 s A2"   1        21CeCaCo.523
   4334.4796000000    0.0005000   0.0005000    0 2 1 0 1 0  8  5 a  E' 241    0 1 0 0 0 0  8  4 a  E"  10        21CeCaCo.524
   4334.5357000000    0.0005000   0.0005000    0 1 1 0 1 0  4  0 a  E"  72    0 0 0 0 0 0  5  1 a  E'   4        21CeCaCo.525
   4334.6627000000    0.0005000   0.0005000    0 1 0 2 0 0  7  2 a  E" 104    0 0 0 0 0 0  6  2 s  E'   3        21CeCaCo.526
   4334.7460000000    0.0005000   0.0005000    0 1 0 2 0 2  6  1 a  E'  91    0 0 0 0 0 0  5  1 s  E"   4        21CeCaCo.527
   4334.8973000000    0.0005000   0.0005000    0 2 1 0 1 0  9  7 s A2" 112    0 1 0 0 0 0  8  6 s A2'   3        21CeCaCo.528
   4334.9109000000    0.0005000   0.0005000    0 1 1 0 1 0 11  9 s  E" 159    0 0 0 0 0 0 11  8 s  E'   3        21CeCaCo.529
   4335.0019000000    0.0005000   0.0005000    0 1 1 0 1 0  9  6 s  E' 145    0 0 0 0 0 0  9  4 a  E"   4        21CeCaCo.530
   4335.0019100000    0.0005000   0.0005000    0 3 0 1 0 1 12  9 a  E' 181    0 0 0 0 0 0 12  7 s  E"   4        21CeCaCo.531
   4335.0282000000    0.0007000   0.0007000    1 1 0 0 0 0 10  0 a A2"  86    0 0 0 0 0 0 10  3 a A2'   3        21CeCaCo.532
   4335.0549000000    0.0005000   0.0005000    0 2 1 0 1 0 13 13 s A2" 118    0 1 0 0 0 0 12 12 s A2'   5        21CeCaCo.533
   4335.1157000000    0.0006000   0.0006000    0 2 1 0 1 0  9  4 a A2" 130    0 1 0 0 0 0  9  3 a A2'   7        21CeCaCo.534
   4335.1157100000    0.0006000   0.0006000    0 1 0 2 0 2  5  2 a  E"  77    0 0 0 0 0 0  4  4 s  E'   1        21CeCaCo.535
   4335.1660000000    0.0005000   0.0005000    0 1 0 2 0 2  8  4 a  E" 117    0 0 0 0 0 0  7  2 s  E'   4        21CeCaCo.536
   4335.5592000000    0.0005000   0.0005000    0 1 1 0 1 0  3  1 s  E"  54    0 0 0 0 0 0  4  1 a  E'   3        21CeCaCo.537
   4335.6290000000    0.0005000   0.0005000    0 1 1 0 1 0 12 11 a  E' 164    0 0 0 0 0 0 12 10 a  E"   2        21CeCaCo.538
   4335.6758000000    0.0005000   0.0005000    0 2 1 0 1 0  7  3 s  E" 203    0 1 0 0 0 0  6  2 s  E'   7        21CeCaCo.539
   4335.7079000000    0.0008000   0.0008000    0 1 1 0 1 0 13 10 a A2"  90    0 0 0 0 0 0 13  9 a A2'   2        21CeCaCo.540
   4335.7171000000    0.0005000   0.0005000    0 2 1 0 1 0  2  1 a  E'  72    0 1 0 0 0 0  3  2 a  E"   4        21CeCaCo.541
   4335.8203000000    0.0005000   0.0005000    0 1 0 2 0 0  8  6 a A2"  57    0 0 0 0 0 0  7  6 s A2'   1        21CeCaCo.542
   4335.8348000000    0.0005000   0.0005000    0 1 1 0 1 0 14  9 a  E' 213    0 0 0 0 0 0 14  8 a  E"   5        21CeCaCo.543
   4335.9861000000    0.0005000   0.0005000    0 1 1 1 1 1  3  3 s  E" 125    0 0 0 1 0 1  4  4 s  E'   8        21CeCaCo.544
   4336.0783000000    0.0005000   0.0005000    0 2 1 0 1 0  5  2 s A2'  80    0 1 0 0 0 0  4  3 s A2"   3        21CeCaCo.545
   4336.2978000000    0.0005000   0.0005000    0 2 1 0 1 0  8  5 s  E" 223    0 1 0 0 0 0  7  4 s  E'   8        21CeCaCo.546
   4336.3112000000    0.0005000   0.0005000    0 1 1 0 1 0  5  2 s  E'  85    0 0 0 0 0 0  6  4 a  E"   2        21CeCaCo.547
   4336.4407000000    0.0005000   0.0005000    0 1 0 2 0 2  9  6 a  E" 125    0 0 0 0 0 0  8  4 s  E'   4        21CeCaCo.548
   4336.4453000000    0.0005000   0.0005000    0 1 1 0 1 0 13  8 s  E' 200    0 0 0 0 0 0 13  7 s  E"   5        21CeCaCo.549
   4337.0620000000    0.0005000   0.0005000    0 3 1 0 1 0  6  3 s  E" 217    0 2 0 0 0 0  5  2 s  E'  12        21CeCaCo.550
   4337.1345000000    0.0005000   0.0005000    0 0 1 1 1 1 12 11 a  E' 238    0 1 0 0 0 0 11 11 s  E"   9        21CeCaCo.551
   4337.4140000000    0.0005000   0.0005000    0 1 1 0 1 0  5  5 s A2"  36    0 0 0 0 0 0  6  6 s A2'   1        21CeCaCo.552
   4337.5114000000    0.0005000   0.0005000    0 1 1 0 1 0  5  3 a  E'  86    0 0 0 0 0 0  6  4 a  E"   2        21CeCaCo.553
   4337.5114100000    0.0005000   0.0005000    0 1 1 0 1 0 10  9 s  E" 142    0 0 0 0 0 0 10  8 s  E'   2        21CeCaCo.554
   4337.7221000000    0.0005000   0.0005000    0 1 0 2 0 0  8  1 a  E' 120    0 0 0 0 0 0  7  1 s  E"   5        21CeCaCo.555
   4337.7691000000    0.0006000   0.0006000    0 1 0 2 0 0 10  7 s  E" 133    0 0 0 0 0 0  9  7 a  E'   2        21CeCaCo.556
   4338.0244000000    0.0005000   0.0005000    0 1 1 0 1 0  7  4 a A2"  54    0 0 0 0 0 0  8  6 s A2'   1        21CeCaCo.557
   4338.2613000000    0.0005000   0.0005000    0 2 1 0 1 0 11 10 s A2' 120    0 1 0 0 0 0 10  9 s A2"   5        21CeCaCo.558
   4338.3642000000    0.0005000   0.0005000    0 1 1 0 1 0  5  1 a A2'  49    0 0 0 0 0 0  6  3 s A2"   2        21CeCaCo.559
   4338.4324000000    0.0005000   0.0005000    0 1 1 0 1 0  9  7 a  E' 141    0 0 0 0 0 0  9  5 s  E"   3        21CeCaCo.560
   4338.5372000000    0.0005000   0.0005000    0 2 1 0 1 0  6  6 a  E" 179    0 1 0 0 0 0  6  5 a  E'   5        21CeCaCo.561
   4338.6507000000    0.0005000   0.0005000    0 1 1 0 1 0  7  6 s  E' 112    0 0 0 0 0 0  7  4 a  E"   3        21CeCaCo.562
   4338.8113000000    0.0005000   0.0005000    0 1 0 2 0 2 10  4 s A2'  68    0 0 0 0 0 0  9  3 s A2"   3        21CeCaCo.563
   4338.8843000000    0.0005000   0.0005000    1 2 0 0 0 0  2  0 a A2"  39    0 1 0 0 0 0  1  0 s A2'   2        21CeCaCo.564
   4338.9666000000    0.0005000   0.0005000    0 1 0 2 0 0  9  4 s  E' 125    0 0 0 0 0 0  8  4 a  E"   4        21CeCaCo.565
   4339.0317000000    0.0005000   0.0005000    0 1 1 0 1 0  9  7 a A2'  75    0 0 0 0 0 0 10  9 s A2"   1        21CeCaCo.566
   4339.0872000000    0.0012000   0.0012000    0 2 1 0 1 0  7  5 a  E' 211    0 1 0 0 0 0  7  4 a  E"   8        21CeCaCo.567
   4339.4187000000    0.0005000   0.0005000    1 2 0 0 0 0  2  1 a  E'  71    0 1 0 0 0 0  1  1 s  E"   2        21CeCaCo.568
   4339.4687000000    0.0005000   0.0005000    0 1 1 0 1 0  3  0 s  E'  54    0 0 0 0 0 0  4  1 s  E"   3        21CeCaCo.569
   4339.6041000000    0.0005000   0.0005000    1 1 0 0 0 0  8  0 a A2"  69    0 0 0 0 0 0  8  3 a A2'   2        21CeCaCo.570
   4339.6695000000    0.0005000   0.0005000    0 1 1 0 1 0  9  9 s  E" 127    0 0 0 0 0 0  9  8 s  E'   1        21CeCaCo.571
   4339.7958000000    0.0005000   0.0005000    0 1 0 2 0 2  8  3 a  E' 118    0 0 0 0 0 0  7  2 a  E"   4        21CeCaCo.572
   4339.9953000000    0.0005000   0.0005000    0 2 1 0 1 0  8  4 a A2" 126    0 1 0 0 0 0  8  3 a A2'   4        21CeCaCo.573
   4340.0423000000    0.0006000   0.0006000    0 1 1 1 1 1  2  1 s A2"  50    0 0 0 1 0 1  3  2 s A2'   6        21CeCaCo.574
   4340.1080000000    0.0007000   0.0007000    0 1 1 0 1 0  6  6 s  E'  96    0 0 0 0 0 0  6  4 a  E"   2        21CeCaCo.575
   4340.1602000000    0.0005000   0.0005000    0 1 0 2 0 2  7  3 a  E' 105    0 0 0 0 0 0  6  1 s  E"   4        21CeCaCo.576
   4340.2006000000    0.0005000   0.0005000    0 1 1 0 1 0 12  8 s  E' 182    0 0 0 0 0 0 12  7 s  E"   4        21CeCaCo.577
   4340.3756000000    0.0005000   0.0005000    0 1 0 2 0 0 10  4 a  E" 146    0 0 0 0 0 0  9  1 a  E'   6        21CeCaCo.578
   4340.4137000000    0.0005000   0.0005000    0 2 1 0 1 0 11 10 s A2' 121    0 1 0 0 0 0 10  9 s A2"   5        21CeCaCo.579
   4340.4890000000    0.0005000   0.0005000    0 1 1 0 1 0 11 11 a  E' 148    0 0 0 0 0 0 11 10 a  E"   2        21CeCaCo.580
   4340.7367000000    0.0005000   0.0005000    0 1 0 2 0 0  8  5 a  E' 112    0 0 0 0 0 0  7  5 s  E"   2        21CeCaCo.581
   4340.7500000000    0.0005000   0.0005000    0 1 1 0 1 0 12 10 a A2"  89    0 0 0 0 0 0 12  9 a A2'   2        21CeCaCo.582
   4340.8215000000    0.0005000   0.0005000    0 2 1 0 1 0  1  1 a A2'  27    0 1 0 0 0 0  2  0 a A2"   2        21CeCaCo.583
   4341.0266000000    0.0005000   0.0005000    0 1 1 0 1 0  3  2 a  E"  55    0 0 0 0 0 0  4  1 a  E'   3        21CeCaCo.584
   4341.0607000000    0.0005000   0.0005000    0 1 1 0 1 0 13  9 a  E' 192    0 0 0 0 0 0 13  8 a  E"   4        21CeCaCo.585
   4341.1265000000    0.0005000   0.0005000    0 1 0 2 0 2 11  7 a A2'  78    0 0 0 0 0 0 10  6 a A2"   2        21CeCaCo.586
   4341.1993000000    0.0005000   0.0005000    0 2 1 0 1 0  9  3 a  E' 269    0 1 0 0 0 0  9  2 a  E"  12        21CeCaCo.587
   4341.3895000000    0.0005000   0.0005000    0 1 1 0 1 0 14  8 a  E" 220    0 0 0 0 0 0 14  7 a  E'   6        21CeCaCo.588
   4341.6960000000    0.0005000   0.0005000    0 2 1 0 1 0  6  0 s  E' 179    0 1 0 0 0 0  5  1 s  E"   7        21CeCaCo.589
   4341.9272000000    0.0005000   0.0005000    0 1 0 2 0 2  7  2 s A2'  56    0 0 0 0 0 0  6  3 s A2"   2        21CeCaCo.590
   4342.0079000000    0.0005000   0.0005000    0 1 0 2 0 0  9  2 s  E' 130    0 0 0 0 0 0  8  2 a  E"   5        21CeCaCo.591
   4342.0612000000    0.0009000   0.0009000    0 1 1 0 1 0 11 10 a A2"  73    0 0 0 0 0 0 12 12 s A2'   1        21CeCaCo.592
   4342.1690000000    0.0005000   0.0005000    0 1 0 2 0 0  8  0 a A2"  63    0 0 0 0 0 0  7  0 s A2'   3        21CeCaCo.593
   4342.1690100000    0.0005000   0.0005000    0 1 1 0 1 0 11  8 s  E' 164    0 0 0 0 0 0 11  7 s  E"   4        21CeCaCo.594
   4342.3244000000    0.0005000   0.0005000    0 1 0 2 0 2  8  1 s  E" 118    0 0 0 0 0 0  7  1 a  E'   5        21CeCaCo.595
   4342.3669000000    0.0005000   0.0005000    0 1 1 0 1 0  4  3 s  E"  69    0 0 0 0 0 0  5  4 s  E'   2        21CeCaCo.596
   4342.5338000000    0.0005000   0.0005000    0 1 1 0 1 0  4  1 a  E'  72    0 0 0 0 0 0  5  2 a  E"   3        21CeCaCo.597
   4342.6888000000    0.0005000   0.0005000    0 3 0 1 0 1 12  8 a A2" 100    0 0 0 0 0 0 12  6 s A2'   3        21CeCaCo.598
   4343.0070000000    0.0005000   0.0005000    0 1 1 0 1 0  6  6 a  E"  96    0 0 0 0 0 0  7  7 a  E'   1        21CeCaCo.599
   4343.1181000000    0.0005000   0.0005000    0 1 1 0 1 0  4  1 s A2"  39    0 0 0 0 0 0  5  3 a A2'   1        21CeCaCo.600
   4343.1625000000    0.0005000   0.0005000    0 2 1 0 1 0  5  3 s  E" 150    0 1 0 0 0 0  4  4 s  E'   4        21CeCaCo.601
   4343.2667000000    0.0005000   0.0005000    0 2 1 0 1 0  6  5 a  E' 182    0 1 0 0 0 0  6  4 a  E"   6        21CeCaCo.602
   4343.3710000000    0.0005000   0.0005000    0 1 0 2 0 2  7  1 a A2'  57    0 0 0 0 0 0  6  0 a A2"   3        21CeCaCo.603
   4343.5825000000    0.0005000   0.0005000    0 1 0 2 0 2  6  0 a  E"  91    0 0 0 0 0 0  5  2 s  E'   3        21CeCaCo.604
   4343.7848000000    0.0010000   0.0010000    1 1 0 0 0 0  8  1 s  E" 126    0 0 0 0 0 0  8  4 s  E'   4        21CeCaCo.605
   4343.9229000000    0.0005000   0.0005000    0 1 1 0 1 0  6  4 s A2'  46    0 0 0 0 0 0  7  6 a A2"   1        21CeCaCo.606
   4343.9229100000    0.0005000   0.0005000    0 3 1 0 1 0  7  5 s  E" 247    0 2 0 0 0 0  6  4 s  E'  11        21CeCaCo.607
   4344.0742000000    0.0005000   0.0005000    0 1 0 2 0 2  7  4 s  E'  98    0 0 0 0 0 0  6  5 s  E"   1        21CeCaCo.608
   4344.0949000000    0.0005000   0.0005000    0 2 1 0 1 0 10  8 s  E' 242    0 1 0 0 0 0  9  7 s  E"   8        21CeCaCo.609
   4344.1268000000    0.0005000   0.0005000    0 1 0 2 0 0  8  4 a  E" 114    0 0 0 0 0 0  7  4 s  E'   3        21CeCaCo.610
   4344.2277000000    0.0005000   0.0005000    0 3 1 0 1 0  5  0 s  E' 188    0 2 0 0 0 0  4  1 s  E"   9        21CeCaCo.611
   4344.3531000000    0.0005000   0.0005000    0 1 0 2 0 2  8  0 s  E' 121    0 0 0 0 0 0  7  1 s  E"   5        21CeCaCo.612
   4344.4119000000    0.0009000   0.0009000    0 3 1 0 1 0  7  6 s  E' 240    0 2 0 0 0 0  6  5 s  E"  10        21CeCaCo.613
   4344.5345000000    0.0005000   0.0005000    0 2 1 0 1 0  7  4 a A2" 101    0 1 0 0 0 0  7  3 a A2'   5        21CeCaCo.614
   4344.5466000000    0.0005000   0.0005000    0 1 1 0 1 0  2  2 s  E'  39    0 0 0 0 0 0  3  1 s  E"   2        21CeCaCo.615
   4344.5787000000    0.0005000   0.0005000    0 2 1 0 1 0  2  2 a A2"  40    0 1 0 0 0 0  3  3 a A2'   4        21CeCaCo.616
   4344.6747000000    0.0005000   0.0005000    0 2 1 0 1 0  2  2 a A2"  40    0 1 0 0 0 0  3  0 s A2'   3        21CeCaCo.617
   4344.7921000000    0.0005000   0.0005000    0 1 0 2 0 2 10  4 s  E' 146    0 0 0 0 0 0  9  2 a  E"   5        21CeCaCo.618
   4345.0904000000    0.0005000   0.0005000    0 1 1 0 1 0 10  8 s  E' 148    0 0 0 0 0 0 10  7 s  E"   3        21CeCaCo.619
   4345.0989000000    0.0013000   0.0013000    0 1 0 2 0 2  6  1 a  E'  91    0 0 0 0 0 0  5  2 a  E"   3        21CeCaCo.620
   4345.1122000000    0.0005000   0.0005000    0 3 1 0 1 0  7  4 s A2' 132    0 2 0 0 0 0  6  3 s A2"   8        21CeCaCo.621
   4345.1768000000    0.0005000   0.0005000    0 1 1 1 1 1  4  4 a A2"  86    0 0 0 1 0 1  5  5 a A2'   5        21CeCaCo.622
   4345.2129000000    0.0009000   0.0009000    1 1 0 0 0 0  7  1 s  E" 110    0 0 0 0 0 0  7  4 s  E'   3        21CeCaCo.623
   4345.5134000000    0.0005000   0.0005000    0 2 1 0 1 0  7  2 s  E' 205    0 1 0 0 0 0  6  1 s  E"   7        21CeCaCo.624
   4345.5568000000    0.0005000   0.0005000    0 1 1 0 1 0 11 10 a A2"  73    0 0 0 0 0 0 11  9 a A2'   1        21CeCaCo.625
   4345.6847000000    0.0005000   0.0005000    0 1 1 0 1 0  6  3 a  E' 100    0 0 0 0 0 0  7  5 s  E"   2        21CeCaCo.626
   4345.7016000000    0.0006000   0.0006000    1 1 0 0 0 0 12 10 a  E" 158    0 0 0 0 0 0 11  7 a  E'   4        21CeCaCo.627
   4346.0314000000    0.0005000   0.0005000    0 1 1 0 1 0 14  6 s  E' 238    0 0 0 0 0 0 14  5 s  E"   7        21CeCaCo.628
   4346.0471000000    0.0005000   0.0005000    0 2 1 0 1 0  8  3 a  E' 243    0 1 0 0 0 0  8  2 a  E"  12        21CeCaCo.629
   4346.0757000000    0.0005000   0.0005000    0 1 1 0 1 0 12  9 a  E' 174    0 0 0 0 0 0 12  8 a  E"   3        21CeCaCo.630
   4346.1369000000    0.0007000   0.0007000    0 3 0 1 0 1 11  7 s A2"  66    0 0 0 0 0 0 10  9 a A2'   1        21CeCaCo.631
   4346.2290000000    0.0005000   0.0005000    0 1 1 0 1 0  4  0 a  E"  72    0 0 0 0 0 0  5  2 s  E'   3        21CeCaCo.632
   4346.4586000000    0.0005000   0.0005000    0 1 1 0 1 0  5  4 a  E"  84    0 0 0 0 0 0  6  5 a  E'   1        21CeCaCo.633
   4346.4983000000    0.0005000   0.0005000    0 2 1 0 1 0  9  6 s  E' 239    0 1 0 0 0 0  8  5 s  E"   9        21CeCaCo.634
   4346.5997000000    0.0005000   0.0005000    0 1 1 0 1 0 13  8 a  E" 202    0 0 0 0 0 0 13  7 a  E'   5        21CeCaCo.635
   4346.9572000000    0.0005000   0.0005000    0 2 1 0 1 0  5  5 a  E' 153    0 1 0 0 0 0  5  4 a  E"   6        21CeCaCo.636
   4347.0085000000    0.0005000   0.0005000    0 1 0 2 0 2  9  5 a A2'  68    0 0 0 0 0 0  8  3 s A2"   2        21CeCaCo.637
   4347.1624000000    0.0005000   0.0005000    0 2 1 0 1 0  8  4 s A2' 108    0 1 0 0 0 0  7  3 s A2"   4        21CeCaCo.638
   4347.3416000000    0.0005000   0.0005000    0 1 1 0 1 0  3  1 s  E"  54    0 0 0 0 0 0  4  2 s  E'   2        21CeCaCo.639
   4347.4094000000    0.0005000   0.0005000    0 1 1 0 1 0 12  7 s A2" 101    0 0 0 0 0 0 12  6 s A2'   3        21CeCaCo.640
   4347.5029000000    0.0005000   0.0005000    0 1 1 0 1 0  9  8 s  E' 132    0 0 0 0 0 0  9  7 s  E"   2        21CeCaCo.641
   4347.5497000000    0.0005000   0.0005000    0 1 0 2 0 2  7  3 s  E" 101    0 0 0 0 0 0  6  4 s  E'   2        21CeCaCo.642
   4347.7702000000    0.0005000   0.0005000    0 2 1 0 1 0  9  2 a  E" 272    0 1 0 0 0 0  9  1 a  E'  12        21CeCaCo.643
   4347.8850000000    0.0005000   0.0005000    0 3 1 0 1 0  6  1 s A2" 118    0 2 0 0 0 0  5  0 s A2'   7        21CeCaCo.644
   4348.0606000000    0.0006000   0.0006000    0 1 0 2 0 0  8  1 a  E' 120    0 0 0 0 0 0  7  2 a  E"   4        21CeCaCo.645
   4348.0606100000    0.0006000   0.0006000    0 3 1 0 1 0  7  3 s  E" 255    0 2 0 0 0 0  6  2 s  E'  14        21CeCaCo.646
   4348.3223000000    0.0005000   0.0005000    0 1 0 2 0 0  9  8 a  E" 115    0 0 0 0 0 0  8  8 s  E'   1        21CeCaCo.647
   4348.3652000000    0.0005000   0.0005000    0 1 1 0 1 0  3  1 a A2'  33    0 0 0 0 0 0  4  0 a A2"   2        21CeCaCo.648
   4348.4879000000    0.0005000   0.0005000    0 2 1 0 1 0  1  0 a  E"  43    0 1 0 0 0 0  2  1 a  E'   4        21CeCaCo.649
   4348.5884000000    0.0005000   0.0005000    0 1 0 2 0 0 10  6 s A2'  66    0 0 0 0 0 0  9  6 a A2"   2        21CeCaCo.650
   4348.6284000000    0.0005000   0.0005000    0 2 1 0 1 0  6  4 a A2"  98    0 1 0 0 0 0  6  3 a A2'   4        21CeCaCo.651
   4348.7709000000    0.0005000   0.0005000    0 2 1 0 1 0 12 11 s  E" 246    0 1 0 0 0 0 11 10 s  E'  10        21CeCaCo.652
   4349.0830000000    0.0005000   0.0005000    0 1 0 2 0 2 10  5 a  E' 140    0 0 0 0 0 0  9  4 a  E"   4        21CeCaCo.653
   4349.3090000000    0.0005000   0.0005000    0 1 1 0 1 0 11  7 s A2"  82    0 0 0 0 0 0 11  6 s A2'   2        21CeCaCo.654
   4349.5611000000    0.0005000   0.0005000    0 1 1 0 1 0  8  8 s  E' 119    0 0 0 0 0 0  8  7 s  E"   2        21CeCaCo.655
   4349.7319000000    0.0005000   0.0005000    0 2 1 0 1 0  6  1 s  E" 176    0 1 0 0 0 0  5  2 s  E'   7        21CeCaCo.656
   4349.8218000000    0.0005000   0.0005000    0 1 1 0 1 0  3  0 s  E'  54    0 0 0 0 0 0  4  2 a  E"   2        21CeCaCo.657
   4349.9698000000    0.0005000   0.0005000    0 1 0 2 0 0  8  2 a  E" 119    0 0 0 0 0 0  7  1 a  E'   5        21CeCaCo.658
   4350.1000000000    0.0005000   0.0005000    0 1 1 0 1 0 10 10 a A2"  72    0 0 0 0 0 0 10  9 a A2'   1        21CeCaCo.659
   4350.2116000000    0.0005000   0.0005000    0 1 0 2 0 0  8  3 a A2'  54    0 0 0 0 0 0  7  3 s A2"   2        21CeCaCo.660
   4350.4851000000    0.0005000   0.0005000    0 1 1 0 1 0  4  4 s  E'  67    0 0 0 0 0 0  5  5 s  E"   1        21CeCaCo.661
   4350.5222000000    0.0005000   0.0005000    0 1 0 2 0 2  7  5 s A2"  45    0 0 0 0 0 0  6  6 s A2'   1        21CeCaCo.662
   4350.8481000000    0.0005000   0.0005000    0 1 1 0 1 0 11  9 a  E' 159    0 0 0 0 0 0 11  8 a  E"   3        21CeCaCo.663
   4350.8802000000    0.0005000   0.0005000    0 1 1 0 1 0  4  2 a A2"  40    0 0 0 0 0 0  5  3 a A2'   1        21CeCaCo.664
   4351.0401000000    0.0005000   0.0005000    0 1 0 2 0 2  9  3 s  E" 133    0 0 0 0 0 0  8  1 a  E'   6        21CeCaCo.665
   4351.0674000000    0.0005000   0.0005000    0 3 0 1 0 1 12  7 a  E' 195    0 0 0 0 0 0 12  5 s  E"   5        21CeCaCo.666
   4351.2828000000    0.0008000   0.0008000    0 2 1 0 1 0 14 13 s A2" 140    0 1 0 0 0 0 13 12 s A2'   6        21CeCaCo.667
   4351.6026000000    0.0005000   0.0005000    0 1 1 0 1 0 12  8 a  E" 183    0 0 0 0 0 0 12  7 a  E'   4        21CeCaCo.668
   4352.0269000000    0.0005000   0.0005000    0 1 0 2 0 2  6  1 a A2'  43    0 0 0 0 0 0  5  3 s A2"   1        21CeCaCo.669
   4352.1657000000    0.0005000   0.0005000    1 1 0 0 0 0  3  2 s  E'  49    0 0 0 0 0 0  2  2 a  E"   1        21CeCaCo.670
   4352.2546000000    0.0005000   0.0005000    0 2 1 0 1 0  5  4 a A2"  71    0 1 0 0 0 0  5  3 a A2'   3        21CeCaCo.671
   4352.2929000000    0.0005000   0.0005000    0 1 1 0 1 0  2  1 s A2"  23    0 0 0 0 0 0  3  0 s A2'   2        21CeCaCo.672
   4352.3371000000    0.0005000   0.0005000    0 1 1 0 1 0 13  7 a A2' 109    0 0 0 0 0 0 13  6 a A2"   3        21CeCaCo.673
   4352.4189000000    0.0005000   0.0005000    1 1 0 0 0 0  3  1 s  E"  50    0 0 0 0 0 0  2  1 a  E'   2        21CeCaCo.674
   4352.4310000000    0.0005000   0.0005000    0 1 1 0 1 0 10  7 s A2"  82    0 0 0 0 0 0 10  6 s A2'   2        21CeCaCo.675
   4352.5022000000    0.0005000   0.0005000    1 1 0 0 0 0  3  0 s A2'  31    0 0 0 0 0 0  2  0 a A2"   1        21CeCaCo.676
   4352.5964000000    0.0006000   0.0006000    0 2 1 0 1 0  8  2 a  E" 243    0 1 0 0 0 0  8  1 a  E'  12        21CeCaCo.677
   4352.7982000000    0.0005000   0.0005000    0 1 1 0 1 0  7  5 s A2"  53    0 0 0 0 0 0  7  3 a A2'   2        21CeCaCo.678
   4352.9886000000    0.0005000   0.0005000    0 1 0 2 0 0 10  1 s  E" 148    0 0 0 0 0 0  9  1 a  E'   6        21CeCaCo.679
   4353.2234000000    0.0005000   0.0005000    0 1 1 0 1 0  5  2 a  E"  88    0 0 0 0 0 0  6  4 s  E'   2        21CeCaCo.680
   4353.4185000000    0.0005000   0.0005000    0 1 0 2 0 0  6  1 a  E'  89    0 0 0 0 0 0  5  4 a  E"   2        21CeCaCo.681
   4353.5780000000    0.0005000   0.0005000    0 2 1 0 1 0 11  9 s  E" 255    0 1 0 0 0 0 10  8 s  E'   9        21CeCaCo.682
   4353.8037000000    0.0005000   0.0005000    0 1 1 0 1 0  3  1 a  E'  55    0 0 0 0 0 0  4  1 s  E"   3        21CeCaCo.683
   4353.9160000000    0.0005000   0.0005000    0 1 1 0 1 0  7  5 a  E' 115    0 0 0 0 0 0  8  7 s  E"   2        21CeCaCo.684
   4354.4084000000    0.0007000   0.0007000    0 1 1 0 1 0  6  5 s A2"  54    0 0 0 0 0 0  6  3 a A2'   2        21CeCaCo.685
   4354.5785000000    0.0005000   0.0005000    0 2 1 0 1 0  6  3 a  E' 184    0 1 0 0 0 0  6  2 a  E"   8        21CeCaCo.686
   4354.6870000000    0.0005000   0.0005000    0 1 0 2 0 2  8  0 s  E' 121    0 0 0 0 0 0  7  2 a  E"   4        21CeCaCo.687
   4354.8662000000    0.0005000   0.0005000    0 1 0 2 0 0  9  7 a  E' 117    0 0 0 0 0 0  8  7 s  E"   2        21CeCaCo.688
   4354.9256000000    0.0006000   0.0006000    0 3 0 1 0 1 12  7 a  E' 197    0 0 0 0 0 0 12  5 s  E"   5        21CeCaCo.689
   4355.0429000000    0.0005000   0.0005000    0 1 1 0 1 0  9  7 s A2"  67    0 0 0 0 0 0  9  6 s A2'   2        21CeCaCo.690
   4355.1789000000    0.0006000   0.0006000    0 1 0 2 0 2  8  2 a  E" 121    0 0 0 0 0 0  7  1 a  E'   5        21CeCaCo.691
   4355.3045000000    0.0005000   0.0005000    0 1 1 0 1 0  3  2 s A2'  32    0 0 0 0 0 0  4  3 s A2"   1        21CeCaCo.692
   4355.3510000000    0.0005000   0.0005000    0 1 1 0 1 0 10  9 a  E' 143    0 0 0 0 0 0 10  8 a  E"   2        21CeCaCo.693
   4355.3510100000    0.0005000   0.0005000    0 2 1 0 1 0  4  4 a A2"  68    0 1 0 0 0 0  4  3 a A2'   2        21CeCaCo.694
   4355.4428000000    0.0005000   0.0005000    0 1 0 2 0 2  9  4 a  E" 132    0 0 0 0 0 0  8  2 s  E'   5        21CeCaCo.695
   4355.7615000000    0.0005000   0.0005000    0 1 1 0 1 0  5  5 s A2"  36    0 0 0 0 0 0  5  3 a A2'   1        21CeCaCo.696
   4355.8804000000    0.0005000   0.0005000    0 1 1 0 1 0  5  5 a A2'  45    0 0 0 0 0 0  6  6 a A2"   1        21CeCaCo.697
   4356.1269000000    0.0005000   0.0005000    0 1 1 0 1 0  3  0 a  E"  56    0 0 0 0 0 0  4  1 a  E'   3        21CeCaCo.698
   4356.3550000000    0.0005000   0.0005000    0 1 1 0 1 0 11  8 a  E" 167    0 0 0 0 0 0 11  7 a  E'   4        21CeCaCo.699
   4356.3821000000    0.0006000   0.0006000    0 1 1 0 1 0  9  8 a  E" 134    0 0 0 0 0 0 10 10 s  E'   1        21CeCaCo.700
   4356.4291000000    0.0005000   0.0005000    0 1 1 0 1 0 11  6 s  E' 177    0 0 0 0 0 0 11  5 s  E"   5        21CeCaCo.701
   4356.5470000000    0.0005000   0.0005000    1 2 0 0 0 0  3  1 a  E'  95    0 1 0 0 0 0  2  1 s  E"   3        21CeCaCo.702
   4356.6107000000    0.0005000   0.0005000    0 1 0 2 0 2 10  3 s  E" 147    0 0 0 0 0 0  9  2 s  E'   5        21CeCaCo.703