15260.23640 0.024 0.024 4 0 1 0 1 0 6 4 a A2"  3761 0 0 0 0 0 0 7 3 a A2' 2   18ZoCoOvKy.1
15271.54750 0.024 0.024 4 0 1 0 1 0 6 1 s A2"  3799 0 0 0 0 0 0 7 0 s A2' 3   18ZoCoOvKy.2
15290.35790 0.024 0.024 4 0 1 0 1 0 5 4 a A2"  3078 0 0 0 0 0 0 6 3 a A2' 2   18ZoCoOvKy.3
15292.51040 0.024 0.024 4 0 1 0 1 0 5 3 a  E'  6272 0 0 0 0 0 0 6 2 a  E" 3   18ZoCoOvKy.4
15292.92880 0.024 0.024 4 0 1 0 1 0 6 2 a A2"  3793 0 0 0 0 0 0 7 3 a A2' 2   18ZoCoOvKy.5
15294.70400 0.024 0.024 4 0 1 0 1 0 5 4 s A2'  3188 0 0 0 0 0 0 6 3 s A2" 2   18ZoCoOvKy.6
15300.18700 0.024 0.024 4 0 1 0 1 0 5 1 a A2'  3219 0 0 0 0 0 0 6 0 a A2" 3   18ZoCoOvKy.7
15301.93410 0.024 0.024 4 0 1 0 1 0 6 2 s A2'  3697 0 0 0 0 0 0 7 3 s A2" 2   18ZoCoOvKy.8
15310.74870 0.024 0.024 5 0 0 0 0 0 5 3 a A2'  3202 0 0 0 0 0 0 6 3 s A2" 2   18ZoCoOvKy.9
15311.10140 0.024 0.024 4 0 1 0 1 0 5 0 a  E"  6371 0 0 0 0 0 0 6 1 a  E' 4  18ZoCoOvKy.10
15315.27080 0.024 0.024 4 0 1 0 1 0 6 1 a A2'  3708 0 0 0 0 0 0 7 3 s A2" 2  18ZoCoOvKy.11
15315.27080 0.024 0.024 4 0 1 0 1 0 5 0 s  E'  6321 0 0 0 0 0 0 6 1 s  E" 4  18ZoCoOvKy.12
15318.35770 0.024 0.024 4 0 1 0 1 0 4 4 a A2"  2609 0 0 0 0 0 0 5 3 a A2' 1  18ZoCoOvKy.13
15320.33550 0.024 0.024 4 0 1 0 1 0 4 3 a  E'  5162 0 0 0 0 0 0 5 2 a  E" 3  18ZoCoOvKy.14
15321.03230 0.024 0.024 4 0 1 0 1 0 4 2 a A2"  2635 0 0 0 0 0 0 5 0 s A2' 2  18ZoCoOvKy.15
15324.66260 0.024 0.024 4 0 1 0 1 0 4 3 s  E"  5123 0 0 0 0 0 0 5 2 s  E' 3  18ZoCoOvKy.16
15326.56900 0.024 0.024 4 0 1 0 1 0 5 2 s A2'  3213 0 0 0 0 0 0 6 3 s A2" 2  18ZoCoOvKy.17
15327.44990 0.024 0.024 5 0 0 0 0 0 4 2 s  E'  5186 0 0 0 0 0 0 5 1 s  E" 4  18ZoCoOvKy.18
15328.48690 0.024 0.024 4 0 1 1 0 0 4 2 s  E'  5186 0 0 0 0 0 0 5 1 s  E" 4  18ZoCoOvKy.19
15329.96930 0.024 0.024 4 0 1 0 1 0 4 1 s A2"  2637 0 0 0 0 0 0 5 0 s A2' 2  18ZoCoOvKy.20
15336.14590 0.024 0.024 5 0 0 0 0 0 4 0 a A2"  2641 0 0 0 0 0 0 5 0 s A2' 2  18ZoCoOvKy.21
15336.50820 0.024 0.024 4 0 1 0 1 0 4 0 a  E"  5156 0 0 0 0 0 0 5 1 a  E' 4  18ZoCoOvKy.22
15336.74750 0.024 0.024 4 0 1 0 1 0 5 3 a  E'  6272 0 0 0 0 0 0 6 4 a  E" 2  18ZoCoOvKy.23
15336.74750 0.024 0.024 4 0 1 0 1 0 6 5 a A2'  3636 0 0 0 0 0 0 7 6 a A2" 1  18ZoCoOvKy.24
15336.74750 0.024 0.024 4 0 1 0 1 0 6 5 s A2"  3740 0 0 0 0 0 0 7 6 s A2' 1  18ZoCoOvKy.25
15336.90440 0.024 0.024 5 0 0 0 0 0 4 3 a A2'  2513 0 0 0 0 0 0 5 3 s A2" 1  18ZoCoOvKy.26
15337.79190 0.024 0.024 4 0 1 0 1 0 5 3 a  E'  6272 0 0 0 0 0 0 6 4 a  E" 2  18ZoCoOvKy.27
15340.62960 0.024 0.024 5 0 0 0 0 0 4 3 s A2"  2623 0 0 0 0 0 0 5 3 a A2' 1  18ZoCoOvKy.28
15346.64140 0.024 0.024 4 0 1 0 1 0 3 3 a  E'  3967 0 0 0 0 0 0 4 2 a  E" 2  18ZoCoOvKy.29
15346.84810 0.024 0.024 4 0 1 0 1 0 6 6 a  E"  7288 0 0 0 0 0 0 7 7 a  E' 1  18ZoCoOvKy.30
15349.24560 0.024 0.024 4 0 1 0 1 0 5 4 a  E"  6283 0 0 0 0 0 0 6 5 a  E' 1  18ZoCoOvKy.31
15350.13460 0.024 0.024 4 0 1 0 1 0 3 3 s  E"  4013 0 0 0 0 0 0 4 2 s  E' 2  18ZoCoOvKy.32
15350.13460 0.024 0.024 4 0 1 0 1 0 3 3 s  E"  4013 0 0 0 0 0 0 4 2 s  E' 2  18ZoCoOvKy.33
15350.95900 0.024 0.024 4 0 1 0 1 0 3 2 a  E"  4022 0 0 0 0 0 0 4 1 a  E' 3  18ZoCoOvKy.34
15351.36370 0.024 0.024 4 0 1 0 1 0 6 6 s  E'  7333 0 0 0 0 0 0 7 7 s  E" 1  18ZoCoOvKy.35
15352.88400 0.024 0.024 4 0 1 0 1 0 5 4 s  E'  6246 0 0 0 0 0 0 6 5 s  E" 1  18ZoCoOvKy.36
15353.45260 0.024 0.024 4 0 1 0 1 0 4 2 a A2"  2635 0 0 0 0 0 0 5 3 a A2' 1  18ZoCoOvKy.37
15354.51320 0.024 0.024 4 0 1 0 1 0 3 1 a A2'  2068 0 0 0 0 0 0 4 0 a A2" 2  18ZoCoOvKy.38
15358.62180 0.024 0.024 4 0 1 0 1 0 4 2 s A2'  2529 0 0 0 0 0 0 5 3 s A2" 1  18ZoCoOvKy.39
15362.04730 0.024 0.024 4 0 1 0 1 0 5 5 a A2'  3163 0 0 0 0 0 0 6 6 a A2" 1  18ZoCoOvKy.40
15362.68850 0.024 0.024 5 0 0 0 0 0 3 0 s A2'  2074 0 0 0 0 0 0 4 0 a A2" 2  18ZoCoOvKy.41
15364.42110 0.024 0.024 4 0 1 0 1 0 3 0 a  E"  4043 0 0 0 0 0 0 4 1 a  E' 3  18ZoCoOvKy.42
15364.54340 0.024 0.024 4 0 1 0 1 0 4 3 a  E'  5162 0 0 0 0 0 0 5 4 a  E" 2  18ZoCoOvKy.43
15365.13290 0.024 0.024 5 0 0 0 0 0 3 3 a A2'  2055 0 0 0 0 0 0 4 3 s A2" 1  18ZoCoOvKy.44
15365.69510 0.024 0.024 4 0 1 0 1 0 4 1 a A2'  2531 0 0 0 0 0 0 5 3 s A2" 1  18ZoCoOvKy.45
15366.15320 0.024 0.024 4 0 1 0 1 0 5 5 s A2"  3061 0 0 0 0 0 0 6 6 s A2' 1  18ZoCoOvKy.46
15367.24670 0.024 0.024 4 0 1 0 1 0 3 0 s  E'  3998 0 0 0 0 0 0 4 1 s  E" 3  18ZoCoOvKy.47
15367.40130 0.024 0.024 5 0 0 0 0 0 3 3 s A2"  1950 0 0 0 0 0 0 4 3 a A2' 1  18ZoCoOvKy.48
15368.33340 0.024 0.024 4 0 1 0 1 0 4 3 a  E'  5162 0 0 0 0 0 0 5 4 a  E" 2  18ZoCoOvKy.49
15368.33340 0.024 0.024 4 0 1 0 1 0 4 3 s  E"  5123 0 0 0 0 0 0 5 4 s  E' 2  18ZoCoOvKy.50
15368.56180 0.024 0.024 5 0 0 0 0 0 4 0 a A2"  2641 0 0 0 0 0 0 5 3 a A2' 1  18ZoCoOvKy.51
15368.94640 0.024 0.024 4 0 1 0 1 0 4 3 s  E"  5123 0 0 0 0 0 0 5 4 s  E' 2  18ZoCoOvKy.52
15375.11380 0.024 0.024 4 0 1 0 1 0 2 2 a  E"  2841 0 0 0 0 0 0 3 1 a  E' 2  18ZoCoOvKy.53
15376.59510 0.024 0.024 5 0 0 0 0 0 4 4 a  E"  5095 0 0 0 0 0 0 5 5 a  E' 1  18ZoCoOvKy.54
15378.46570 0.024 0.024 4 0 1 0 1 0 2 2 s  E'  2886 0 0 0 0 0 0 3 1 s  E" 2  18ZoCoOvKy.55
15379.24610 0.024 0.024 4 0 1 0 1 0 3 1 s  E"  4048 0 0 0 0 0 0 4 2 s  E' 2  18ZoCoOvKy.56
15380.39300 0.024 0.024 4 0 1 0 1 0 3 2 a A2"  1954 0 0 0 0 0 0 4 3 a A2' 1  18ZoCoOvKy.57
15380.39300 0.024 0.024 4 0 1 0 1 0 3 2 a A2"  1954 0 0 0 0 0 0 4 3 a A2' 1  18ZoCoOvKy.58
15383.19180 0.024 0.024 5 0 0 0 0 0 2 0 a A2"  1484 0 0 0 0 0 0 3 0 s A2' 2  18ZoCoOvKy.59
15383.19180 0.024 0.024 4 0 1 0 1 0 2 1 s A2"  1483 0 0 0 0 0 0 3 0 s A2' 2  18ZoCoOvKy.60
15383.42060 0.024 0.024 4 0 1 0 1 0 4 4 s  E'  5144 0 0 0 0 0 0 5 5 s  E" 1  18ZoCoOvKy.61
15383.42060 0.024 0.024 4 0 1 0 1 0 3 2 s A2'  2065 0 0 0 0 0 0 4 3 s A2" 1  18ZoCoOvKy.62
15385.67180 0.024 0.024 5 0 0 0 0 0 2 1 s  E'  2892 0 0 0 0 0 0 3 1 s  E" 2  18ZoCoOvKy.63
15387.51920 0.024 0.024 4 0 1 0 1 0 7 6 a  E"  8481 0 0 0 0 0 0 7 5 a  E' 2  18ZoCoOvKy.64
15387.58460 0.024 0.024 4 0 1 0 1 0 2 0 a  E"  2853 0 0 0 0 0 0 3 1 a  E' 2  18ZoCoOvKy.65
15387.75680 0.024 0.024 4 0 1 0 1 0 7 7 a A2'  4248 0 0 0 0 0 0 7 6 a A2" 1  18ZoCoOvKy.66
15388.02830 0.024 0.024 4 0 1 0 1 0 7 4 a A2"  4237 0 0 0 0 0 0 7 3 a A2' 2  18ZoCoOvKy.67
15388.48290 0.024 0.024 4 0 1 0 1 0 3 1 a A2'  2068 0 0 0 0 0 0 4 3 s A2" 1  18ZoCoOvKy.68
15390.45810 0.024 0.024 5 0 0 0 0 0 7 6 s  E'  8441 0 0 0 0 0 0 7 5 s  E" 2  18ZoCoOvKy.69
15390.55480 0.024 0.024 4 0 1 0 1 0 2 0 s  E'  2903 0 0 0 0 0 0 3 1 s  E" 2  18ZoCoOvKy.70
15390.70340 0.024 0.024 5 0 0 0 0 0 3 3 s  E"  4007 0 0 0 0 0 0 4 4 s  E' 1  18ZoCoOvKy.71
15390.80990 0.024 0.024 4 0 1 0 1 0 7 5 s  E"  8559 0 0 0 0 0 0 7 4 s  E' 3  18ZoCoOvKy.72
15390.80990 0.024 0.024 4 0 1 0 1 0 7 7 s A2"  4143 0 0 0 0 0 0 7 6 s A2' 1  18ZoCoOvKy.73
15390.80990 0.024 0.024 4 0 1 0 1 0 7 7 s A2"  4143 0 0 0 0 0 0 7 6 s A2' 1  18ZoCoOvKy.74
15392.20060 0.024 0.024 4 0 1 0 1 0 7 4 s A2'  4348 0 0 0 0 0 0 7 3 s A2" 2  18ZoCoOvKy.75
15392.95080 0.024 0.024 4 0 1 0 1 0 7 2 a A2"  4284 0 0 0 0 0 0 7 0 s A2' 3  18ZoCoOvKy.76
15393.61680 0.024 0.024 4 0 1 0 1 0 5 4 s A2'  3188 0 0 0 0 0 0 6 6 a A2" 1  18ZoCoOvKy.77
15396.02580 0.024 0.024 5 0 0 0 0 0 2 1 a  E'  2892 0 0 0 0 0 0 3 2 a  E" 1  18ZoCoOvKy.78
15397.83730 0.024 0.024 4 0 1 0 1 0 6 5 a  E'  7389 0 0 0 0 0 0 6 4 a  E" 2  18ZoCoOvKy.79
15398.48460 0.024 0.024 4 0 1 0 1 0 6 4 a A2"  3761 0 0 0 0 0 0 6 3 a A2' 2  18ZoCoOvKy.80
15398.48460 0.024 0.024 4 0 1 0 1 0 2 1 s  E"  2854 0 0 0 0 0 0 3 2 s  E' 1  18ZoCoOvKy.81
15400.62110 0.024 0.024 4 0 1 0 1 0 6 4 s A2'  3653 0 0 0 0 0 0 6 3 s A2" 2  18ZoCoOvKy.82
15401.01780 0.024 0.024 4 0 1 0 1 0 6 6 s  E'  7333 0 0 0 0 0 0 6 5 s  E" 1  18ZoCoOvKy.83
15401.52940 0.024 0.024 4 0 1 0 1 0 6 5 s  E"  7351 0 0 0 0 0 0 6 4 s  E' 2  18ZoCoOvKy.84
15403.03610 0.024 0.024 4 0 1 0 1 0 1 1 a A2'   917 0 0 0 0 0 0 2 0 a A2" 1  18ZoCoOvKy.85
15404.44980 0.024 0.024 4 0 1 0 1 0 2 2 a A2"  1480 0 0 0 0 0 0 3 3 a A2' 1  18ZoCoOvKy.86
15406.66530 0.024 0.024 4 0 1 0 1 0 6 2 s A2'  3697 0 0 0 0 0 0 6 0 a A2" 3  18ZoCoOvKy.87
15406.90900 0.024 0.024 5 0 0 0 0 0 7 3 a A2'  4365 0 0 0 0 0 0 7 3 s A2" 2  18ZoCoOvKy.88
15407.22030 0.024 0.024 4 0 1 0 1 0 5 5 a  E'  6205 0 0 0 0 0 0 5 4 a  E" 2  18ZoCoOvKy.89
15408.27610 0.024 0.024 4 0 1 0 1 0 2 2 s A2'  1372 0 0 0 0 0 0 3 3 s A2" 1  18ZoCoOvKy.90
15409.10690 0.024 0.024 4 0 1 0 1 0 5 4 a A2"  3078 0 0 0 0 0 0 5 3 a A2' 1  18ZoCoOvKy.91
15410.28030 0.024 0.024 4 0 1 0 1 0 1 0 a  E"  1741 0 0 0 0 0 0 2 1 a  E' 2  18ZoCoOvKy.92
15411.07230 0.024 0.024 4 0 1 0 1 0 5 5 s  E"  6254 0 0 0 0 0 0 5 4 s  E' 2  18ZoCoOvKy.93
15411.17310 0.024 0.024 4 0 1 0 1 0 5 3 a  E'  6272 0 0 0 0 0 0 5 2 a  E" 3  18ZoCoOvKy.94
15411.17310 0.024 0.024 4 0 1 0 1 0 5 4 s A2'  3188 0 0 0 0 0 0 5 3 s A2" 1  18ZoCoOvKy.95
15412.45990 0.024 0.024 4 0 1 0 1 0 5 3 a  E'  6272 0 0 0 0 0 0 5 2 a  E" 3  18ZoCoOvKy.96
15413.50770 0.024 0.024 4 0 1 0 1 0 5 4 s A2'  3188 0 0 0 0 0 0 5 3 s A2" 1  18ZoCoOvKy.97
15413.99410 0.024 0.024 4 0 1 0 1 0 1 0 s  E'  1701 0 0 0 0 0 0 2 1 s  E" 2  18ZoCoOvKy.98
15414.25100 0.024 0.024 5 0 0 0 0 0 3 3 s A2"  1950 0 0 0 0 0 0 3 0 s A2' 2  18ZoCoOvKy.99
15415.50300 0.024 0.024 4 0 1 0 1 0 2 1 a A2'  1375 0 0 0 0 0 0 3 3 s A2" 1 18ZoCoOvKy.100
15415.78800 0.024 0.024 4 0 1 0 1 0 2 1 s A2"  1483 0 0 0 0 0 0 3 3 a A2' 1 18ZoCoOvKy.101
15417.50460 0.024 0.024 4 0 1 0 1 0 4 4 a A2"  2609 0 0 0 0 0 0 4 3 a A2' 1 18ZoCoOvKy.102
15419.39980 0.024 0.024 4 0 1 0 1 0 4 3 a  E'  5162 0 0 0 0 0 0 4 2 a  E" 2 18ZoCoOvKy.103
15420.00760 0.024 0.024 4 0 1 0 1 0 6 1 a A2'  3708 0 0 0 0 0 0 6 0 a A2" 3 18ZoCoOvKy.104
15420.32940 0.024 0.024 4 0 1 0 1 0 4 4 s A2'  2504 0 0 0 0 0 0 4 3 s A2" 1 18ZoCoOvKy.105
15421.34540 0.024 0.024 5 0 0 0 0 0 6 3 a A2'  3679 0 0 0 0 0 0 6 3 s A2" 2 18ZoCoOvKy.106
15421.72240 0.024 0.024 5 0 0 0 0 0 1 1 s  E"  1742 0 0 0 0 0 0 2 2 s  E' 1 18ZoCoOvKy.107
15421.72240 0.024 0.024 4 0 1 0 1 0 1 1 s  E"  1742 0 0 0 0 0 0 2 2 s  E' 1 18ZoCoOvKy.108
15422.31940 0.024 0.024 5 0 0 0 0 0 6 3 s A2"  3781 0 0 0 0 0 0 6 3 a A2' 2 18ZoCoOvKy.109
15423.59150 0.024 0.024 4 0 1 0 1 0 4 2 a  E"  5138 0 0 0 0 0 0 4 1 a  E' 3 18ZoCoOvKy.110
15423.77010 0.024 0.024 4 0 1 0 1 0 4 3 s  E"  5123 0 0 0 0 0 0 4 2 s  E' 2 18ZoCoOvKy.111
15423.84060 0.024 0.024 4 0 1 0 1 0 4 2 s A2'  2529 0 0 0 0 0 0 4 0 a A2" 2 18ZoCoOvKy.112
15425.11680 0.024 0.024 4 0 1 0 1 0 7 2 a A2"  4284 0 0 0 0 0 0 7 3 a A2' 2 18ZoCoOvKy.113
15426.00860 0.024 0.024 4 0 1 0 1 0 3 3 a  E'  3967 0 0 0 0 0 0 3 2 a  E" 1 18ZoCoOvKy.114
15427.24950 0.024 0.024 4 0 1 0 1 0 3 2 a A2"  1954 0 0 0 0 0 0 3 0 s A2' 2 18ZoCoOvKy.115
15427.24950 0.024 0.024 4 0 1 0 1 0 3 2 a A2"  1954 0 0 0 0 0 0 3 0 s A2' 2 18ZoCoOvKy.116
15427.54670 0.024 0.024 4 0 1 0 1 0 4 2 s  E'  5186 0 0 0 0 0 0 4 1 s  E" 3 18ZoCoOvKy.117
15428.67120 0.024 0.024 4 0 1 0 1 0 5 1 s A2"  3119 0 0 0 0 0 0 5 0 s A2' 2 18ZoCoOvKy.118
15429.54280 0.024 0.024 5 0 0 0 0 0 5 3 a A2'  3202 0 0 0 0 0 0 5 3 s A2" 1 18ZoCoOvKy.119
15429.54280 0.024 0.024 4 0 1 0 1 0 3 3 s  E"  3962 0 0 0 0 0 0 2 2 s  E' 1 18ZoCoOvKy.120
15429.54280 0.024 0.024 4 0 1 0 1 0 3 3 s  E"  4013 0 0 0 0 0 0 3 2 s  E' 1 18ZoCoOvKy.121
15429.69960 0.024 0.024 4 0 1 0 1 0 5 0 a  E"  6371 0 0 0 0 0 0 5 1 a  E' 4 18ZoCoOvKy.122
15430.29210 0.024 0.024 4 0 1 0 1 0 3 2 a  E"  4022 0 0 0 0 0 0 3 1 a  E' 2 18ZoCoOvKy.123
15430.91920 0.024 0.024 4 0 1 0 1 0 4 1 a A2'  2531 0 0 0 0 0 0 4 0 a A2" 2 18ZoCoOvKy.124
15432.25950 0.024 0.024 5 0 0 0 0 0 5 3 s A2"  3096 0 0 0 0 0 0 5 3 a A2' 1 18ZoCoOvKy.125
15433.92690 0.024 0.024 4 0 1 0 1 0 5 0 s  E'  6321 0 0 0 0 0 0 5 1 s  E" 4 18ZoCoOvKy.126
15433.92690 0.024 0.024 4 0 1 0 1 0 3 2 s  E'  3988 0 0 0 0 0 0 3 1 s  E" 2 18ZoCoOvKy.127
15434.68140 0.024 0.024 4 0 1 0 1 0 2 2 a  E"  2841 0 0 0 0 0 0 2 1 a  E' 2 18ZoCoOvKy.128
15435.52850 0.024 0.024 4 0 1 0 1 0 4 0 a  E"  5156 0 0 0 0 0 0 4 1 a  E' 3 18ZoCoOvKy.129
15436.08810 0.024 0.024 5 0 0 0 0 0 4 3 a A2'  2513 0 0 0 0 0 0 4 3 s A2" 1 18ZoCoOvKy.130
15437.84130 0.024 0.024 4 0 1 0 1 0 5 4 s  E"  6283 0 0 0 0 0 1 5 4 s  E' 2 18ZoCoOvKy.131
15438.05900 0.024 0.024 4 0 1 0 1 0 2 2 s  E'  2886 0 0 0 0 0 0 2 1 s  E" 2 18ZoCoOvKy.132
15439.77210 0.024 0.024 4 0 1 0 1 0 2 1 a A2'  1374 0 0 0 0 0 0 2 0 a A2" 1 18ZoCoOvKy.133
15439.77210 0.024 0.024 5 0 0 0 0 0 4 3 s A2"  2623 0 0 0 0 0 0 4 3 a A2' 1 18ZoCoOvKy.134
15440.11100 0.024 0.024 5 0 0 0 0 0 6 6 a A2"  3712 0 0 0 0 0 0 6 6 s A2' 1 18ZoCoOvKy.135
15440.23740 0.024 0.024 4 0 1 0 1 0 6 2 s A2'  3697 0 0 0 0 0 0 6 3 s A2" 2 18ZoCoOvKy.136
15440.47190 0.024 0.024 4 0 1 0 1 0 4 1 a  E'  5190 0 0 0 0 0 0 4 2 a  E" 2 18ZoCoOvKy.137
15440.93780 0.024 0.024 4 0 1 0 1 0 2 1 a A2'  1375 0 0 0 0 0 0 2 0 a A2" 1 18ZoCoOvKy.138
15441.59450 0.024 0.024 4 0 1 0 1 0 3 1 s A2"  1963 0 0 0 0 0 0 3 0 s A2' 2 18ZoCoOvKy.139
15443.75410 0.024 0.024 4 0 1 0 1 0 3 0 s  E"  4043 0 0 0 0 0 0 3 1 a  E' 2 18ZoCoOvKy.140
15444.60370 0.024 0.024 5 0 0 0 0 0 3 3 a A2'  2055 0 0 0 0 0 0 3 3 s A2" 1 18ZoCoOvKy.141
15445.37250 0.024 0.024 4 0 1 0 1 0 5 2 s A2'  3213 0 0 0 0 0 0 5 3 s A2" 1 18ZoCoOvKy.142
15446.61560 0.024 0.024 4 0 1 0 1 0 3 0 s  E'  3998 0 0 0 0 0 0 3 1 s  E" 2 18ZoCoOvKy.143
15446.83060 0.024 0.024 5 0 0 0 0 0 3 3 s A2"  1950 0 0 0 0 0 0 3 3 a A2' 1 18ZoCoOvKy.144
15446.96660 0.024 0.024 4 0 1 0 1 0 1 1 s A2"   807 0 0 0 0 0 0 1 0 s A2' 1 18ZoCoOvKy.145
15447.15390 0.024 0.024 4 0 1 0 1 0 2 0 a  E"  2853 0 0 0 0 0 0 2 1 a  E' 2 18ZoCoOvKy.146
15448.52250 0.024 0.024 4 0 1 0 1 0 4 4 s  E'  5144 0 0 0 0 0 0 4 4 a  E" 1 18ZoCoOvKy.147
15449.55650 0.024 0.024 5 0 0 0 0 0 1 1 s  E"  1742 0 0 0 0 0 0 1 1 a  E' 1 18ZoCoOvKy.148
15449.55650 0.024 0.024 4 0 1 0 1 0 1 1 s  E"  1742 0 0 0 0 0 0 1 1 a  E' 1 18ZoCoOvKy.149
15450.03150 0.024 0.024 4 0 1 0 1 0 1 0 a  E"  1741 0 0 0 0 0 0 1 1 a  E' 1 18ZoCoOvKy.150
15450.15310 0.024 0.024 4 0 1 0 1 0 2 0 s  E'  2903 0 0 0 0 0 0 2 1 s  E" 2 18ZoCoOvKy.151
15452.59230 0.024 0.024 4 0 1 0 1 0 4 2 a A2"  2635 0 0 0 0 0 0 4 3 a A2' 1 18ZoCoOvKy.152
15453.75860 0.024 0.024 4 0 1 0 1 0 1 0 s  E'  1701 0 0 0 0 0 0 1 1 s  E" 1 18ZoCoOvKy.153
15455.62140 0.024 0.024 4 0 1 0 1 0 2 1 a  E'  2892 0 0 0 0 0 0 2 2 a  E" 1 18ZoCoOvKy.154
15457.80660 0.024 0.024 4 0 1 0 1 0 4 2 s A2'  2529 0 0 0 0 0 0 4 3 s A2" 1 18ZoCoOvKy.155
15458.11530 0.024 0.024 4 0 1 0 1 0 2 1 s  E"  2854 0 0 0 0 0 0 2 2 s  E' 1 18ZoCoOvKy.156
15459.82340 0.024 0.024 4 0 1 0 1 0 3 2 a A2"  1954 0 0 0 0 0 0 3 3 a A2' 1 18ZoCoOvKy.157
15459.82340 0.024 0.024 4 0 1 0 1 0 3 2 a A2"  1954 0 0 0 0 0 0 3 3 a A2' 1 18ZoCoOvKy.158
15462.66090 0.024 0.024 4 0 1 0 1 0 1 1 a A2'   917 0 0 0 0 0 0 0 0 a A2" 1 18ZoCoOvKy.159
15462.88860 0.024 0.024 4 0 1 0 1 0 3 2 s A2'  2065 0 0 0 0 0 0 3 3 s A2" 1 18ZoCoOvKy.160
15463.79470 0.024 0.024 4 0 1 0 1 0 4 3 a  E'  5162 0 0 0 0 0 0 4 4 a  E" 1 18ZoCoOvKy.161
15467.62930 0.024 0.024 4 0 1 0 1 0 4 3 s  E"  5123 0 0 0 0 0 0 4 4 s  E' 1 18ZoCoOvKy.162
15467.69890 0.024 0.024 5 0 0 0 0 0 4 0 a A2"  2641 0 0 0 0 0 0 4 3 a A2' 1 18ZoCoOvKy.163
15468.28080 0.024 0.024 4 0 1 0 1 0 5 4 a  E"  6283 0 0 0 0 0 0 5 5 a  E' 1 18ZoCoOvKy.164
15471.21260 0.024 0.024 4 0 1 0 1 0 2 2 a A2"  1480 0 0 0 0 0 0 1 0 s A2' 1 18ZoCoOvKy.165
15471.98250 0.024 0.024 4 0 1 0 1 0 5 4 s  E'  6246 0 0 0 0 0 0 5 5 s  E" 1 18ZoCoOvKy.166
15474.42950 0.024 0.024 4 0 1 0 1 0 2 2 a  E"  2841 0 0 0 0 0 0 1 1 a  E' 1 18ZoCoOvKy.167
15475.63190 0.024 0.024 4 0 1 0 1 0 6 5 a A2'  3636 0 0 0 0 0 0 6 6 a A2" 1 18ZoCoOvKy.168
15475.63190 0.024 0.024 4 0 1 0 1 0 6 5 s A2"  3740 0 0 0 0 0 0 6 6 s A2' 1 18ZoCoOvKy.169
15476.11780 0.024 0.024 4 0 1 0 1 0 7 6 a  E"  8481 0 0 0 0 0 0 7 7 a  E' 1 18ZoCoOvKy.170
15477.82990 0.024 0.024 4 0 1 0 1 0 2 2 s  E'  2886 0 0 0 0 0 0 1 1 s  E" 1 18ZoCoOvKy.171
15481.12420 0.024 0.024 4 0 1 0 1 0 5 5 a A2'  3163 0 0 0 0 0 0 4 3 s A2" 1 18ZoCoOvKy.172
15482.53940 0.024 0.024 5 0 0 0 0 0 2 0 a A2"  1484 0 0 0 0 0 0 1 0 s A2' 1 18ZoCoOvKy.173
15482.53940 0.024 0.024 4 0 1 0 1 0 2 1 s A2"  1483 0 0 0 0 0 0 1 0 s A2' 1 18ZoCoOvKy.174
15483.63810 0.024 0.024 4 0 1 0 1 0 5 5 s A2"  3061 0 0 0 0 0 0 4 3 a A2' 1 18ZoCoOvKy.175
15485.60440 0.024 0.024 4 0 1 0 1 0 3 3 a  E'  3967 0 0 0 0 0 0 2 2 a  E" 1 18ZoCoOvKy.176
15486.20340 0.024 0.024 4 0 1 0 1 0 6 6 s  E'  7333 0 0 0 0 0 0 5 4 a  E" 2 18ZoCoOvKy.177
15486.90030 0.024 0.024 4 0 1 0 1 0 2 0 a  E"  2853 0 0 0 0 0 0 1 1 a  E' 1 18ZoCoOvKy.178
15488.33880 0.024 0.024 4 0 1 0 1 0 3 2 s A2'  2065 0 0 0 0 0 0 2 0 a A2" 1 18ZoCoOvKy.179
15489.16770 0.024 0.024 4 0 1 0 1 0 3 3 s  E"  4013 0 0 0 0 0 0 2 2 s  E' 1 18ZoCoOvKy.180
15489.16770 0.024 0.024 4 0 1 0 1 0 3 3 s  E"  4013 0 0 0 0 0 0 2 2 s  E' 1 18ZoCoOvKy.181
15489.86210 0.024 0.024 4 0 1 0 1 0 3 2 a  E"  4022 0 0 0 0 0 0 2 1 a  E' 2 18ZoCoOvKy.182
15493.39340 0.024 0.024 4 0 1 0 1 0 3 1 a A2'  2068 0 0 0 0 0 0 2 0 a A2" 1 18ZoCoOvKy.183
15493.52290 0.024 0.024 4 0 1 0 1 0 3 2 s  E'  3988 0 0 0 0 0 0 2 1 s  E" 2 18ZoCoOvKy.184
15493.97520 0.024 0.024 4 0 1 0 1 0 6 5 s A2"  3740 0 0 0 0 0 0 5 3 a A2' 1 18ZoCoOvKy.185
15496.93370 0.024 0.024 4 0 1 0 1 0 4 4 a A2"  2609 0 0 0 0 0 0 3 3 a A2' 1 18ZoCoOvKy.186
15498.76800 0.024 0.024 4 0 1 0 1 0 4 3 s  E'  5162 0 0 0 0 0 0 3 2 a  E" 1 18ZoCoOvKy.187
15499.45000 0.024 0.024 4 0 1 0 1 0 4 2 a A2"  2635 0 0 0 0 0 0 3 0 s A2' 2 18ZoCoOvKy.188
15499.79950 0.024 0.024 4 0 1 0 1 0 4 4 s A2'  2504 0 0 0 0 0 0 3 3 s A2" 1 18ZoCoOvKy.189
15501.56820 0.024 0.024 5 0 0 0 0 0 3 0 s A2'  2074 0 0 0 0 0 0 2 0 a A2" 1 18ZoCoOvKy.190
15502.56410 0.024 0.024 4 0 1 0 1 0 4 3 a  E'  5162 0 0 0 0 0 0 3 2 a  E" 1 18ZoCoOvKy.191
15502.56410 0.024 0.024 4 0 1 0 1 0 4 3 s  E"  5123 0 0 0 0 0 0 3 2 s  E' 1 18ZoCoOvKy.192
15502.92700 0.024 0.024 4 0 1 0 1 0 4 2 a  E"  5138 0 0 0 0 0 0 3 1 a  E' 2 18ZoCoOvKy.193
15503.17650 0.024 0.024 4 0 1 0 1 0 4 3 s  E"  5123 0 0 0 0 0 0 3 2 s  E' 1 18ZoCoOvKy.194
15505.88130 0.024 0.024 5 0 0 0 0 0 4 2 s  E'  5186 0 0 0 0 0 0 3 1 s  E" 2 18ZoCoOvKy.195
15506.21510 0.024 0.024 4 0 1 0 1 0 3 0 s  E'  3998 0 0 0 0 0 0 2 1 s  E" 2 18ZoCoOvKy.196
15506.46100 0.024 0.024 4 0 1 0 1 0 5 5 a  E'  6205 0 0 0 0 0 0 4 4 a  E" 1 18ZoCoOvKy.197
15506.91900 0.024 0.024 4 0 1 0 1 0 4 2 s  E'  5186 0 0 0 0 0 0 3 1 s  E" 2 18ZoCoOvKy.198
15508.24600 0.024 0.024 4 0 1 0 1 0 5 4 a A2"  3078 0 0 0 0 0 0 4 3 a A2' 1 18ZoCoOvKy.199
15508.37310 0.024 0.024 4 0 1 0 1 0 4 1 s A2"  2637 0 0 0 0 0 0 3 0 s A2' 2 18ZoCoOvKy.200
15509.48610 0.024 0.024 4 0 1 0 1 0 4 1 a  E'  5282 0 0 0 0 0 0 4 2 a  E" 2 18ZoCoOvKy.201
15510.23680 0.024 0.024 4 0 1 0 1 0 5 3 a  E'  6272 0 0 0 0 0 0 4 2 a  E" 2 18ZoCoOvKy.202
15510.36250 0.024 0.024 4 0 1 0 1 0 5 4 s A2'  3188 0 0 0 0 0 0 4 3 s A2" 1 18ZoCoOvKy.203
15510.36250 0.024 0.024 4 0 1 0 1 0 5 5 s  E"  6254 0 0 0 0 0 0 4 4 s  E' 1 18ZoCoOvKy.204
15510.59530 0.024 0.024 4 0 1 0 1 0 5 2 s A2'  3213 0 0 0 0 0 0 4 0 a A2" 2 18ZoCoOvKy.205
15511.52180 0.024 0.024 4 0 1 0 1 0 5 3 a  E'  6272 0 0 0 0 0 0 4 2 a  E" 2 18ZoCoOvKy.206
15512.69340 0.024 0.024 4 0 1 0 1 0 5 4 s A2'  3188 0 0 0 0 0 0 4 3 s A2" 1 18ZoCoOvKy.207
15514.08870 0.024 0.024 4 0 1 0 1 0 5 3 s  E"  6315 0 0 0 0 0 0 4 2 s  E' 2 18ZoCoOvKy.208
15514.55120 0.024 0.024 5 0 0 0 0 0 4 0 a A2"  2641 0 0 0 0 0 0 3 0 s A2' 2 18ZoCoOvKy.209
15515.55700 0.024 0.024 5 0 0 0 0 0 4 3 a A2'  2513 0 0 0 0 0 0 3 3 s A2" 1 18ZoCoOvKy.210
15515.86270 0.024 0.024 4 0 1 0 1 0 6 6 a  E"  7288 0 0 0 0 0 0 5 5 a  E' 1 18ZoCoOvKy.211
15516.23230 0.024 0.024 5 0 0 0 0 0 4 2 s  E'  5186 0 0 0 0 0 0 3 2 a  E" 1 18ZoCoOvKy.212
15516.70910 0.024 0.024 4 0 1 0 1 0 6 5 a  E'  7389 0 0 0 0 0 0 5 4 a  E" 2 18ZoCoOvKy.213
15517.78250 0.024 0.024 4 0 1 0 1 0 5 1 a A2'  3219 0 0 0 0 0 0 4 0 a A2" 2 18ZoCoOvKy.214
15518.72030 0.024 0.024 4 0 1 0 1 0 6 4 s A2'  3653 0 0 0 0 0 0 5 3 s A2" 1 18ZoCoOvKy.215
15519.19900 0.024 0.024 5 0 0 0 0 0 4 3 s A2"  2623 0 0 0 0 0 0 3 3 a A2' 1 18ZoCoOvKy.216
15520.12010 0.024 0.024 4 0 1 0 1 0 6 6 s  E'  7333 0 0 0 0 0 0 5 5 s  E" 1 18ZoCoOvKy.217
15520.46090 0.024 0.024 4 0 1 0 1 0 6 5 s  E"  7351 0 0 0 0 0 0 5 4 s  E' 2 18ZoCoOvKy.218
15526.09830 0.024 0.024 4 0 1 0 1 0 7 6 a  E"  8481 0 0 0 0 0 0 6 5 a  E' 1 18ZoCoOvKy.219
15526.27080 0.024 0.024 4 0 1 0 1 0 7 4 a A2"  4237 0 0 0 0 0 0 6 3 a A2' 2 18ZoCoOvKy.220
15526.56480 0.024 0.024 4 0 1 0 1 0 7 7 a A2'  4248 0 0 0 0 0 0 6 6 a A2" 1 18ZoCoOvKy.221
15528.30170 0.024 0.024 4 0 1 0 1 0 6 1 s A2"  3799 0 0 0 0 0 0 5 0 s A2' 2 18ZoCoOvKy.222
15528.73790 0.024 0.024 5 0 0 0 0 0 5 3 a A2'  3202 0 0 0 0 0 0 4 3 s A2" 1 18ZoCoOvKy.223
15529.10210 0.024 0.024 5 0 0 0 0 0 7 6 s  E'  8441 0 0 0 0 0 0 6 5 s  E" 1 18ZoCoOvKy.224
15529.25720 0.024 0.024 4 0 1 0 1 0 7 5 s  E"  8559 0 0 0 0 0 0 6 4 s  E' 2 18ZoCoOvKy.225
15529.70300 0.024 0.024 4 0 1 0 1 0 7 7 s A2"  4143 0 0 0 0 0 0 6 6 s A2' 1 18ZoCoOvKy.226
15529.70300 0.024 0.024 4 0 1 0 1 0 7 7 s A2"  4143 0 0 0 0 0 0 6 6 s A2' 1 18ZoCoOvKy.227
15530.49970 0.024 0.024 4 0 1 0 1 0 7 4 s A2'  4348 0 0 0 0 0 0 6 3 s A2" 2 18ZoCoOvKy.228
15531.40600 0.024 0.024 5 0 0 0 0 0 5 3 s A2"  3096 0 0 0 0 0 0 4 3 a A2' 1 18ZoCoOvKy.229
15533.42920 0.024 0.024 4 0 1 0 1 0 7 1 a A2'  4392 0 0 0 0 0 0 6 0 a A2" 3 18ZoCoOvKy.230
15540.14720 0.024 0.024 5 0 0 0 0 0 6 3 a A2'  3679 0 0 0 0 0 0 5 3 s A2" 1 18ZoCoOvKy.231
15540.28150 0.024 0.024 5 0 0 0 0 0 7 3 a A2'  4365 0 0 0 0 0 0 6 3 s A2" 2 18ZoCoOvKy.232
15541.07640 0.024 0.024 5 0 0 0 0 0 6 3 s A2"  3781 0 0 0 0 0 0 5 3 a A2' 1 18ZoCoOvKy.233
15567.00370 0.024 0.024 4 0 1 0 1 0 7 1 a A2"  4287 0 0 0 0 0 0 6 3 a A2' 2 18ZoCoOvKy.234
17958.83752 0.034 0.034 6 0 0 0 0 0 6 6 s A2'  7229 0 0 0 0 0 0 7 6 a A2" 1 18ZoCoOvKy.235
17976.39734 0.034 0.034 5 0 1 0 1 0 5 1 a A2'  6428 0 0 0 0 0 0 6 0 a A2" 3 18ZoCoOvKy.236
17983.24891 0.034 0.034 5 0 1 0 1 0 4 3 a  E' 10370 0 0 0 0 0 0 5 1 s  E" 4 18ZoCoOvKy.237
17983.45240 0.034 0.034 5 0 1 0 1 0 4 1 s A2"  5237 0 0 0 0 0 0 5 0 s A2' 2 18ZoCoOvKy.238
17997.93611 0.034 0.034 5 0 1 0 1 0 6 6 a  E" 14529 0 0 0 0 0 0 7 7 a  E' 1 18ZoCoOvKy.239
18005.85093 0.034 0.034 6 0 0 0 0 0 4 0 a A2"  5262 0 0 0 0 0 0 5 0 s A2' 2 18ZoCoOvKy.240
18007.59557 0.034 0.034 6 0 0 0 0 0 3 2 s  E'  7955 0 0 0 0 0 0 4 1 s  E" 3 18ZoCoOvKy.241
18010.33950 0.034 0.034 5 0 1 0 1 0 3 1 a A2'  4094 0 0 0 0 0 0 4 0 a A2" 2 18ZoCoOvKy.242
18010.75075 0.034 0.034 5 0 1 0 1 0 4 2 a A2"  5232 0 0 0 0 0 0 5 3 a A2' 1 18ZoCoOvKy.243
18017.35979 0.034 0.034 6 0 0 0 0 0 3 0 s A2'  4102 0 0 0 0 0 0 4 0 a A2" 2 18ZoCoOvKy.244
18018.21479 0.034 0.034 5 0 1 0 1 0 5 5 a A2'  6295 0 0 0 0 0 0 6 6 a A2" 1 18ZoCoOvKy.245
18019.16007 0.034 0.034 6 0 0 0 0 0 3 3 s A2"  3921 0 0 0 0 0 0 4 3 a A2' 1 18ZoCoOvKy.246
18019.35680 0.034 0.034 5 0 1 0 1 0 6 6 a  E" 14607 0 0 0 0 0 0 7 7 a  E' 1 18ZoCoOvKy.247
18021.05157 0.034 0.034 6 0 0 0 0 0 3 3 s A2"  3924 0 0 0 0 0 0 4 3 a A2' 1 18ZoCoOvKy.248
18021.78305 0.034 0.034 5 0 1 0 1 0 4 1 a A2'  5088 0 0 0 0 0 0 5 3 s A2" 1 18ZoCoOvKy.249
18024.85852 0.034 0.034 6 0 0 0 0 0 3 1 a A2'  4108 0 0 0 0 0 0 4 0 a A2" 2 18ZoCoOvKy.250
18025.24918 0.034 0.034 5 0 1 0 1 0 4 2 a A2"  5246 0 0 0 0 0 0 5 3 a A2' 1 18ZoCoOvKy.251
18032.85392 0.034 0.034 6 0 0 0 0 0 3 2 a  E"  8086 0 0 0 0 0 0 4 2 s  E' 2 18ZoCoOvKy.252
18038.54259 0.034 0.034 5 0 1 0 1 0 3 2 s A2'  4090 0 0 0 0 0 0 4 3 s A2" 1 18ZoCoOvKy.253
18039.26629 0.034 0.034 5 0 1 0 1 0 2 1 s A2"  2936 0 0 0 0 0 0 3 0 s A2' 2 18ZoCoOvKy.254
18043.11149 0.034 0.034 6 0 0 0 0 0 2 2 s  E'  5773 0 0 0 0 0 0 3 2 a  E" 1 18ZoCoOvKy.255
18050.25736 0.034 0.034 5 0 1 0 1 0 3 1 s A2"  3950 0 0 0 0 0 0 4 3 a A2' 1 18ZoCoOvKy.256
18050.68134 0.034 0.034 5 0 1 0 1 0 3 2 a A2"  3952 0 0 0 0 0 0 4 3 a A2' 1 18ZoCoOvKy.257
18053.35859 0.034 0.034 5 0 1 0 1 0 1 1 a A2'  1795 0 0 0 0 0 0 2 0 a A2" 1 18ZoCoOvKy.258
18054.53763 0.034 0.034 6 0 0 0 0 0 2 0 a A2"  2946 0 0 0 0 0 0 3 0 s A2' 2 18ZoCoOvKy.259
18057.08438 0.034 0.034 5 0 1 0 1 0 1 1 a A2'  1795 0 0 0 0 0 0 2 0 a A2" 1 18ZoCoOvKy.260
18057.60273 0.034 0.034 5 0 1 0 1 0 6 6 s  E' 14670 0 0 0 0 0 0 6 5 s  E" 1 18ZoCoOvKy.261
18057.60273 0.034 0.034 5 0 1 0 1 0 5 4 a A2"  6181 0 0 0 0 0 0 5 3 a A2' 1 18ZoCoOvKy.262
18058.27309 0.034 0.034 6 0 0 0 0 0 3 3 a  E'  7947 0 0 0 0 0 0 4 4 a  E" 1 18ZoCoOvKy.263
18062.14650 0.034 0.034 5 0 1 0 1 0 6 5 s  E" 14709 0 0 0 0 0 0 6 4 s  E' 2 18ZoCoOvKy.264
18063.39528 0.034 0.034 5 0 1 0 1 0 2 0 a  E"  5711 0 0 0 0 0 0 3 1 a  E' 2 18ZoCoOvKy.265
18064.50618 0.034 0.034 6 0 0 0 0 0 2 2 s A2'  2778 0 0 0 0 0 0 3 3 s A2" 1 18ZoCoOvKy.266
18066.29972 0.034 0.034 5 0 1 0 1 0 4 4 a A2"  5181 0 0 0 0 0 0 4 3 a A2' 1 18ZoCoOvKy.267
18069.55137 0.034 0.034 5 0 1 0 1 0 5 5 s  E" 12510 0 0 0 0 0 0 5 4 s  E' 2 18ZoCoOvKy.268
18071.26358 0.034 0.034 5 0 1 0 1 0 4 4 a A2"  5183 0 0 0 0 0 0 4 3 a A2' 1 18ZoCoOvKy.269
18071.67140 0.034 0.034 5 0 1 0 1 0 2 1 a A2'  2780 0 0 0 0 0 0 3 3 s A2" 1 18ZoCoOvKy.270
18071.84765 0.034 0.034 6 0 0 0 0 0 2 1 s A2"  2936 0 0 0 0 0 0 3 3 a A2' 1 18ZoCoOvKy.271
18071.95631 0.034 0.034 5 0 1 0 1 0 5 4 s A2'  6337 0 0 0 0 0 0 5 3 s A2" 1 18ZoCoOvKy.272
18074.18986 0.034 0.034 5 0 1 0 1 0 4 4 s A2'  5035 0 0 0 0 0 0 4 3 s A2" 1 18ZoCoOvKy.273
18076.64171 0.034 0.034 5 0 1 0 1 0 5 5 a  E' 12424 0 0 0 0 0 0 5 4 a  E" 2 18ZoCoOvKy.274
18076.96660 0.034 0.034 6 0 0 0 0 0 5 4 a A2"  6204 0 0 0 0 0 0 5 3 a A2' 1 18ZoCoOvKy.275
18077.75279 0.034 0.034 5 0 1 0 1 0 2 2 a A2"  2938 0 0 0 0 0 0 3 3 a A2' 1 18ZoCoOvKy.276
18085.84790 0.034 0.034 5 0 1 0 1 0 3 3 s  E"  8038 0 0 0 0 0 0 3 2 s  E' 1 18ZoCoOvKy.277
18086.99737 0.034 0.034 5 0 1 0 1 0 4 1 a A2'  5088 0 0 0 0 0 0 4 0 a A2" 2 18ZoCoOvKy.278
18089.95567 0.034 0.034 6 0 0 0 0 0 2 2 s A2'  2778 0 0 0 0 0 0 2 0 a A2" 1 18ZoCoOvKy.279
18095.56506 0.034 0.034 5 0 1 0 1 0 2 0 a  E"  5672 0 0 0 0 0 0 2 1 a  E' 2 18ZoCoOvKy.280
18095.87883 0.034 0.034 5 0 1 0 1 0 3 3 a  E'  7951 0 0 0 0 0 0 3 2 a  E" 1 18ZoCoOvKy.281
18096.18260 0.034 0.034 6 0 0 0 0 0 4 3 s A2"  5331 0 0 0 0 0 0 5 3 a A2' 1 18ZoCoOvKy.282
18096.79285 0.034 0.034 5 0 1 0 1 0 3 2 a A2"  3952 0 0 0 0 0 0 3 0 s A2' 2 18ZoCoOvKy.283
18097.11756 0.034 0.034 5 0 1 0 1 0 3 1 s A2"  3950 0 0 0 0 0 0 3 0 s A2' 2 18ZoCoOvKy.284
18097.11756 0.034 0.034 5 0 1 0 1 0 2 1 a A2'  2780 0 0 0 0 0 0 2 0 a A2" 1 18ZoCoOvKy.285
18097.64054 0.034 0.034 6 0 0 0 0 0 6 6 s A2'  7229 0 0 0 0 0 0 6 6 a A2" 1 18ZoCoOvKy.286
18098.58021 0.034 0.034 6 0 0 0 0 0 3 3 s A2"  3921 0 0 0 0 0 0 3 3 a A2' 1 18ZoCoOvKy.287
18099.25274 0.034 0.034 6 0 0 0 0 0 2 2 s  E'  5769 0 0 0 0 0 0 2 2 a  E" 1 18ZoCoOvKy.288
18099.61923 0.034 0.034 5 0 1 0 1 0 3 2 a  E"  8086 0 0 0 0 0 0 3 1 a  E' 2 18ZoCoOvKy.289
18100.49069 0.034 0.034 6 0 0 0 0 0 3 3 s A2"  3924 0 0 0 0 0 0 3 3 a A2' 1 18ZoCoOvKy.290
18102.70777 0.034 0.034 6 0 0 0 0 0 2 2 s  E'  5773 0 0 0 0 0 0 2 2 a  E" 1 18ZoCoOvKy.291
18102.89173 0.034 0.034 6 0 0 0 0 0 1 1 s A2"  1648 0 0 0 0 0 0 1 0 s A2' 1 18ZoCoOvKy.292
18104.63799 0.034 0.034 6 0 0 0 0 0 4 0 a  E" 10322 0 0 0 0 0 0 4 1 a  E' 3 18ZoCoOvKy.293
18108.89855 0.034 0.034 6 0 0 0 0 0 4 3 a A2'  5078 0 0 0 0 0 0 4 3 s A2" 1 18ZoCoOvKy.294
18109.94024 0.034 0.034 5 0 1 0 1 0 4 2 a A2"  5232 0 0 0 0 0 0 4 3 a A2' 1 18ZoCoOvKy.295
18112.98280 0.034 0.034 5 0 1 0 1 0 1 1 a A2'  1795 0 0 0 0 0 0 0 0 a A2" 1 18ZoCoOvKy.296
18113.95438 0.034 0.034 5 0 1 0 1 0 3 0 a  E"  8108 0 0 0 0 0 0 3 1 a  E' 2 18ZoCoOvKy.297
18116.69618 0.034 0.034 5 0 1 0 1 0 1 1 a A2'  1795 0 0 0 0 0 0 0 0 a A2" 1 18ZoCoOvKy.298
18122.15086 0.034 0.034 6 0 0 0 0 0 1 0 s A2'  1799 0 0 0 0 0 0 0 0 a A2" 1 18ZoCoOvKy.299
18122.95826 0.034 0.034 6 0 0 0 0 0 1 1 a A2'  1797 0 0 0 0 0 0 0 0 a A2" 1 18ZoCoOvKy.300
18122.95826 0.034 0.034 5 0 1 0 1 0 2 0 a  E"  5711 0 0 0 0 0 0 2 1 a  E' 2 18ZoCoOvKy.301
18135.30002 0.034 0.034 5 0 1 0 1 0 2 0 a  E"  5672 0 0 0 0 0 0 1 1 a  E' 1 18ZoCoOvKy.302
18137.30546 0.034 0.034 5 0 1 0 1 0 5 5 a A2'  6295 0 0 0 0 0 0 4 3 s A2" 1 18ZoCoOvKy.303
18138.61399 0.034 0.034 5 0 1 0 1 0 2 1 s A2"  2936 0 0 0 0 0 0 1 0 s A2' 1 18ZoCoOvKy.304
18142.49121 0.034 0.034 6 0 0 0 0 0 3 3 a  E'  7947 0 0 0 0 0 0 2 1 s  E" 2 18ZoCoOvKy.305
18143.46866 0.034 0.034 5 0 1 0 1 0 3 2 s A2'  4090 0 0 0 0 0 0 2 0 a A2" 1 18ZoCoOvKy.306
18144.52175 0.034 0.034 5 0 1 0 1 0 2 2 a A2"  2938 0 0 0 0 0 0 1 0 s A2' 1 18ZoCoOvKy.307
18145.47613 0.034 0.034 5 0 1 0 1 0 3 3 s  E"  8038 0 0 0 0 0 0 2 2 s  E' 1 18ZoCoOvKy.308
18145.71726 0.034 0.034 5 0 1 0 1 0 4 4 a A2"  5181 0 0 0 0 0 0 3 3 a A2' 1 18ZoCoOvKy.309
18146.58070 0.034 0.034 6 0 0 0 0 0 3 2 s  E'  7955 0 0 0 0 0 0 2 1 s  E" 2 18ZoCoOvKy.310
18149.21709 0.034 0.034 5 0 1 0 1 0 3 1 a A2'  4094 0 0 0 0 0 0 2 0 a A2" 1 18ZoCoOvKy.311
18150.69335 0.034 0.034 5 0 1 0 1 0 4 4 a A2"  5183 0 0 0 0 0 0 3 3 a A2' 1 18ZoCoOvKy.312
18153.66587 0.034 0.034 5 0 1 0 1 0 4 4 s A2'  5035 0 0 0 0 0 0 3 3 s A2" 1 18ZoCoOvKy.313
18153.82996 0.034 0.034 6 0 0 0 0 0 2 0 a A2"  2946 0 0 0 0 0 0 1 0 s A2' 1 18ZoCoOvKy.314
18154.87596 0.034 0.034 5 0 1 0 1 0 3 3 a  E'  7951 0 0 0 0 0 0 2 2 a  E" 1 18ZoCoOvKy.315
18156.24002 0.034 0.034 6 0 0 0 0 0 3 0 s A2'  4102 0 0 0 0 0 0 2 0 a A2" 1 18ZoCoOvKy.316
18156.73939 0.034 0.034 5 0 1 0 1 0 5 4 a A2"  6181 0 0 0 0 0 0 4 3 a A2' 1 18ZoCoOvKy.317
18156.92309 0.034 0.034 6 0 0 0 0 0 3 2 s  E'  7955 0 0 0 0 0 0 2 2 a  E" 1 18ZoCoOvKy.318
18159.17773 0.034 0.034 5 0 1 0 1 0 3 2 a  E"  8086 0 0 0 0 0 0 2 1 a  E' 2 18ZoCoOvKy.319
18161.85471 0.034 0.034 5 0 1 0 1 0 4 1 s A2"  5237 0 0 0 0 0 0 3 0 s A2' 2 18ZoCoOvKy.320
18163.73367 0.034 0.034 6 0 0 0 0 0 3 1 a A2'  4108 0 0 0 0 0 0 2 0 a A2" 1 18ZoCoOvKy.321
18166.96540 0.034 0.034 5 0 1 0 1 0 6 6 a  E" 14529 0 0 0 0 0 0 5 5 a  E' 1 18ZoCoOvKy.322
18168.85207 0.034 0.034 5 0 1 0 1 0 5 5 s  E" 12510 0 0 0 0 0 0 4 4 s  E' 1 18ZoCoOvKy.323
18171.14277 0.034 0.034 5 0 1 0 1 0 5 4 s A2'  6337 0 0 0 0 0 0 4 3 s A2" 1 18ZoCoOvKy.324
18171.23895 0.034 0.034 5 0 1 0 1 0 4 2 a A2"  5246 0 0 0 0 0 0 3 0 s A2' 2 18ZoCoOvKy.325
18171.88492 0.034 0.034 6 0 0 0 0 0 3 2 a  E"  8086 0 0 0 0 0 0 2 2 s  E' 1 18ZoCoOvKy.326
18172.03951 0.034 0.034 5 0 1 0 1 0 4 3 a  E' 10370 0 0 0 0 0 0 3 2 a  E" 1 18ZoCoOvKy.327
18173.53087 0.034 0.034 5 0 1 0 1 0 3 0 a  E"  8108 0 0 0 0 0 0 2 1 a  E' 2 18ZoCoOvKy.328
18175.61770 0.034 0.034 6 0 0 0 0 0 4 3 s A2"  5211 0 0 0 0 0 0 3 3 a A2' 1 18ZoCoOvKy.329
18175.88944 0.034 0.034 5 0 1 0 1 0 5 5 a  E' 12424 0 0 0 0 0 0 4 4 a  E" 1 18ZoCoOvKy.330
18176.11658 0.034 0.034 6 0 0 0 0 0 5 4 a A2"  6204 0 0 0 0 0 0 4 3 a A2' 1 18ZoCoOvKy.331
18176.70704 0.034 0.034 5 0 1 0 1 0 6 6 s  E' 14670 0 0 0 0 0 0 5 5 s  E" 1 18ZoCoOvKy.332
18181.08590 0.034 0.034 5 0 1 0 1 0 6 5 s  E" 14709 0 0 0 0 0 0 5 4 s  E' 2 18ZoCoOvKy.333
18183.97629 0.034 0.034 5 0 1 0 1 0 4 0 a  E" 10322 0 0 0 0 0 0 3 1 a  E' 2 18ZoCoOvKy.334
18184.24734 0.034 0.034 6 0 0 0 0 0 4 0 a A2"  5262 0 0 0 0 0 0 3 0 s A2' 2 18ZoCoOvKy.335
18188.36570 0.034 0.034 5 0 1 0 1 0 6 6 a  E" 14607 0 0 0 0 0 0 5 5 a  E' 1 18ZoCoOvKy.336
18188.36570 0.034 0.034 6 0 0 0 0 0 4 3 a A2'  5078 0 0 0 0 0 0 3 3 s A2" 1 18ZoCoOvKy.337
18193.99940 0.034 0.034 5 0 1 0 1 0 5 1 a A2'  6428 0 0 0 0 0 0 4 0 a A2" 2 18ZoCoOvKy.338