15446.96660 0.024 0.024 4 0 1 1 0 0 1 1 s A2"   807 0 0 0 0 0 0 1 0 s A2' 1 18ZoCoOvKy.145 15466.856486 15465.412078 1.444408
18102.89173 0.034 0.034 6 0 0 0 0 0 1 1 s A2"  1648 0 0 0 0 0 0 1 0 s A2' 1 18ZoCoOvKy.292 18122.781616 18122.298804 0.482812
15403.03610 0.024 0.024 4 0 1 1 0 0 1 1 a A2'   917 0 0 0 0 0 0 2 0 a A2" 1  18ZoCoOvKy.85 15463.449118 15461.827808 1.621310
15462.66090 0.024 0.024 4 0 1 1 0 0 1 1 a A2'   917 0 0 0 0 0 0 0 0 a A2" 1 18ZoCoOvKy.159 15463.454303 15461.827808 1.626495
18053.35859 0.034 0.034 5 0 1 1 0 0 1 1 a A2'  1795 0 0 0 0 0 0 2 0 a A2" 1 18ZoCoOvKy.258 18113.771608 18116.795730 3.024122
18112.98280 0.034 0.034 5 0 1 1 0 0 1 1 a A2'  1795 0 0 0 0 0 0 0 0 a A2" 1 18ZoCoOvKy.296 18113.776203 18116.795730 3.019527
18116.69618 0.034 0.034 5 0 1 1 0 0 1 1 a A2'  1795 0 0 0 0 0 0 0 0 a A2" 1 18ZoCoOvKy.298 18117.489583 18116.795730 0.693853
18057.08438 0.034 0.034 5 0 1 1 0 0 1 1 a A2'  1795 0 0 0 0 0 0 2 0 a A2" 1 18ZoCoOvKy.260 18117.497398 18116.795730 0.701668
18122.15086 0.034 0.034 6 0 0 0 0 0 1 0 s A2'  1799 0 0 0 0 0 0 0 0 a A2" 1 18ZoCoOvKy.299 18122.944263 18125.167697 2.223434
18122.95826 0.034 0.034 6 0 0 0 0 0 1 1 a A2'  1797 0 0 0 0 0 0 0 0 a A2" 1 18ZoCoOvKy.300 18123.751663 18124.096939 0.345276
15421.72240 0.024 0.024 5 0 0 0 0 0 1 1 s  E"  1742 0 0 0 0 0 0 2 2 s  E' 1 18ZoCoOvKy.107 15466.518378 15468.269550 1.751172
15421.72240 0.024 0.024 4 0 1 1 0 0 1 1 s  E"  1742 0 0 0 0 0 0 2 2 s  E' 1 18ZoCoOvKy.108 15466.518378 15468.269550 1.751172
15449.55650 0.024 0.024 5 0 0 0 0 0 1 1 s  E"  1742 0 0 0 0 0 0 1 1 a  E' 1 18ZoCoOvKy.148 15466.519856 15468.269550 1.749694
15449.55650 0.024 0.024 4 0 1 1 0 0 1 1 s  E"  1742 0 0 0 0 0 0 1 1 a  E' 1 18ZoCoOvKy.149 15466.519856 15468.269550 1.749694
15410.28030 0.024 0.024 4 0 1 1 0 0 1 0 a  E"  1741 0 0 0 0 0 0 2 1 a  E' 2  18ZoCoOvKy.92 15466.989527 15465.193493 1.796034
15450.03150 0.024 0.024 4 0 1 1 0 0 1 0 a  E"  1741 0 0 0 0 0 0 1 1 a  E' 1 18ZoCoOvKy.150 15466.994856 15465.193493 1.801363
15453.75860 0.024 0.024 4 0 1 1 0 0 1 0 s  E'  1701 0 0 0 0 0 0 1 1 s  E" 1 18ZoCoOvKy.153 15469.931593 15464.642252 5.289341
15413.99410 0.024 0.024 4 0 1 1 0 0 1 0 s  E'  1701 0 0 0 0 0 0 2 1 s  E" 2  18ZoCoOvKy.98 15469.932833 15464.642252 5.290581
15471.21260 0.024 0.024 4 0 1 1 0 0 2 2 a A2"  1480 0 0 0 0 0 0 1 0 s A2' 1 18ZoCoOvKy.165 15491.102486 15491.105593 0.003107
15404.44980 0.024 0.024 4 0 1 1 0 0 2 2 a A2"  1480 0 0 0 0 0 0 3 3 a A2' 1  18ZoCoOvKy.86 15491.107603 15491.105593 0.002010
15482.53940 0.024 0.024 5 0 0 0 0 0 2 0 a A2"  1484 0 0 0 0 0 0 1 0 s A2' 1 18ZoCoOvKy.173 15502.429286 15502.249819 0.179467
15482.53940 0.024 0.024 4 0 1 1 0 0 2 1 s A2"  1483 0 0 0 0 0 0 1 0 s A2' 1 18ZoCoOvKy.174 15502.429286 15502.090914 0.338372
15383.19180 0.024 0.024 5 0 0 0 0 0 2 0 a A2"  1484 0 0 0 0 0 0 3 0 s A2' 2  18ZoCoOvKy.59 15502.429659 15502.249819 0.179840
15383.19180 0.024 0.024 4 0 1 1 0 0 2 1 s A2"  1483 0 0 0 0 0 0 3 0 s A2' 2  18ZoCoOvKy.60 15502.429659 15502.090914 0.338745
15415.78800 0.024 0.024 4 0 1 1 0 0 2 1 s A2"  1483 0 0 0 0 0 0 3 3 a A2' 1 18ZoCoOvKy.101 15502.445803 15502.090914 0.354889
18138.61399 0.034 0.034 5 0 1 1 0 0 2 1 s A2"  2936 0 0 0 0 0 0 1 0 s A2' 1 18ZoCoOvKy.304 18158.503876 18159.490655 0.986779
18039.26629 0.034 0.034 5 0 1 1 0 0 2 1 s A2"  2936 0 0 0 0 0 0 3 0 s A2' 2 18ZoCoOvKy.254 18158.504149 18159.490655 0.986506
18071.84765 0.034 0.034 6 0 0 0 0 0 2 1 s A2"  2936 0 0 0 0 0 0 3 3 a A2' 1 18ZoCoOvKy.271 18158.505453 18159.490655 0.985202
18077.75279 0.034 0.034 5 0 1 1 0 0 2 2 a A2"  2938 0 0 0 0 0 0 3 3 a A2' 1 18ZoCoOvKy.276 18164.410593 18162.690358 1.720235
18144.52175 0.034 0.034 5 0 1 1 0 0 2 2 a A2"  2938 0 0 0 0 0 0 1 0 s A2' 1 18ZoCoOvKy.307 18164.411636 18162.690358 1.721278
18153.82996 0.034 0.034 6 0 0 0 0 0 2 0 a A2"  2946 0 0 0 0 0 0 1 0 s A2' 1 18ZoCoOvKy.314 18173.719846 18173.515129 0.204717
18054.53763 0.034 0.034 6 0 0 0 0 0 2 0 a A2"  2946 0 0 0 0 0 0 3 0 s A2' 2 18ZoCoOvKy.259 18173.775489 18173.515129 0.260360
15408.27610 0.024 0.024 4 0 1 1 0 0 2 2 s A2'  1372 0 0 0 0 0 0 3 3 s A2" 1  18ZoCoOvKy.90 15494.137681 15497.382329 3.244648
15439.77210 0.024 0.024 4 0 1 1 0 0 2 1 a A2'  1374 0 0 0 0 0 0 2 0 a A2" 1 18ZoCoOvKy.133 15500.185118 15499.568600 0.616518
15440.93780 0.024 0.024 4 0 1 1 0 0 2 1 a A2'  1375 0 0 0 0 0 0 2 0 a A2" 1 18ZoCoOvKy.138 15501.350818 15502.127625 0.776807
15415.50300 0.024 0.024 4 0 1 1 0 0 2 1 a A2'  1375 0 0 0 0 0 0 3 3 s A2" 1 18ZoCoOvKy.100 15501.364581 15502.127625 0.763044
18064.50618 0.034 0.034 6 0 0 0 0 0 2 2 s A2'  2778 0 0 0 0 0 0 3 3 s A2" 1 18ZoCoOvKy.266 18150.367761 18149.914886 0.452875
18089.95567 0.034 0.034 6 0 0 0 0 0 2 2 s A2'  2778 0 0 0 0 0 0 2 0 a A2" 1 18ZoCoOvKy.279 18150.368688 18149.914886 0.453802
18097.11756 0.034 0.034 5 0 1 1 0 0 2 1 a A2'  2780 0 0 0 0 0 0 2 0 a A2" 1 18ZoCoOvKy.285 18157.530578 18155.363585 2.166993
18071.67140 0.034 0.034 5 0 1 1 0 0 2 1 a A2'  2780 0 0 0 0 0 0 3 3 s A2" 1 18ZoCoOvKy.270 18157.532981 18155.363585 2.169396
15434.68140 0.024 0.024 4 0 1 1 0 0 2 2 a  E"  2841 0 0 0 0 0 0 2 1 a  E' 2 18ZoCoOvKy.128 15491.390627 15490.218792 1.171835
15375.11380 0.024 0.024 4 0 1 1 0 0 2 2 a  E"  2841 0 0 0 0 0 0 3 1 a  E' 2  18ZoCoOvKy.53 15491.392095 15490.218792 1.173303
15474.42950 0.024 0.024 4 0 1 1 0 0 2 2 a  E"  2841 0 0 0 0 0 0 1 1 a  E' 1 18ZoCoOvKy.167 15491.392856 15490.218792 1.174064
15398.48460 0.024 0.024 4 0 1 1 0 0 2 1 s  E"  2854 0 0 0 0 0 0 3 2 s  E' 1  18ZoCoOvKy.81 15502.906688 15504.297434 1.390746
15458.11530 0.024 0.024 4 0 1 1 0 0 2 1 s  E"  2854 0 0 0 0 0 0 2 2 s  E' 1 18ZoCoOvKy.156 15502.911278 15504.297434 1.386156
15387.58460 0.024 0.024 4 0 1 1 0 0 2 0 a  E"  2853 0 0 0 0 0 0 3 1 a  E' 2  18ZoCoOvKy.65 15503.862895 15502.189990 1.672905
15447.15390 0.024 0.024 4 0 1 1 0 0 2 0 a  E"  2853 0 0 0 0 0 0 2 1 a  E' 2 18ZoCoOvKy.146 15503.863127 15502.189990 1.673137
15486.90030 0.024 0.024 4 0 1 1 0 0 2 0 a  E"  2853 0 0 0 0 0 0 1 1 a  E' 1 18ZoCoOvKy.178 15503.863656 15502.189990 1.673666
18135.30002 0.034 0.034 5 0 1 1 0 0 2 0 a  E"  5672 0 0 0 0 0 0 1 1 a  E' 1 18ZoCoOvKy.302 18152.263376 18153.925698 1.662322
18095.56506 0.034 0.034 5 0 1 1 0 0 2 0 a  E"  5672 0 0 0 0 0 0 2 1 a  E' 2 18ZoCoOvKy.280 18152.274287 18153.925698 1.651411
18122.95826 0.034 0.034 5 0 1 1 0 0 2 0 a  E"  5711 0 0 0 0 0 0 2 1 a  E' 2 18ZoCoOvKy.301 18179.667487 18181.770581 2.103094
18063.39528 0.034 0.034 5 0 1 1 0 0 2 0 a  E"  5711 0 0 0 0 0 0 3 1 a  E' 2 18ZoCoOvKy.265 18179.673575 18181.770581 2.097006
15438.05900 0.024 0.024 4 0 1 1 0 0 2 2 s  E'  2886 0 0 0 0 0 0 2 1 s  E" 2 18ZoCoOvKy.132 15493.997733 15496.518130 2.520397
15378.46570 0.024 0.024 4 0 1 1 0 0 2 2 s  E'  2886 0 0 0 0 0 0 3 1 s  E" 2  18ZoCoOvKy.55 15494.002331 15496.518130 2.515799
15477.82990 0.024 0.024 4 0 1 1 0 0 2 2 s  E'  2886 0 0 0 0 0 0 1 1 s  E" 1 18ZoCoOvKy.171 15494.002893 15496.518130 2.515237
15385.67180 0.024 0.024 5 0 0 0 0 0 2 1 s  E'  2892 0 0 0 0 0 0 3 1 s  E" 2  18ZoCoOvKy.63 15501.208431 15499.975082 1.233349
15455.62140 0.024 0.024 4 0 1 1 0 0 2 1 a  E'  2892 0 0 0 0 0 0 2 2 a  E" 1 18ZoCoOvKy.154 15501.208680 15499.975082 1.233598
15396.02580 0.024 0.024 5 0 0 0 0 0 2 1 a  E'  2892 0 0 0 0 0 0 3 2 a  E" 1  18ZoCoOvKy.78 15501.209555 15499.975082 1.234473
15390.55480 0.024 0.024 4 0 1 1 0 0 2 0 s  E'  2903 0 0 0 0 0 0 3 1 s  E" 2  18ZoCoOvKy.70 15506.091431 15511.482205 5.390774
15450.15310 0.024 0.024 4 0 1 1 0 0 2 0 s  E'  2903 0 0 0 0 0 0 2 1 s  E" 2 18ZoCoOvKy.151 15506.091833 15511.482205 5.390372
18099.25274 0.034 0.034 6 0 0 0 0 0 2 2 s  E'  5769 0 0 0 0 0 0 2 2 a  E" 1 18ZoCoOvKy.288 18144.840020 18144.015907 0.824113
18102.70777 0.034 0.034 6 0 0 0 0 0 2 2 s  E'  5773 0 0 0 0 0 0 2 2 a  E" 1 18ZoCoOvKy.291 18148.295050 18148.971290 0.676240
18043.11149 0.034 0.034 6 0 0 0 0 0 2 2 s  E'  5773 0 0 0 0 0 0 3 2 a  E" 1 18ZoCoOvKy.255 18148.295245 18148.971290 0.676045
15446.83060 0.024 0.024 5 0 0 0 0 0 3 3 s A2"  1950 0 0 0 0 0 0 3 3 a A2' 1 18ZoCoOvKy.144 15533.488403 15535.341621 1.853218
15414.25100 0.024 0.024 5 0 0 0 0 0 3 3 s A2"  1950 0 0 0 0 0 0 3 0 s A2' 2  18ZoCoOvKy.99 15533.488859 15535.341621 1.852762
15367.40130 0.024 0.024 5 0 0 0 0 0 3 3 s A2"  1950 0 0 0 0 0 0 4 3 a A2' 1  18ZoCoOvKy.48 15533.489203 15535.341621 1.852418
15380.39300 0.024 0.024 4 0 1 1 0 0 3 2 a A2"  1954 0 0 0 0 0 0 4 3 a A2' 1  18ZoCoOvKy.57 15546.480903 15544.227373 2.253530
15380.39300 0.024 0.024 4 0 1 1 0 0 3 2 a A2"  1954 0 0 0 0 0 0 4 3 a A2' 1  18ZoCoOvKy.58 15546.480903 15544.227373 2.253530
15459.82340 0.024 0.024 4 0 1 1 0 0 3 2 a A2"  1954 0 0 0 0 0 0 3 3 a A2' 1 18ZoCoOvKy.157 15546.481203 15544.227373 2.253830
15459.82340 0.024 0.024 4 0 1 1 0 0 3 2 a A2"  1954 0 0 0 0 0 0 3 3 a A2' 1 18ZoCoOvKy.158 15546.481203 15544.227373 2.253830
15427.24950 0.024 0.024 4 0 1 1 0 0 3 2 a A2"  1954 0 0 0 0 0 0 3 0 s A2' 2 18ZoCoOvKy.115 15546.487359 15544.227373 2.259986
15427.24950 0.024 0.024 4 0 1 1 0 0 3 2 a A2"  1954 0 0 0 0 0 0 3 0 s A2' 2 18ZoCoOvKy.116 15546.487359 15544.227373 2.259986
15441.59450 0.024 0.024 4 0 1 1 0 0 3 1 s A2"  1963 0 0 0 0 0 0 3 0 s A2' 2 18ZoCoOvKy.139 15560.832359 15562.087865 1.255506
18098.58021 0.034 0.034 6 0 0 0 0 0 3 3 s A2"  3921 0 0 0 0 0 0 3 3 a A2' 1 18ZoCoOvKy.287 18185.238013 18184.897199 0.340814
18019.16007 0.034 0.034 6 0 0 0 0 0 3 3 s A2"  3921 0 0 0 0 0 0 4 3 a A2' 1 18ZoCoOvKy.246 18185.247973 18184.897199 0.350774
18021.05157 0.034 0.034 6 0 0 0 0 0 3 3 s A2"  3924 0 0 0 0 0 0 4 3 a A2' 1 18ZoCoOvKy.248 18187.139473 18188.372438 1.232965
18100.49069 0.034 0.034 6 0 0 0 0 0 3 3 s A2"  3924 0 0 0 0 0 0 3 3 a A2' 1 18ZoCoOvKy.290 18187.148493 18188.372438 1.223945
18096.79285 0.034 0.034 5 0 1 1 0 0 3 2 a A2"  3952 0 0 0 0 0 0 3 0 s A2' 2 18ZoCoOvKy.283 18216.030709 18216.985725 0.955016
18050.25736 0.034 0.034 5 0 1 1 0 0 3 1 s A2"  3950 0 0 0 0 0 0 4 3 a A2' 1 18ZoCoOvKy.256 18216.345263 18215.432107 0.913156
18097.11756 0.034 0.034 5 0 1 1 0 0 3 1 s A2"  3950 0 0 0 0 0 0 3 0 s A2' 2 18ZoCoOvKy.284 18216.355419 18215.432107 0.923312
18050.68134 0.034 0.034 5 0 1 1 0 0 3 2 a A2"  3952 0 0 0 0 0 0 4 3 a A2' 1 18ZoCoOvKy.257 18216.769243 18216.985725 0.216482
15365.13290 0.024 0.024 5 0 0 0 0 0 3 3 a A2'  2055 0 0 0 0 0 0 4 3 s A2" 1  18ZoCoOvKy.44 15530.464002 15529.737334 0.726668
15444.60370 0.024 0.024 5 0 0 0 0 0 3 3 a A2'  2055 0 0 0 0 0 0 3 3 s A2" 1 18ZoCoOvKy.141 15530.465281 15529.737334 0.727947
15462.88860 0.024 0.024 4 0 1 1 0 0 3 2 s A2'  2065 0 0 0 0 0 0 3 3 s A2" 1 18ZoCoOvKy.160 15548.750181 15549.065972 0.315791
15383.42060 0.024 0.024 4 0 1 1 0 0 3 2 s A2'  2065 0 0 0 0 0 0 4 3 s A2" 1  18ZoCoOvKy.62 15548.751702 15549.065972 0.314270
15488.33880 0.024 0.024 4 0 1 1 0 0 3 2 s A2'  2065 0 0 0 0 0 0 2 0 a A2" 1 18ZoCoOvKy.179 15548.751818 15549.065972 0.314154
15493.39340 0.024 0.024 4 0 1 1 0 0 3 1 a A2'  2068 0 0 0 0 0 0 2 0 a A2" 1 18ZoCoOvKy.183 15553.806418 15552.016561 1.789857
15354.51320 0.024 0.024 4 0 1 1 0 0 3 1 a A2'  2068 0 0 0 0 0 0 4 0 a A2" 2  18ZoCoOvKy.38 15553.807137 15552.016561 1.790576
15388.48290 0.024 0.024 4 0 1 1 0 0 3 1 a A2'  2068 0 0 0 0 0 0 4 3 s A2" 1  18ZoCoOvKy.68 15553.814002 15552.016561 1.797441
15501.56820 0.024 0.024 5 0 0 0 0 0 3 0 s A2'  2074 0 0 0 0 0 0 2 0 a A2" 1 18ZoCoOvKy.190 15561.981218 15561.488102 0.493116
15362.68850 0.024 0.024 5 0 0 0 0 0 3 0 s A2'  2074 0 0 0 0 0 0 4 0 a A2" 2  18ZoCoOvKy.41 15561.982437 15561.488102 0.494335
18038.54259 0.034 0.034 5 0 1 1 0 0 3 2 s A2'  4090 0 0 0 0 0 0 4 3 s A2" 1 18ZoCoOvKy.253 18203.873692 18203.800173 0.073519
18143.46866 0.034 0.034 5 0 1 1 0 0 3 2 s A2'  4090 0 0 0 0 0 0 2 0 a A2" 1 18ZoCoOvKy.306 18203.881678 18203.800173 0.081505
18149.21709 0.034 0.034 5 0 1 1 0 0 3 1 a A2'  4094 0 0 0 0 0 0 2 0 a A2" 1 18ZoCoOvKy.311 18209.630108 18207.575412 2.054696
18010.33950 0.034 0.034 5 0 1 1 0 0 3 1 a A2'  4094 0 0 0 0 0 0 4 0 a A2" 2 18ZoCoOvKy.242 18209.633437 18207.575412 2.058025
18156.24002 0.034 0.034 6 0 0 0 0 0 3 0 s A2'  4102 0 0 0 0 0 0 2 0 a A2" 1 18ZoCoOvKy.316 18216.653038 18216.976490 0.323452
18017.35979 0.034 0.034 6 0 0 0 0 0 3 0 s A2'  4102 0 0 0 0 0 0 4 0 a A2" 2 18ZoCoOvKy.244 18216.653727 18216.976490 0.322763
18163.73367 0.034 0.034 6 0 0 0 0 0 3 1 a A2'  4108 0 0 0 0 0 0 2 0 a A2" 1 18ZoCoOvKy.321 18224.146688 18223.841061 0.305627
18024.85852 0.034 0.034 6 0 0 0 0 0 3 1 a A2'  4108 0 0 0 0 0 0 4 0 a A2" 2 18ZoCoOvKy.250 18224.152457 18223.841061 0.311396
15429.54280 0.024 0.024 4 0 1 1 0 0 3 3 s  E"  3962 0 0 0 0 0 0 2 2 s  E' 1 18ZoCoOvKy.120 15474.338778 15475.292776 0.953998
15390.70340 0.024 0.024 5 0 0 0 0 0 3 3 s  E"  4007 0 0 0 0 0 0 4 4 s  E' 1  18ZoCoOvKy.71 15530.061449 15529.086670 0.974779
15489.16770 0.024 0.024 4 0 1 1 0 0 3 3 s  E"  4013 0 0 0 0 0 0 2 2 s  E' 1 18ZoCoOvKy.180 15533.963678 15532.858232 1.105446
15489.16770 0.024 0.024 4 0 1 1 0 0 3 3 s  E"  4013 0 0 0 0 0 0 2 2 s  E' 1 18ZoCoOvKy.181 15533.963678 15532.858232 1.105446
15350.13460 0.024 0.024 4 0 1 1 0 0 3 3 s  E"  4013 0 0 0 0 0 0 4 2 s  E' 2  18ZoCoOvKy.32 15533.963711 15532.858232 1.105479
15350.13460 0.024 0.024 4 0 1 1 0 0 3 3 s  E"  4013 0 0 0 0 0 0 4 2 s  E' 2  18ZoCoOvKy.33 15533.963711 15532.858232 1.105479
15429.54280 0.024 0.024 4 0 1 1 0 0 3 3 s  E"  4013 0 0 0 0 0 0 3 2 s  E' 1 18ZoCoOvKy.121 15533.964888 15532.858232 1.106656
15350.95900 0.024 0.024 4 0 1 1 0 0 3 2 a  E"  4022 0 0 0 0 0 0 4 1 a  E' 3  18ZoCoOvKy.34 15546.570321 15544.631813 1.938508
15430.29210 0.024 0.024 4 0 1 1 0 0 3 2 a  E"  4022 0 0 0 0 0 0 3 1 a  E' 2 18ZoCoOvKy.123 15546.570395 15544.631813 1.938582
15489.86210 0.024 0.024 4 0 1 1 0 0 3 2 a  E"  4022 0 0 0 0 0 0 2 1 a  E' 2 18ZoCoOvKy.182 15546.571327 15544.631813 1.939514
15443.75410 0.024 0.024 4 0 1 1 0 0 3 0 s  E"  4043 0 0 0 0 0 0 3 1 a  E' 2 18ZoCoOvKy.140 15560.032395 15557.594304 2.438091
15364.42110 0.024 0.024 4 0 1 1 0 0 3 0 a  E"  4043 0 0 0 0 0 0 4 1 a  E' 3  18ZoCoOvKy.42 15560.032421 15557.594304 2.438117
15379.24610 0.024 0.024 4 0 1 1 0 0 3 1 s  E"  4048 0 0 0 0 0 0 4 2 s  E' 2  18ZoCoOvKy.56 15563.075211 15563.371131 0.295920
18085.84790 0.034 0.034 5 0 1 1 0 0 3 3 s  E"  8038 0 0 0 0 0 0 3 2 s  E' 1 18ZoCoOvKy.277 18190.269988 18188.999382 1.270606
18145.47613 0.034 0.034 5 0 1 1 0 0 3 3 s  E"  8038 0 0 0 0 0 0 2 2 s  E' 1 18ZoCoOvKy.308 18190.272108 18188.999382 1.272726
18159.17773 0.034 0.034 5 0 1 1 0 0 3 2 a  E"  8086 0 0 0 0 0 0 2 1 a  E' 2 18ZoCoOvKy.319 18215.886957 18216.122010 0.235053
18099.61923 0.034 0.034 5 0 1 1 0 0 3 2 a  E"  8086 0 0 0 0 0 0 3 1 a  E' 2 18ZoCoOvKy.289 18215.897525 18216.122010 0.224485
18171.88492 0.034 0.034 6 0 0 0 0 0 3 2 a  E"  8086 0 0 0 0 0 0 2 2 s  E' 1 18ZoCoOvKy.326 18216.680898 18216.122010 0.558888
18032.85392 0.034 0.034 6 0 0 0 0 0 3 2 a  E"  8086 0 0 0 0 0 0 4 2 s  E' 2 18ZoCoOvKy.252 18216.683031 18216.122010 0.561021
18113.95438 0.034 0.034 5 0 1 1 0 0 3 0 a  E"  8108 0 0 0 0 0 0 3 1 a  E' 2 18ZoCoOvKy.297 18230.232675 18228.721818 1.510857
18173.53087 0.034 0.034 5 0 1 1 0 0 3 0 a  E"  8108 0 0 0 0 0 0 2 1 a  E' 2 18ZoCoOvKy.328 18230.240097 18228.721818 1.518279
15485.60440 0.024 0.024 4 0 1 1 0 0 3 3 a  E'  3967 0 0 0 0 0 0 2 2 a  E" 1 18ZoCoOvKy.176 15531.191680 15529.123394 2.068286
15426.00860 0.024 0.024 4 0 1 1 0 0 3 3 a  E'  3967 0 0 0 0 0 0 3 2 a  E" 1 18ZoCoOvKy.114 15531.192355 15529.123394 2.068961
15346.64140 0.024 0.024 4 0 1 1 0 0 3 3 a  E'  3967 0 0 0 0 0 0 4 2 a  E" 2  18ZoCoOvKy.29 15531.194457 15529.123394 2.071063
15493.52290 0.024 0.024 4 0 1 1 0 0 3 2 s  E'  3988 0 0 0 0 0 0 2 1 s  E" 2 18ZoCoOvKy.184 15549.461633 15550.082234 0.620601
15433.92690 0.024 0.024 4 0 1 1 0 0 3 2 s  E'  3988 0 0 0 0 0 0 3 1 s  E" 2 18ZoCoOvKy.127 15549.463531 15550.082234 0.618703
15446.61560 0.024 0.024 4 0 1 1 0 0 3 0 s  E'  3998 0 0 0 0 0 0 3 1 s  E" 2 18ZoCoOvKy.143 15562.152231 15556.740930 5.411301
15367.24670 0.024 0.024 4 0 1 1 0 0 3 0 s  E'  3998 0 0 0 0 0 0 4 1 s  E" 3  18ZoCoOvKy.47 15562.153057 15556.740930 5.412127
15506.21510 0.024 0.024 4 0 1 1 0 0 3 0 s  E'  3998 0 0 0 0 0 0 2 1 s  E" 2 18ZoCoOvKy.196 15562.153833 15556.740930 5.412903
18142.49121 0.034 0.034 6 0 0 0 0 0 3 3 a  E'  7947 0 0 0 0 0 0 2 1 s  E" 2 18ZoCoOvKy.305 18198.429943 18197.805704 0.624239
18058.27309 0.034 0.034 6 0 0 0 0 0 3 3 a  E'  7947 0 0 0 0 0 0 4 4 a  E" 1 18ZoCoOvKy.263 18198.436343 18197.805704 0.630639
18154.87596 0.034 0.034 5 0 1 1 0 0 3 3 a  E'  7951 0 0 0 0 0 0 2 2 a  E" 1 18ZoCoOvKy.315 18200.463240 18199.819541 0.643699
18095.87883 0.034 0.034 5 0 1 1 0 0 3 3 a  E'  7951 0 0 0 0 0 0 3 2 a  E" 1 18ZoCoOvKy.281 18201.062585 18199.819541 1.243044
18007.59557 0.034 0.034 6 0 0 0 0 0 3 2 s  E'  7955 0 0 0 0 0 0 4 1 s  E" 3 18ZoCoOvKy.241 18202.501927 18202.262243 0.239684
18156.92309 0.034 0.034 6 0 0 0 0 0 3 2 s  E'  7955 0 0 0 0 0 0 2 2 a  E" 1 18ZoCoOvKy.318 18202.510370 18202.262243 0.248127
18146.58070 0.034 0.034 6 0 0 0 0 0 3 2 s  E'  7955 0 0 0 0 0 0 2 1 s  E" 2 18ZoCoOvKy.310 18202.519433 18202.262243 0.257190
15318.35770 0.024 0.024 4 0 1 1 0 0 4 4 a A2"  2609 0 0 0 0 0 0 5 3 a A2' 1  18ZoCoOvKy.13 15583.584357 15582.613954 0.970403
15496.93370 0.024 0.024 4 0 1 1 0 0 4 4 a A2"  2609 0 0 0 0 0 0 3 3 a A2' 1 18ZoCoOvKy.186 15583.591503 15582.613954 0.977549
15417.50460 0.024 0.024 4 0 1 1 0 0 4 4 a A2"  2609 0 0 0 0 0 0 4 3 a A2' 1 18ZoCoOvKy.102 15583.592503 15582.613954 0.978549
15340.62960 0.024 0.024 5 0 0 0 0 0 4 3 s A2"  2623 0 0 0 0 0 0 5 3 a A2' 1  18ZoCoOvKy.28 15605.856257 15604.785890 1.070367
15519.19900 0.024 0.024 5 0 0 0 0 0 4 3 s A2"  2623 0 0 0 0 0 0 3 3 a A2' 1 18ZoCoOvKy.216 15605.856803 15604.785890 1.070913
15439.77210 0.024 0.024 5 0 0 0 0 0 4 3 s A2"  2623 0 0 0 0 0 0 4 3 a A2' 1 18ZoCoOvKy.134 15605.860003 15604.785890 1.074113
15321.03230 0.024 0.024 4 0 1 1 0 0 4 2 a A2"  2635 0 0 0 0 0 0 5 0 s A2' 2  18ZoCoOvKy.15 15618.674118 15618.676953 0.002835
15353.45260 0.024 0.024 4 0 1 1 0 0 4 2 a A2"  2635 0 0 0 0 0 0 5 3 a A2' 1  18ZoCoOvKy.37 15618.679257 15618.676953 0.002304
15452.59230 0.024 0.024 4 0 1 1 0 0 4 2 a A2"  2635 0 0 0 0 0 0 4 3 a A2' 1 18ZoCoOvKy.152 15618.680203 15618.676953 0.003250
15499.45000 0.024 0.024 4 0 1 1 0 0 4 2 a A2"  2635 0 0 0 0 0 0 3 0 s A2' 2 18ZoCoOvKy.188 15618.687859 15618.676953 0.010906
15508.37310 0.024 0.024 4 0 1 1 0 0 4 1 s A2"  2637 0 0 0 0 0 0 3 0 s A2' 2 18ZoCoOvKy.200 15627.610959 15622.830129 4.780830
15329.96930 0.024 0.024 4 0 1 1 0 0 4 1 s A2"  2637 0 0 0 0 0 0 5 0 s A2' 2  18ZoCoOvKy.20 15627.611118 15622.830129 4.780989
15467.69890 0.024 0.024 5 0 0 0 0 0 4 0 a A2"  2641 0 0 0 0 0 0 4 3 a A2' 1 18ZoCoOvKy.163 15633.786803 15631.001168 2.785635
15336.14590 0.024 0.024 5 0 0 0 0 0 4 0 a A2"  2641 0 0 0 0 0 0 5 0 s A2' 2  18ZoCoOvKy.21 15633.787718 15631.001168 2.786550
15368.56180 0.024 0.024 5 0 0 0 0 0 4 0 a A2"  2641 0 0 0 0 0 0 5 3 a A2' 1  18ZoCoOvKy.51 15633.788457 15631.001168 2.787289
15514.55120 0.024 0.024 5 0 0 0 0 0 4 0 a A2"  2641 0 0 0 0 0 0 3 0 s A2' 2 18ZoCoOvKy.209 15633.789059 15631.001168 2.787891
18145.71726 0.034 0.034 5 0 1 1 0 0 4 4 a A2"  5181 0 0 0 0 0 0 3 3 a A2' 1 18ZoCoOvKy.309 18232.375063 18235.644571 3.269508
18066.29972 0.034 0.034 5 0 1 1 0 0 4 4 a A2"  5181 0 0 0 0 0 0 4 3 a A2' 1 18ZoCoOvKy.267 18232.387623 18235.644571 3.256948
18150.69335 0.034 0.034 5 0 1 1 0 0 4 4 a A2"  5183 0 0 0 0 0 0 3 3 a A2' 1 18ZoCoOvKy.312 18237.351153 18237.075308 0.275845
18071.26358 0.034 0.034 5 0 1 1 0 0 4 4 a A2"  5183 0 0 0 0 0 0 4 3 a A2' 1 18ZoCoOvKy.269 18237.351483 18237.075308 0.276175
18175.61770 0.034 0.034 6 0 0 0 0 0 4 3 s A2"  5211 0 0 0 0 0 0 3 3 a A2' 1 18ZoCoOvKy.329 18262.275503 18261.687766 0.587737
18010.75075 0.034 0.034 5 0 1 1 0 0 4 2 a A2"  5232 0 0 0 0 0 0 5 3 a A2' 1 18ZoCoOvKy.243 18275.977407 18277.819859 1.842452
18109.94024 0.034 0.034 5 0 1 1 0 0 4 2 a A2"  5232 0 0 0 0 0 0 4 3 a A2' 1 18ZoCoOvKy.295 18276.028143 18277.819859 1.791716
18161.85471 0.034 0.034 5 0 1 1 0 0 4 1 s A2"  5237 0 0 0 0 0 0 3 0 s A2' 2 18ZoCoOvKy.320 18281.092569 18282.123991 1.031422
17983.45240 0.034 0.034 5 0 1 1 0 0 4 1 s A2"  5237 0 0 0 0 0 0 5 0 s A2' 2 18ZoCoOvKy.238 18281.094218 18282.123991 1.029773
18025.24918 0.034 0.034 5 0 1 1 0 0 4 2 a A2"  5246 0 0 0 0 0 0 5 3 a A2' 1 18ZoCoOvKy.251 18290.475837 18290.344419 0.131418
18171.23895 0.034 0.034 5 0 1 1 0 0 4 2 a A2"  5246 0 0 0 0 0 0 3 0 s A2' 2 18ZoCoOvKy.325 18290.476809 18290.344419 0.132390
18184.24734 0.034 0.034 6 0 0 0 0 0 4 0 a A2"  5262 0 0 0 0 0 0 3 0 s A2' 2 18ZoCoOvKy.335 18303.485199 18302.669989 0.815210
18005.85093 0.034 0.034 6 0 0 0 0 0 4 0 a A2"  5262 0 0 0 0 0 0 5 0 s A2' 2 18ZoCoOvKy.240 18303.492748 18302.669989 0.822759
18096.18260 0.034 0.034 6 0 0 0 0 0 4 3 s A2"  5331 0 0 0 0 0 0 5 3 a A2' 1 18ZoCoOvKy.282 18361.409257 18365.786919 4.377662
15420.32940 0.024 0.024 4 0 1 1 0 0 4 4 s A2'  2504 0 0 0 0 0 0 4 3 s A2" 1 18ZoCoOvKy.105 15585.660502 15588.479731 2.819229
15499.79950 0.024 0.024 4 0 1 1 0 0 4 4 s A2'  2504 0 0 0 0 0 0 3 3 s A2" 1 18ZoCoOvKy.189 15585.661081 15588.479731 2.818650
15515.55700 0.024 0.024 5 0 0 0 0 0 4 3 a A2'  2513 0 0 0 0 0 0 3 3 s A2" 1 18ZoCoOvKy.210 15601.418581 15602.532212 1.113631
15436.08810 0.024 0.024 5 0 0 0 0 0 4 3 a A2'  2513 0 0 0 0 0 0 4 3 s A2" 1 18ZoCoOvKy.130 15601.419202 15602.532212 1.113010
15336.90440 0.024 0.024 5 0 0 0 0 0 4 3 a A2'  2513 0 0 0 0 0 0 5 3 s A2" 1  18ZoCoOvKy.26 15601.421057 15602.532212 1.111155
15423.84060 0.024 0.024 4 0 1 1 0 0 4 2 s A2'  2529 0 0 0 0 0 0 4 0 a A2" 2 18ZoCoOvKy.112 15623.134537 15626.247427 3.112890
15457.80660 0.024 0.024 4 0 1 1 0 0 4 2 s A2'  2529 0 0 0 0 0 0 4 3 s A2" 1 18ZoCoOvKy.155 15623.137702 15626.247427 3.109725
15358.62180 0.024 0.024 4 0 1 1 0 0 4 2 s A2'  2529 0 0 0 0 0 0 5 3 s A2" 1  18ZoCoOvKy.39 15623.138457 15626.247427 3.108970
15365.69510 0.024 0.024 4 0 1 1 0 0 4 1 a A2'  2531 0 0 0 0 0 0 5 3 s A2" 1  18ZoCoOvKy.45 15630.211757 15629.791093 0.420664
15430.91920 0.024 0.024 4 0 1 1 0 0 4 1 a A2'  2531 0 0 0 0 0 0 4 0 a A2" 2 18ZoCoOvKy.124 15630.213137 15629.791093 0.422044
18074.18986 0.034 0.034 5 0 1 1 0 0 4 4 s A2'  5035 0 0 0 0 0 0 4 3 s A2" 1 18ZoCoOvKy.273 18239.520962 18239.968549 0.447587
18153.66587 0.034 0.034 5 0 1 1 0 0 4 4 s A2'  5035 0 0 0 0 0 0 3 3 s A2" 1 18ZoCoOvKy.313 18239.527451 18239.968549 0.441098
18188.36570 0.034 0.034 6 0 0 0 0 0 4 3 a A2'  5078 0 0 0 0 0 0 3 3 s A2" 1 18ZoCoOvKy.337 18274.227281 18275.691105 1.463824
18108.89855 0.034 0.034 6 0 0 0 0 0 4 3 a A2'  5078 0 0 0 0 0 0 4 3 s A2" 1 18ZoCoOvKy.294 18274.229652 18275.691105 1.461453
18086.99737 0.034 0.034 5 0 1 1 0 0 4 1 a A2'  5088 0 0 0 0 0 0 4 0 a A2" 2 18ZoCoOvKy.278 18286.291307 18284.692329 1.598978
18021.78305 0.034 0.034 5 0 1 1 0 0 4 1 a A2'  5088 0 0 0 0 0 0 5 3 s A2" 1 18ZoCoOvKy.249 18286.299707 18284.692329 1.607378
15376.59510 0.024 0.024 5 0 0 0 0 0 4 4 a  E"  5095 0 0 0 0 0 0 5 5 a  E' 1  18ZoCoOvKy.54 15582.682580 15583.310376 0.627796
15368.33340 0.024 0.024 4 0 1 1 0 0 4 3 s  E"  5123 0 0 0 0 0 0 5 4 s  E' 2  18ZoCoOvKy.50 15606.986067 15608.382317 1.396250
15502.56410 0.024 0.024 4 0 1 1 0 0 4 3 s  E"  5123 0 0 0 0 0 0 3 2 s  E' 1 18ZoCoOvKy.192 15606.986188 15608.382317 1.396129
15467.62930 0.024 0.024 4 0 1 1 0 0 4 3 s  E"  5123 0 0 0 0 0 0 4 4 s  E' 1 18ZoCoOvKy.162 15606.987349 15608.382317 1.394968
15503.17650 0.024 0.024 4 0 1 1 0 0 4 3 s  E"  5123 0 0 0 0 0 0 3 2 s  E' 1 18ZoCoOvKy.194 15607.598588 15608.382317 0.783729
15368.94640 0.024 0.024 4 0 1 1 0 0 4 3 s  E"  5123 0 0 0 0 0 0 5 4 s  E' 2  18ZoCoOvKy.52 15607.599067 15608.382317 0.783250
15423.77010 0.024 0.024 4 0 1 1 0 0 4 3 s  E"  5123 0 0 0 0 0 0 4 2 s  E' 2 18ZoCoOvKy.111 15607.599211 15608.382317 0.783106
15324.66260 0.024 0.024 4 0 1 1 0 0 4 3 s  E"  5123 0 0 0 0 0 0 5 2 s  E' 3  18ZoCoOvKy.16 15607.599799 15608.382317 0.782518
15423.59150 0.024 0.024 4 0 1 1 0 0 4 2 a  E"  5138 0 0 0 0 0 0 4 1 a  E' 3 18ZoCoOvKy.110 15619.202821 15617.694565 1.508256
15502.92700 0.024 0.024 4 0 1 1 0 0 4 2 a  E"  5138 0 0 0 0 0 0 3 1 a  E' 2 18ZoCoOvKy.193 15619.205295 15617.694565 1.510730
15336.50820 0.024 0.024 4 0 1 1 0 0 4 0 a  E"  5156 0 0 0 0 0 0 5 1 a  E' 4  18ZoCoOvKy.22 15631.138256 15630.923778 0.214478
15435.52850 0.024 0.024 4 0 1 1 0 0 4 0 a  E"  5156 0 0 0 0 0 0 4 1 a  E' 3 18ZoCoOvKy.129 15631.139821 15630.923778 0.216043
18104.63799 0.034 0.034 6 0 0 0 0 0 4 0 a  E" 10322 0 0 0 0 0 0 4 1 a  E' 3 18ZoCoOvKy.293 18300.249311 18301.793121 1.543810
18183.97629 0.034 0.034 5 0 1 1 0 0 4 0 a  E" 10322 0 0 0 0 0 0 3 1 a  E' 2 18ZoCoOvKy.334 18300.254585 18301.793121 1.538536
15448.52250 0.024 0.024 4 0 1 1 0 0 4 4 s  E'  5144 0 0 0 0 0 0 4 4 a  E" 1 18ZoCoOvKy.147 15588.685753 15589.738294 1.052541
15383.42060 0.024 0.024 4 0 1 1 0 0 4 4 s  E'  5144 0 0 0 0 0 0 5 5 s  E" 1  18ZoCoOvKy.61 15588.689748 15589.738294 1.048546
15364.54340 0.024 0.024 4 0 1 1 0 0 4 3 a  E'  5162 0 0 0 0 0 0 5 4 a  E" 2  18ZoCoOvKy.43 15603.951691 15603.349220 0.602471
15498.76800 0.024 0.024 4 0 1 1 0 0 4 3 s  E'  5162 0 0 0 0 0 0 3 2 a  E" 1 18ZoCoOvKy.187 15603.951755 15603.349220 0.602535
15320.33550 0.024 0.024 4 0 1 1 0 0 4 3 a  E'  5162 0 0 0 0 0 0 5 2 a  E" 3  18ZoCoOvKy.14 15603.952221 15603.349220 0.603001
15419.39980 0.024 0.024 4 0 1 1 0 0 4 3 a  E'  5162 0 0 0 0 0 0 4 2 a  E" 2 18ZoCoOvKy.103 15603.952857 15603.349220 0.603637
15463.79470 0.024 0.024 4 0 1 1 0 0 4 3 a  E'  5162 0 0 0 0 0 0 4 4 a  E" 1 18ZoCoOvKy.161 15603.957953 15603.349220 0.608733
15368.33340 0.024 0.024 4 0 1 1 0 0 4 3 a  E'  5162 0 0 0 0 0 0 5 4 a  E" 2  18ZoCoOvKy.49 15607.741691 15603.349220 4.392471
15502.56410 0.024 0.024 4 0 1 1 0 0 4 3 a  E'  5162 0 0 0 0 0 0 3 2 a  E" 1 18ZoCoOvKy.191 15607.747855 15603.349220 4.398635
15516.23230 0.024 0.024 5 0 0 0 0 0 4 2 s  E'  5186 0 0 0 0 0 0 3 2 a  E" 1 18ZoCoOvKy.212 15621.416055 15621.417042 0.000987
15505.88130 0.024 0.024 5 0 0 0 0 0 4 2 s  E'  5186 0 0 0 0 0 0 3 1 s  E" 2 18ZoCoOvKy.195 15621.417931 15621.417042 0.000889
15327.44990 0.024 0.024 5 0 0 0 0 0 4 2 s  E'  5186 0 0 0 0 0 0 5 1 s  E" 4  18ZoCoOvKy.18 15621.418220 15621.417042 0.001178
15427.54670 0.024 0.024 4 0 1 1 0 0 4 2 s  E'  5186 0 0 0 0 0 0 4 1 s  E" 3 18ZoCoOvKy.117 15622.453057 15621.417042 1.036015
15328.48690 0.024 0.024 4 0 1 0 1 0 4 2 s  E'  5186 0 0 0 0 0 0 5 1 s  E" 4  18ZoCoOvKy.19 15622.455220 15621.417042 1.038178
15506.91900 0.024 0.024 4 0 1 1 0 0 4 2 s  E'  5186 0 0 0 0 0 0 3 1 s  E" 2 18ZoCoOvKy.198 15622.455631 15621.417042 1.038589
15440.47190 0.024 0.024 4 0 1 1 0 0 4 1 a  E'  5190 0 0 0 0 0 0 4 2 a  E" 2 18ZoCoOvKy.137 15625.024957 15623.780144 1.244813
15509.48610 0.024 0.024 4 0 1 1 0 0 4 1 a  E'  5282 0 0 0 0 0 0 4 2 a  E" 2 18ZoCoOvKy.201 15694.039157 15693.834805 0.204352
17983.24891 0.034 0.034 5 0 1 1 0 0 4 3 a  E' 10370 0 0 0 0 0 0 5 1 s  E" 4 18ZoCoOvKy.237 18277.217230 18276.910907 0.306323
18172.03951 0.034 0.034 5 0 1 1 0 0 4 3 a  E' 10370 0 0 0 0 0 0 3 2 a  E" 1 18ZoCoOvKy.327 18277.223265 18276.910907 0.312358
15483.63810 0.024 0.024 4 0 1 1 0 0 5 5 s A2"  3061 0 0 0 0 0 0 4 3 a A2' 1 18ZoCoOvKy.175 15649.726003 15650.715669 0.989666
15366.15320 0.024 0.024 4 0 1 1 0 0 5 5 s A2"  3061 0 0 0 0 0 0 6 6 s A2' 1  18ZoCoOvKy.46 15649.727720 15650.715669 0.987949
15409.10690 0.024 0.024 4 0 1 1 0 0 5 4 a A2"  3078 0 0 0 0 0 0 5 3 a A2' 1  18ZoCoOvKy.91 15674.333557 15672.284082 2.049475
15508.24600 0.024 0.024 4 0 1 1 0 0 5 4 a A2"  3078 0 0 0 0 0 0 4 3 a A2' 1 18ZoCoOvKy.199 15674.333903 15672.284082 2.049821
15290.35790 0.024 0.024 4 0 1 1 0 0 5 4 a A2"  3078 0 0 0 0 0 0 6 3 a A2' 2   18ZoCoOvKy.3 15674.335428 15672.284082 2.051346
15432.25950 0.024 0.024 5 0 0 0 0 0 5 3 s A2"  3096 0 0 0 0 0 0 5 3 a A2' 1 18ZoCoOvKy.125 15697.486157 15697.408465 0.077692
15531.40600 0.024 0.024 5 0 0 0 0 0 5 3 s A2"  3096 0 0 0 0 0 0 4 3 a A2' 1 18ZoCoOvKy.229 15697.493903 15697.408465 0.085438
15428.67120 0.024 0.024 4 0 1 1 0 0 5 1 s A2"  3119 0 0 0 0 0 0 5 0 s A2' 2 18ZoCoOvKy.118 15726.313018 15725.510515 0.802503
18156.73939 0.034 0.034 5 0 1 1 0 0 5 4 a A2"  6181 0 0 0 0 0 0 4 3 a A2' 1 18ZoCoOvKy.317 18322.827293 18326.100470 3.273177
18057.60273 0.034 0.034 5 0 1 1 0 0 5 4 a A2"  6181 0 0 0 0 0 0 5 3 a A2' 1 18ZoCoOvKy.262 18322.829387 18326.100470 3.271083
18076.96660 0.034 0.034 6 0 0 0 0 0 5 4 a A2"  6204 0 0 0 0 0 0 5 3 a A2' 1 18ZoCoOvKy.275 18342.193257 18342.069721 0.123536
18176.11658 0.034 0.034 6 0 0 0 0 0 5 4 a A2"  6204 0 0 0 0 0 0 4 3 a A2' 1 18ZoCoOvKy.331 18342.204483 18342.069721 0.134762
15481.12420 0.024 0.024 4 0 1 1 0 0 5 5 a A2'  3163 0 0 0 0 0 0 4 3 s A2" 1 18ZoCoOvKy.172 15646.455302 15645.802448 0.652854
15362.04730 0.024 0.024 4 0 1 1 0 0 5 5 a A2'  3163 0 0 0 0 0 0 6 6 a A2" 1  18ZoCoOvKy.40 15646.457599 15645.802448 0.655151
15411.17310 0.024 0.024 4 0 1 1 0 0 5 4 s A2'  3188 0 0 0 0 0 0 5 3 s A2" 1  18ZoCoOvKy.95 15675.689757 15677.499167 1.809410
15510.36250 0.024 0.024 4 0 1 1 0 0 5 4 s A2'  3188 0 0 0 0 0 0 4 3 s A2" 1 18ZoCoOvKy.203 15675.693602 15677.499167 1.805565
15294.70400 0.024 0.024 4 0 1 1 0 0 5 4 s A2'  3188 0 0 0 0 0 0 6 3 s A2" 2   18ZoCoOvKy.6 15678.022488 15677.499167 0.523321
15413.50770 0.024 0.024 4 0 1 1 0 0 5 4 s A2'  3188 0 0 0 0 0 0 5 3 s A2" 1  18ZoCoOvKy.97 15678.024357 15677.499167 0.525190
15512.69340 0.024 0.024 4 0 1 1 0 0 5 4 s A2'  3188 0 0 0 0 0 0 4 3 s A2" 1 18ZoCoOvKy.207 15678.024502 15677.499167 0.525335
15393.61680 0.024 0.024 4 0 1 1 0 0 5 4 s A2'  3188 0 0 0 0 0 0 6 6 a A2" 1  18ZoCoOvKy.77 15678.027099 15677.499167 0.527932
15429.54280 0.024 0.024 5 0 0 0 0 0 5 3 a A2'  3202 0 0 0 0 0 0 5 3 s A2" 1 18ZoCoOvKy.119 15694.059457 15693.445628 0.613829
15310.74870 0.024 0.024 5 0 0 0 0 0 5 3 a A2'  3202 0 0 0 0 0 0 6 3 s A2" 2   18ZoCoOvKy.9 15694.067188 15693.445628 0.621560
15528.73790 0.024 0.024 5 0 0 0 0 0 5 3 a A2'  3202 0 0 0 0 0 0 4 3 s A2" 1 18ZoCoOvKy.223 15694.069002 15693.445628 0.623374
15326.56900 0.024 0.024 4 0 1 1 0 0 5 2 s A2'  3213 0 0 0 0 0 0 6 3 s A2" 2  18ZoCoOvKy.17 15709.887488 15710.611715 0.724227
15445.37250 0.024 0.024 4 0 1 1 0 0 5 2 s A2'  3213 0 0 0 0 0 0 5 3 s A2" 1 18ZoCoOvKy.142 15709.889157 15710.611715 0.722558
15510.59530 0.024 0.024 4 0 1 1 0 0 5 2 s A2'  3213 0 0 0 0 0 0 4 0 a A2" 2 18ZoCoOvKy.205 15709.889237 15710.611715 0.722478
15300.18700 0.024 0.024 4 0 1 1 0 0 5 1 a A2'  3219 0 0 0 0 0 0 6 0 a A2" 3   18ZoCoOvKy.7 15717.074810 15717.445972 0.371162
15517.78250 0.024 0.024 4 0 1 1 0 0 5 1 a A2'  3219 0 0 0 0 0 0 4 0 a A2" 2 18ZoCoOvKy.214 15717.076437 15717.445972 0.369535
18018.21479 0.034 0.034 5 0 1 1 0 0 5 5 a A2'  6295 0 0 0 0 0 0 6 6 a A2" 1 18ZoCoOvKy.245 18302.625089 18302.432837 0.192252
18137.30546 0.034 0.034 5 0 1 1 0 0 5 5 a A2'  6295 0 0 0 0 0 0 4 3 s A2" 1 18ZoCoOvKy.303 18302.636562 18302.432837 0.203725
18071.95631 0.034 0.034 5 0 1 1 0 0 5 4 s A2'  6337 0 0 0 0 0 0 5 3 s A2" 1 18ZoCoOvKy.272 18336.472967 18331.777914 4.695053
18171.14277 0.034 0.034 5 0 1 1 0 0 5 4 s A2'  6337 0 0 0 0 0 0 4 3 s A2" 1 18ZoCoOvKy.324 18336.473872 18331.777914 4.695958
17976.39734 0.034 0.034 5 0 1 1 0 0 5 1 a A2'  6428 0 0 0 0 0 0 6 0 a A2" 3 18ZoCoOvKy.236 18393.285150 18395.155275 1.870125
18193.99940 0.034 0.034 5 0 1 1 0 0 5 1 a A2'  6428 0 0 0 0 0 0 4 0 a A2" 2 18ZoCoOvKy.338 18393.293337 18395.155275 1.861938
15510.36250 0.024 0.024 4 0 1 1 0 0 5 5 s  E"  6254 0 0 0 0 0 0 4 4 s  E' 1 18ZoCoOvKy.204 15649.720549 15650.814397 1.093848
15411.07230 0.024 0.024 4 0 1 1 0 0 5 5 s  E"  6254 0 0 0 0 0 0 5 4 s  E' 2  18ZoCoOvKy.93 15649.724967 15650.814397 1.089430
15468.28080 0.024 0.024 4 0 1 1 0 0 5 4 a  E"  6283 0 0 0 0 0 0 5 5 a  E' 1 18ZoCoOvKy.164 15674.368280 15672.963000 1.405280
15349.24560 0.024 0.024 4 0 1 1 0 0 5 4 a  E"  6283 0 0 0 0 0 0 6 5 a  E' 1  18ZoCoOvKy.31 15674.372875 15672.963000 1.409875
15437.84130 0.024 0.024 4 0 1 1 0 0 5 4 s  E"  6283 0 0 0 0 0 1 5 4 s  E' 2 18ZoCoOvKy.131 15676.493967 15672.963000 3.530967
15514.08870 0.024 0.024 4 0 1 1 0 0 5 3 s  E"  6315 0 0 0 0 0 0 4 2 s  E' 2 18ZoCoOvKy.208 15697.917811 15692.257213 5.660598
15429.69960 0.024 0.024 4 0 1 1 0 0 5 0 a  E"  6371 0 0 0 0 0 0 5 1 a  E' 4 18ZoCoOvKy.122 15724.329656 15724.277073 0.052583
15311.10140 0.024 0.024 4 0 1 1 0 0 5 0 a  E"  6371 0 0 0 0 0 0 6 1 a  E' 4  18ZoCoOvKy.10 15724.339257 15724.277073 0.062184
18069.55137 0.034 0.034 5 0 1 1 0 0 5 5 s  E" 12510 0 0 0 0 0 0 5 4 s  E' 2 18ZoCoOvKy.268 18308.204037 18308.936736 0.732699
18168.85207 0.034 0.034 5 0 1 1 0 0 5 5 s  E" 12510 0 0 0 0 0 0 4 4 s  E' 1 18ZoCoOvKy.323 18308.210119 18308.936736 0.726617
15506.46100 0.024 0.024 4 0 1 1 0 0 5 5 a  E'  6205 0 0 0 0 0 0 4 4 a  E" 1 18ZoCoOvKy.197 15646.624253 15645.647509 0.976744
15407.22030 0.024 0.024 4 0 1 1 0 0 5 5 a  E'  6205 0 0 0 0 0 0 5 4 a  E" 2  18ZoCoOvKy.89 15646.628591 15645.647509 0.981082
15471.98250 0.024 0.024 4 0 1 1 0 0 5 4 s  E'  6246 0 0 0 0 0 0 5 5 s  E" 1 18ZoCoOvKy.166 15677.251648 15677.217054 0.034594
15352.88400 0.024 0.024 4 0 1 1 0 0 5 4 s  E'  6246 0 0 0 0 0 0 6 5 s  E" 1  18ZoCoOvKy.36 15677.253003 15677.217054 0.035949
15292.51040 0.024 0.024 4 0 1 1 0 0 5 3 a  E'  6272 0 0 0 0 0 0 6 2 a  E" 3   18ZoCoOvKy.4 15694.788223 15692.935925 1.852298
15411.17310 0.024 0.024 4 0 1 1 0 0 5 3 a  E'  6272 0 0 0 0 0 0 5 2 a  E" 3  18ZoCoOvKy.94 15694.789821 15692.935925 1.853896
15510.23680 0.024 0.024 4 0 1 1 0 0 5 3 a  E'  6272 0 0 0 0 0 0 4 2 a  E" 2 18ZoCoOvKy.202 15694.789857 15692.935925 1.853932
15336.74750 0.024 0.024 4 0 1 1 0 0 5 3 a  E'  6272 0 0 0 0 0 0 6 4 a  E" 2  18ZoCoOvKy.23 15695.032085 15692.935925 2.096160
15511.52180 0.024 0.024 4 0 1 1 0 0 5 3 a  E'  6272 0 0 0 0 0 0 4 2 a  E" 2 18ZoCoOvKy.206 15696.074857 15692.935925 3.138932
15337.79190 0.024 0.024 4 0 1 1 0 0 5 3 a  E'  6272 0 0 0 0 0 0 6 4 a  E" 2  18ZoCoOvKy.27 15696.076485 15692.935925 3.140560
15412.45990 0.024 0.024 4 0 1 1 0 0 5 3 a  E'  6272 0 0 0 0 0 0 5 2 a  E" 3  18ZoCoOvKy.96 15696.076621 15692.935925 3.140696
15315.27080 0.024 0.024 4 0 1 1 0 0 5 0 s  E'  6321 0 0 0 0 0 0 6 1 s  E" 4  18ZoCoOvKy.12 15727.895181 15723.199574 4.695607
15433.92690 0.024 0.024 4 0 1 1 0 0 5 0 s  E'  6321 0 0 0 0 0 0 5 1 s  E" 4 18ZoCoOvKy.126 15727.895220 15723.199574 4.695646
18076.64171 0.034 0.034 5 0 1 1 0 0 5 5 a  E' 12424 0 0 0 0 0 0 5 4 a  E" 2 18ZoCoOvKy.274 18316.050001 18316.284075 0.234074
18175.88944 0.034 0.034 5 0 1 1 0 0 5 5 a  E' 12424 0 0 0 0 0 0 4 4 a  E" 1 18ZoCoOvKy.330 18316.052693 18316.284075 0.231382
15440.11100 0.024 0.024 5 0 0 0 0 0 6 6 a A2"  3712 0 0 0 0 0 0 6 6 s A2' 1 18ZoCoOvKy.135 15723.685520 15725.245472 1.559952
15493.97520 0.024 0.024 4 0 1 1 0 0 6 5 s A2"  3740 0 0 0 0 0 0 5 3 a A2' 1 18ZoCoOvKy.185 15759.201857 15757.303094 1.898763
15336.74750 0.024 0.024 4 0 1 1 0 0 6 5 s A2"  3740 0 0 0 0 0 0 7 6 s A2' 1  18ZoCoOvKy.25 15759.205829 15757.303094 1.902735
15475.63190 0.024 0.024 4 0 1 1 0 0 6 5 s A2"  3740 0 0 0 0 0 0 6 6 s A2' 1 18ZoCoOvKy.169 15759.206420 15757.303094 1.903326
15260.23640 0.024 0.024 4 0 1 1 0 0 6 4 a A2"  3761 0 0 0 0 0 0 7 3 a A2' 2   18ZoCoOvKy.1 15782.459379 15781.104785 1.354594
15398.48460 0.024 0.024 4 0 1 1 0 0 6 4 a A2"  3761 0 0 0 0 0 0 6 3 a A2' 2  18ZoCoOvKy.80 15782.462128 15781.104785 1.357343
15422.31940 0.024 0.024 5 0 0 0 0 0 6 3 s A2"  3781 0 0 0 0 0 0 6 3 a A2' 2 18ZoCoOvKy.109 15806.296928 15801.372203 4.924725
15541.07640 0.024 0.024 5 0 0 0 0 0 6 3 s A2"  3781 0 0 0 0 0 0 5 3 a A2' 1 18ZoCoOvKy.233 15806.303057 15801.372203 4.930854
15292.92880 0.024 0.024 4 0 1 1 0 0 6 2 a A2"  3793 0 0 0 0 0 0 7 3 a A2' 2   18ZoCoOvKy.5 15815.151779 15813.895825 1.255954
15271.54750 0.024 0.024 4 0 1 1 0 0 6 1 s A2"  3799 0 0 0 0 0 0 7 0 s A2' 3   18ZoCoOvKy.2 15825.940642 15821.475575 4.465067
15528.30170 0.024 0.024 4 0 1 1 0 0 6 1 s A2"  3799 0 0 0 0 0 0 5 0 s A2' 2 18ZoCoOvKy.222 15825.943518 15821.475575 4.467943
15336.74750 0.024 0.024 4 0 1 1 0 0 6 5 a A2'  3636 0 0 0 0 0 0 7 6 a A2" 1  18ZoCoOvKy.24 15759.970523 15760.136960 0.166437
15475.63190 0.024 0.024 4 0 1 1 0 0 6 5 a A2'  3636 0 0 0 0 0 0 6 6 a A2" 1 18ZoCoOvKy.168 15760.042199 15760.136960 0.094761
15518.72030 0.024 0.024 4 0 1 1 0 0 6 4 s A2'  3653 0 0 0 0 0 0 5 3 s A2" 1 18ZoCoOvKy.215 15783.236957 15780.443230 2.793727
15400.62110 0.024 0.024 4 0 1 1 0 0 6 4 s A2'  3653 0 0 0 0 0 0 6 3 s A2" 2  18ZoCoOvKy.82 15783.939588 15780.443230 3.496358
15540.14720 0.024 0.024 5 0 0 0 0 0 6 3 a A2'  3679 0 0 0 0 0 0 5 3 s A2" 1 18ZoCoOvKy.231 15804.663857 15806.194992 1.531135
15421.34540 0.024 0.024 5 0 0 0 0 0 6 3 a A2'  3679 0 0 0 0 0 0 6 3 s A2" 2 18ZoCoOvKy.106 15804.663888 15806.194992 1.531104
15406.66530 0.024 0.024 4 0 1 1 0 0 6 2 s A2'  3697 0 0 0 0 0 0 6 0 a A2" 3  18ZoCoOvKy.87 15823.553110 15827.884222 4.331112
15440.23740 0.024 0.024 4 0 1 1 0 0 6 2 s A2'  3697 0 0 0 0 0 0 6 3 s A2" 2 18ZoCoOvKy.136 15823.555888 15827.884222 4.328334
15301.93410 0.024 0.024 4 0 1 1 0 0 6 2 s A2'  3697 0 0 0 0 0 0 7 3 s A2" 2   18ZoCoOvKy.8 15823.556085 15827.884222 4.328137
15315.27080 0.024 0.024 4 0 1 1 0 0 6 1 a A2'  3708 0 0 0 0 0 0 7 3 s A2" 2  18ZoCoOvKy.11 15836.892785 15838.833011 1.940226
15420.00760 0.024 0.024 4 0 1 1 0 0 6 1 a A2'  3708 0 0 0 0 0 0 6 0 a A2" 3 18ZoCoOvKy.104 15836.895410 15838.833011 1.937601
18097.64054 0.034 0.034 6 0 0 0 0 0 6 6 s A2'  7229 0 0 0 0 0 0 6 6 a A2" 1 18ZoCoOvKy.286 18382.050839 18379.592285 2.458554
17958.83752 0.034 0.034 6 0 0 0 0 0 6 6 s A2'  7229 0 0 0 0 0 0 7 6 a A2" 1 18ZoCoOvKy.235 18382.060543 18379.592285 2.468258
15515.86270 0.024 0.024 4 0 1 1 0 0 6 6 a  E"  7288 0 0 0 0 0 0 5 5 a  E' 1 18ZoCoOvKy.211 15721.950180 15721.128620 0.821560
15346.84810 0.024 0.024 4 0 1 1 0 0 6 6 a  E"  7288 0 0 0 0 0 0 7 7 a  E' 1  18ZoCoOvKy.30 15721.955185 15721.128620 0.826565
15520.46090 0.024 0.024 4 0 1 1 0 0 6 5 s  E"  7351 0 0 0 0 0 0 5 4 s  E' 2 18ZoCoOvKy.218 15759.113567 15759.333779 0.220212
15401.52940 0.024 0.024 4 0 1 1 0 0 6 5 s  E"  7351 0 0 0 0 0 0 6 4 s  E' 2  18ZoCoOvKy.84 15759.113680 15759.333779 0.220099
17997.93611 0.034 0.034 5 0 1 1 0 0 6 6 a  E" 14529 0 0 0 0 0 0 7 7 a  E' 1 18ZoCoOvKy.239 18373.043195 18372.873447 0.169748
18166.96540 0.034 0.034 5 0 1 1 0 0 6 6 a  E" 14529 0 0 0 0 0 0 5 5 a  E' 1 18ZoCoOvKy.322 18373.052880 18372.873447 0.179433
18188.36570 0.034 0.034 5 0 1 1 0 0 6 6 a  E" 14607 0 0 0 0 0 0 5 5 a  E' 1 18ZoCoOvKy.336 18394.453180 18394.497110 0.043930
18019.35680 0.034 0.034 5 0 1 1 0 0 6 6 a  E" 14607 0 0 0 0 0 0 7 7 a  E' 1 18ZoCoOvKy.247 18394.463885 18394.497110 0.033225
18062.14650 0.034 0.034 5 0 1 1 0 0 6 5 s  E" 14709 0 0 0 0 0 0 6 4 s  E' 2 18ZoCoOvKy.264 18419.730780 18424.167548 4.436768
18181.08590 0.034 0.034 5 0 1 1 0 0 6 5 s  E" 14709 0 0 0 0 0 0 5 4 s  E' 2 18ZoCoOvKy.333 18419.738567 18424.167548 4.428981
15401.01780 0.024 0.024 4 0 1 1 0 0 6 6 s  E'  7333 0 0 0 0 0 0 6 5 s  E" 1  18ZoCoOvKy.83 15725.386803 15721.440270 3.946533
15520.12010 0.024 0.024 4 0 1 1 0 0 6 6 s  E'  7333 0 0 0 0 0 0 5 5 s  E" 1 18ZoCoOvKy.217 15725.389248 15721.440270 3.948978
15486.20340 0.024 0.024 4 0 1 1 0 0 6 6 s  E'  7333 0 0 0 0 0 0 5 4 a  E" 2 18ZoCoOvKy.177 15725.611691 15721.440270 4.171421
15351.36370 0.024 0.024 4 0 1 1 0 0 6 6 s  E'  7333 0 0 0 0 0 0 7 7 s  E" 1  18ZoCoOvKy.35 15725.613019 15721.440270 4.172749
15516.70910 0.024 0.024 4 0 1 1 0 0 6 5 a  E'  7389 0 0 0 0 0 0 5 4 a  E" 2 18ZoCoOvKy.213 15756.117391 15755.337429 0.779962
15397.83730 0.024 0.024 4 0 1 1 0 0 6 5 a  E'  7389 0 0 0 0 0 0 6 4 a  E" 2  18ZoCoOvKy.79 15756.121885 15755.337429 0.784456
18057.60273 0.034 0.034 5 0 1 1 0 0 6 6 s  E' 14670 0 0 0 0 0 0 6 5 s  E" 1 18ZoCoOvKy.261 18381.971733 18382.353745 0.382012
18176.70704 0.034 0.034 5 0 1 1 0 0 6 6 s  E' 14670 0 0 0 0 0 0 5 5 s  E" 1 18ZoCoOvKy.332 18381.976188 18382.353745 0.377557
15390.80990 0.024 0.024 4 0 1 1 0 0 7 7 s A2"  4143 0 0 0 0 0 0 7 6 s A2' 1  18ZoCoOvKy.73 15813.268229 15811.244759 2.023470
15390.80990 0.024 0.024 4 0 1 1 0 0 7 7 s A2"  4143 0 0 0 0 0 0 7 6 s A2' 1  18ZoCoOvKy.74 15813.268229 15811.244759 2.023470
15529.70300 0.024 0.024 4 0 1 1 0 0 7 7 s A2"  4143 0 0 0 0 0 0 6 6 s A2' 1 18ZoCoOvKy.226 15813.277520 15811.244759 2.032761
15529.70300 0.024 0.024 4 0 1 1 0 0 7 7 s A2"  4143 0 0 0 0 0 0 6 6 s A2' 1 18ZoCoOvKy.227 15813.277520 15811.244759 2.032761
15526.27080 0.024 0.024 4 0 1 1 0 0 7 4 a A2"  4237 0 0 0 0 0 0 6 3 a A2' 2 18ZoCoOvKy.220 15910.248328 15908.037753 2.210575
15388.02830 0.024 0.024 4 0 1 1 0 0 7 4 a A2"  4237 0 0 0 0 0 0 7 3 a A2' 2  18ZoCoOvKy.67 15910.251279 15908.037753 2.213526
15425.11680 0.024 0.024 4 0 1 1 0 0 7 2 a A2"  4284 0 0 0 0 0 0 7 3 a A2' 2 18ZoCoOvKy.113 15947.339779 15946.457403 0.882376
15392.95080 0.024 0.024 4 0 1 1 0 0 7 2 a A2"  4284 0 0 0 0 0 0 7 0 s A2' 3  18ZoCoOvKy.76 15947.343942 15946.457403 0.886539
15567.00370 0.024 0.024 4 0 1 1 0 0 7 1 a A2"  4287 0 0 0 0 0 0 6 3 a A2' 2 18ZoCoOvKy.234 15950.981228 15949.738404 1.242824
15526.56480 0.024 0.024 4 0 1 1 0 0 7 7 a A2'  4248 0 0 0 0 0 0 6 6 a A2" 1 18ZoCoOvKy.221 15810.975099 15809.577445 1.397654
15387.75680 0.024 0.024 4 0 1 1 0 0 7 7 a A2'  4248 0 0 0 0 0 0 7 6 a A2" 1  18ZoCoOvKy.66 15810.979823 15809.577445 1.402378
15530.49970 0.024 0.024 4 0 1 1 0 0 7 4 s A2'  4348 0 0 0 0 0 0 6 3 s A2" 2 18ZoCoOvKy.228 15913.818188 15911.396017 2.422171
15392.20060 0.024 0.024 4 0 1 1 0 0 7 4 s A2'  4348 0 0 0 0 0 0 7 3 s A2" 2  18ZoCoOvKy.75 15913.822585 15911.396017 2.426568
15540.28150 0.024 0.024 5 0 0 0 0 0 7 3 a A2'  4365 0 0 0 0 0 0 6 3 s A2" 2 18ZoCoOvKy.232 15923.599988 15927.621944 4.021956
15406.90900 0.024 0.024 5 0 0 0 0 0 7 3 a A2'  4365 0 0 0 0 0 0 7 3 s A2" 2  18ZoCoOvKy.88 15928.530985 15927.621944 0.909041
15533.42920 0.024 0.024 4 0 1 1 0 0 7 1 a A2'  4392 0 0 0 0 0 0 6 0 a A2" 3 18ZoCoOvKy.230 15950.317010 15950.483748 0.166738
15476.11780 0.024 0.024 4 0 1 1 0 0 7 6 a  E"  8481 0 0 0 0 0 0 7 7 a  E' 1 18ZoCoOvKy.170 15851.224885 15848.604232 2.620653
15526.09830 0.024 0.024 4 0 1 1 0 0 7 6 a  E"  8481 0 0 0 0 0 0 6 5 a  E' 1 18ZoCoOvKy.219 15851.225575 15848.604232 2.621343
15387.51920 0.024 0.024 4 0 1 1 0 0 7 6 a  E"  8481 0 0 0 0 0 0 7 5 a  E' 2  18ZoCoOvKy.64 15851.226327 15848.604232 2.622095
15529.25720 0.024 0.024 4 0 1 1 0 0 7 5 s  E"  8559 0 0 0 0 0 0 6 4 s  E' 2 18ZoCoOvKy.225 15886.841480 15887.422927 0.581447
15390.80990 0.024 0.024 4 0 1 1 0 0 7 5 s  E"  8559 0 0 0 0 0 0 7 4 s  E' 3  18ZoCoOvKy.72 15886.845083 15887.422927 0.577844
15529.10210 0.024 0.024 5 0 0 0 0 0 7 6 s  E'  8441 0 0 0 0 0 0 6 5 s  E" 1 18ZoCoOvKy.224 15853.471103 15851.023790 2.447313
15390.45810 0.024 0.024 5 0 0 0 0 0 7 6 s  E'  8441 0 0 0 0 0 0 7 5 s  E" 2  18ZoCoOvKy.69 15853.471253 15851.023790 2.447463