15446.96660 0.024 0.024 4 0 1 1 0 0 1 1 s A2"   805 0 0 0 0 0 0 1 0 s A2' 1 18ZoCoOvKy.145 15466.856486 15465.412078 1.444408 15466.4888 15461.0864
15403.03610 0.024 0.024 4 0 1 1 0 0 1 1 a A2'   917 0 0 0 0 0 0 2 0 a A2" 1  18ZoCoOvKy.85 15463.449118 15461.827808 1.621310 15463.4543 15461.8168
15462.66090 0.024 0.024 4 0 1 1 0 0 1 1 a A2'   917 0 0 0 0 0 0 0 0 a A2" 1 18ZoCoOvKy.159 15463.454303 15461.827808 1.626495 15463.4543 15461.8168
18053.35859 0.034 0.034 5 0 1 1 0 0 1 1 a A2'  1795 0 0 0 0 0 0 2 0 a A2" 1 18ZoCoOvKy.258 18113.771608 18116.795730 3.024122 18115.9028 18116.3720
18112.98280 0.034 0.034 5 0 1 1 0 0 1 1 a A2'  1795 0 0 0 0 0 0 0 0 a A2" 1 18ZoCoOvKy.296 18113.776203 18116.795730 3.019527 18115.9028 18116.3720
18116.69618 0.034 0.034 5 0 1 1 0 0 1 1 a A2'  1795 0 0 0 0 0 0 0 0 a A2" 1 18ZoCoOvKy.298 18117.489583 18116.795730 0.693853 18115.9028 18116.3720
18057.08438 0.034 0.034 5 0 1 1 0 0 1 1 a A2'  1795 0 0 0 0 0 0 2 0 a A2" 1 18ZoCoOvKy.260 18117.497398 18116.795730 0.701668 18115.9028 18116.3720
18122.15086 0.034 0.034 6 0 0 0 0 0 1 0 s A2'  3385 0 0 0 0 0 0 0 0 a A2" 1 18ZoCoOvKy.299 18122.944263 18125.167697 2.223434 18122.9443 18125.3154
15421.72240 0.024 0.024 5 0 0 0 0 0 1 1 s  E"  1739 0 0 0 0 0 0 2 2 s  E' 1 18ZoCoOvKy.107 15466.518378 15468.269550 1.751172 15466.5198 15461.5691
15421.72240 0.024 0.024 4 0 1 1 0 0 1 1 s  E"   805 0 0 0 0 0 0 2 2 s  E' 1 18ZoCoOvKy.108 15466.518378 15468.269550 1.751172 15466.4888 15461.0864
15449.55650 0.024 0.024 5 0 0 0 0 0 1 1 s  E"  1739 0 0 0 0 0 0 1 1 a  E' 1 18ZoCoOvKy.148 15466.519856 15468.269550 1.749694 15466.5198 15461.5691
15449.55650 0.024 0.024 4 0 1 1 0 0 1 1 s  E"   805 0 0 0 0 0 0 1 1 a  E' 1 18ZoCoOvKy.149 15466.519856 15468.269550 1.749694 15466.4888 15461.0864
15410.28030 0.024 0.024 4 0 1 1 0 0 1 0 a  E"  1741 0 0 0 0 0 0 2 1 a  E' 2  18ZoCoOvKy.92 15466.989527 15465.193493 1.796034 15466.9949 15465.2181
15450.03150 0.024 0.024 4 0 1 1 0 0 1 0 a  E"  1741 0 0 0 0 0 0 1 1 a  E' 1 18ZoCoOvKy.150 15466.994856 15465.193493 1.801363 15466.9949 15465.2181
15453.75860 0.024 0.024 4 0 1 1 0 0 1 0 s  E'  1700 0 0 0 0 0 0 1 1 s  E" 1 18ZoCoOvKy.153 15469.931593 15464.642252 5.289341 15469.9316 15463.9325
15413.99410 0.024 0.024 4 0 1 1 0 0 1 0 s  E'  1700 0 0 0 0 0 0 2 1 s  E" 2  18ZoCoOvKy.98 15469.932833 15464.642252 5.290581 15469.9316 15463.9325
15482.53940 0.024 0.024 5 0 0 0 0 0 2 0 a A2"  1484 0 0 0 0 0 0 1 0 s A2' 1 18ZoCoOvKy.173 15502.429286 15502.249819 0.179467 15502.4293 15502.2533
15383.19180 0.024 0.024 5 0 0 0 0 0 2 0 a A2"  1484 0 0 0 0 0 0 3 0 s A2' 2  18ZoCoOvKy.59 15502.429659 15502.249819 0.179840 15502.4293 15502.2533
18138.61399 0.034 0.034 5 0 1 1 0 0 2 1 s A2"  2783 0 0 0 0 0 0 1 0 s A2' 1 18ZoCoOvKy.304 18158.503876 18159.490655 0.986779 18158.5039 18159.1471
18039.26629 0.034 0.034 5 0 1 1 0 0 2 1 s A2"  2783 0 0 0 0 0 0 3 0 s A2' 2 18ZoCoOvKy.254 18158.504149 18159.490655 0.986506 18158.5039 18159.1471
18153.82996 0.034 0.034 6 0 0 0 0 0 2 0 a A2"  5700 0 0 0 0 0 0 1 0 s A2' 1 18ZoCoOvKy.314 18173.719846 18173.515129 0.204717 18174.5032 18172.9909
18054.53763 0.034 0.034 6 0 0 0 0 0 2 0 a A2"  5700 0 0 0 0 0 0 3 0 s A2' 2 18ZoCoOvKy.259 18173.775489 18173.515129 0.260360 18174.5032 18172.9909
15408.27610 0.024 0.024 4 0 1 1 0 0 2 2 s A2'  1369 0 0 0 0 0 0 3 3 s A2" 1  18ZoCoOvKy.90 15494.137681 15497.382329 3.244648 15494.0029 15488.2554
15439.77210 0.024 0.024 4 0 1 1 0 0 2 1 a A2'  2846 0 0 0 0 0 0 2 0 a A2" 1 18ZoCoOvKy.133 15500.185118 15499.568600 0.616518 15501.2087 15496.6968
15440.93780 0.024 0.024 4 0 1 1 0 0 2 1 a A2'  2846 0 0 0 0 0 0 2 0 a A2" 1 18ZoCoOvKy.138 15501.350818 15502.127625 0.776807 15501.2087 15496.6968
15415.50300 0.024 0.024 4 0 1 1 0 0 2 1 a A2'  2846 0 0 0 0 0 0 3 3 s A2" 1 18ZoCoOvKy.100 15501.364581 15502.127625 0.763044 15501.2087 15496.6968
18064.50618 0.034 0.034 6 0 0 0 0 0 2 2 s A2'  5775 0 0 0 0 0 0 3 3 s A2" 1 18ZoCoOvKy.266 18150.367761 18149.914886 0.452875 18148.2950 18149.5133
18089.95567 0.034 0.034 6 0 0 0 0 0 2 2 s A2'  5775 0 0 0 0 0 0 2 0 a A2" 1 18ZoCoOvKy.279 18150.368688 18149.914886 0.453802 18148.2950 18149.5133
15387.58460 0.024 0.024 4 0 1 1 0 0 2 0 a  E"  2852 0 0 0 0 0 0 3 1 a  E' 2  18ZoCoOvKy.65 15503.862895 15502.189990 1.672905 15503.8631 15501.6522
15447.15390 0.024 0.024 4 0 1 1 0 0 2 0 a  E"  2852 0 0 0 0 0 0 2 1 a  E' 2 18ZoCoOvKy.146 15503.863127 15502.189990 1.673137 15503.8631 15501.6522
15486.90030 0.024 0.024 4 0 1 1 0 0 2 0 a  E"  2852 0 0 0 0 0 0 1 1 a  E' 1 18ZoCoOvKy.178 15503.863656 15502.189990 1.673666 15503.8631 15501.6522
18135.30002 0.034 0.034 5 0 1 1 0 0 2 0 a  E"  2933 0 0 0 0 0 0 1 1 a  E' 1 18ZoCoOvKy.302 18152.263376 18153.925698 1.662322 18152.2634 18156.2881
18095.56506 0.034 0.034 5 0 1 1 0 0 2 0 a  E"  2933 0 0 0 0 0 0 2 1 a  E' 2 18ZoCoOvKy.280 18152.274287 18153.925698 1.651411 18152.2634 18156.2881
18122.95826 0.034 0.034 5 0 1 1 0 0 2 0 a  E"  2933 0 0 0 0 0 0 2 1 a  E' 2 18ZoCoOvKy.301 18179.667487 18181.770581 2.103094 18152.2634 18156.2881
18063.39528 0.034 0.034 5 0 1 1 0 0 2 0 a  E"  2933 0 0 0 0 0 0 3 1 a  E' 2 18ZoCoOvKy.265 18179.673575 18181.770581 2.097006 18152.2634 18156.2881
15438.05900 0.024 0.024 4 0 1 1 0 0 2 2 s  E'  1369 0 0 0 0 0 0 2 1 s  E" 2 18ZoCoOvKy.132 15493.997733 15496.518130 2.520397 15494.0029 15488.2554
15378.46570 0.024 0.024 4 0 1 1 0 0 2 2 s  E'  1369 0 0 0 0 0 0 3 1 s  E" 2  18ZoCoOvKy.55 15494.002331 15496.518130 2.515799 15494.0029 15488.2554
15477.82990 0.024 0.024 4 0 1 1 0 0 2 2 s  E'  1369 0 0 0 0 0 0 1 1 s  E" 1 18ZoCoOvKy.171 15494.002893 15496.518130 2.515237 15494.0029 15488.2554
15455.62140 0.024 0.024 4 0 1 1 0 0 2 1 a  E'  2846 0 0 0 0 0 0 2 2 a  E" 1 18ZoCoOvKy.154 15501.208680 15499.975082 1.233598 15501.2087 15496.6968
18099.25274 0.034 0.034 6 0 0 0 0 0 2 2 s  E'  5775 0 0 0 0 0 0 2 2 a  E" 1 18ZoCoOvKy.288 18144.840020 18144.015907 0.824113 18148.2950 18149.5133
18102.70777 0.034 0.034 6 0 0 0 0 0 2 2 s  E'  5775 0 0 0 0 0 0 2 2 a  E" 1 18ZoCoOvKy.291 18148.295050 18148.971290 0.676240 18148.2950 18149.5133
18043.11149 0.034 0.034 6 0 0 0 0 0 2 2 s  E'  5775 0 0 0 0 0 0 3 2 a  E" 1 18ZoCoOvKy.255 18148.295245 18148.971290 0.676045 18148.2950 18149.5133
15446.83060 0.024 0.024 5 0 0 0 0 0 3 3 s A2"  1946 0 0 0 0 0 0 3 3 a A2' 1 18ZoCoOvKy.144 15533.488403 15535.341621 1.853218 15533.4884 15528.5446
15414.25100 0.024 0.024 5 0 0 0 0 0 3 3 s A2"  1946 0 0 0 0 0 0 3 0 s A2' 2  18ZoCoOvKy.99 15533.488859 15535.341621 1.852762 15533.4884 15528.5446
15367.40130 0.024 0.024 5 0 0 0 0 0 3 3 s A2"  1946 0 0 0 0 0 0 4 3 a A2' 1  18ZoCoOvKy.48 15533.489203 15535.341621 1.852418 15533.4884 15528.5446
15365.13290 0.024 0.024 5 0 0 0 0 0 3 3 a A2'  3968 0 0 0 0 0 0 4 3 s A2" 1  18ZoCoOvKy.44 15530.464002 15529.737334 0.726668 15530.4653 15529.8940
15444.60370 0.024 0.024 5 0 0 0 0 0 3 3 a A2'  3968 0 0 0 0 0 0 3 3 s A2" 1 18ZoCoOvKy.141 15530.465281 15529.737334 0.727947 15530.4653 15529.8940
15493.39340 0.024 0.024 4 0 1 1 0 0 3 1 a A2'  2066 0 0 0 0 0 0 2 0 a A2" 1 18ZoCoOvKy.183 15553.806418 15552.016561 1.789857 15553.8064 15551.0073
15354.51320 0.024 0.024 4 0 1 1 0 0 3 1 a A2'  2066 0 0 0 0 0 0 4 0 a A2" 2  18ZoCoOvKy.38 15553.807137 15552.016561 1.790576 15553.8064 15551.0073
15388.48290 0.024 0.024 4 0 1 1 0 0 3 1 a A2'  2066 0 0 0 0 0 0 4 3 s A2" 1  18ZoCoOvKy.68 15553.814002 15552.016561 1.797441 15553.8064 15551.0073
15501.56820 0.024 0.024 5 0 0 0 0 0 3 0 s A2'  1961 0 0 0 0 0 0 2 0 a A2" 1 18ZoCoOvKy.190 15561.981218 15561.488102 0.493116 15561.9812 15556.3977
15362.68850 0.024 0.024 5 0 0 0 0 0 3 0 s A2'  1961 0 0 0 0 0 0 4 0 a A2" 2  18ZoCoOvKy.41 15561.982437 15561.488102 0.494335 15561.9812 15556.3977
18038.54259 0.034 0.034 5 0 1 1 0 0 3 2 s A2'  8065 0 0 0 0 0 0 4 3 s A2" 1 18ZoCoOvKy.253 18203.873692 18203.800173 0.073519 18203.8817 18204.9315
18143.46866 0.034 0.034 5 0 1 1 0 0 3 2 s A2'  8065 0 0 0 0 0 0 2 0 a A2" 1 18ZoCoOvKy.306 18203.881678 18203.800173 0.081505 18203.8817 18204.9315
18149.21709 0.034 0.034 5 0 1 1 0 0 3 1 a A2'  8073 0 0 0 0 0 0 2 0 a A2" 1 18ZoCoOvKy.311 18209.630108 18207.575412 2.054696 18209.6301 18209.6730
18010.33950 0.034 0.034 5 0 1 1 0 0 3 1 a A2'  8073 0 0 0 0 0 0 4 0 a A2" 2 18ZoCoOvKy.242 18209.633437 18207.575412 2.058025 18209.6301 18209.6730
18156.24002 0.034 0.034 6 0 0 0 0 0 3 0 s A2'  8091 0 0 0 0 0 0 2 0 a A2" 1 18ZoCoOvKy.316 18216.653038 18216.976490 0.323452 18216.6530 18218.0140
18017.35979 0.034 0.034 6 0 0 0 0 0 3 0 s A2'  8091 0 0 0 0 0 0 4 0 a A2" 2 18ZoCoOvKy.244 18216.653727 18216.976490 0.322763 18216.6530 18218.0140
15390.70340 0.024 0.024 5 0 0 0 0 0 3 3 s  E"  1946 0 0 0 0 0 0 4 4 s  E' 1  18ZoCoOvKy.71 15530.061449 15529.086670 0.974779 15533.4884 15528.5446
15443.75410 0.024 0.024 4 0 1 1 0 0 3 0 s  E"  3997 0 0 0 0 0 0 3 1 a  E' 2 18ZoCoOvKy.140 15560.032395 15557.594304 2.438091 15562.1522 15555.8965
15364.42110 0.024 0.024 4 0 1 1 0 0 3 0 a  E"  2071 0 0 0 0 0 0 4 1 a  E' 3  18ZoCoOvKy.42 15560.032421 15557.594304 2.438117 15560.0324 15556.9058
18085.84790 0.034 0.034 5 0 1 1 0 0 3 3 s  E"  8037 0 0 0 0 0 0 3 2 s  E' 1 18ZoCoOvKy.277 18190.269988 18188.999382 1.270606 18190.2721 18188.5726
18145.47613 0.034 0.034 5 0 1 1 0 0 3 3 s  E"  8037 0 0 0 0 0 0 2 2 s  E' 1 18ZoCoOvKy.308 18190.272108 18188.999382 1.272726 18190.2721 18188.5726
18171.88492 0.034 0.034 6 0 0 0 0 0 3 2 a  E"  8091 0 0 0 0 0 0 2 2 s  E' 1 18ZoCoOvKy.326 18216.680898 18216.122010 0.558888 18216.6809 18218.1875
18032.85392 0.034 0.034 6 0 0 0 0 0 3 2 a  E"  8091 0 0 0 0 0 0 4 2 s  E' 2 18ZoCoOvKy.252 18216.683031 18216.122010 0.561021 18216.6809 18218.1875
18113.95438 0.034 0.034 5 0 1 1 0 0 3 0 a  E"  8110 0 0 0 0 0 0 3 1 a  E' 2 18ZoCoOvKy.297 18230.232675 18228.721818 1.510857 18230.2401 18229.5317
18173.53087 0.034 0.034 5 0 1 1 0 0 3 0 a  E"  8110 0 0 0 0 0 0 2 1 a  E' 2 18ZoCoOvKy.328 18230.240097 18228.721818 1.518279 18230.2401 18229.5317
15485.60440 0.024 0.024 4 0 1 1 0 0 3 3 a  E'  3967 0 0 0 0 0 0 2 2 a  E" 1 18ZoCoOvKy.176 15531.191680 15529.123394 2.068286 15531.1917 15529.1457
15426.00860 0.024 0.024 4 0 1 1 0 0 3 3 a  E'  3967 0 0 0 0 0 0 3 2 a  E" 1 18ZoCoOvKy.114 15531.192355 15529.123394 2.068961 15531.1917 15529.1457
15346.64140 0.024 0.024 4 0 1 1 0 0 3 3 a  E'  3967 0 0 0 0 0 0 4 2 a  E" 2  18ZoCoOvKy.29 15531.194457 15529.123394 2.071063 15531.1917 15529.1457
15446.61560 0.024 0.024 4 0 1 1 0 0 3 0 s  E'  3997 0 0 0 0 0 0 3 1 s  E" 2 18ZoCoOvKy.143 15562.152231 15556.740930 5.411301 15562.1522 15555.8965
15367.24670 0.024 0.024 4 0 1 1 0 0 3 0 s  E'  3997 0 0 0 0 0 0 4 1 s  E" 3  18ZoCoOvKy.47 15562.153057 15556.740930 5.412127 15562.1522 15555.8965
15506.21510 0.024 0.024 4 0 1 1 0 0 3 0 s  E'  3997 0 0 0 0 0 0 2 1 s  E" 2 18ZoCoOvKy.196 15562.153833 15556.740930 5.412903 15562.1522 15555.8965
18142.49121 0.034 0.034 6 0 0 0 0 0 3 3 a  E'  3936 0 0 0 0 0 0 2 1 s  E" 2 18ZoCoOvKy.305 18198.429943 18197.805704 0.624239 18198.4299 18200.5128
18058.27309 0.034 0.034 6 0 0 0 0 0 3 3 a  E'  3936 0 0 0 0 0 0 4 4 a  E" 1 18ZoCoOvKy.263 18198.436343 18197.805704 0.630639 18198.4299 18200.5128
18007.59557 0.034 0.034 6 0 0 0 0 0 3 2 s  E'  3942 0 0 0 0 0 0 4 1 s  E" 3 18ZoCoOvKy.241 18202.501927 18202.262243 0.239684 18202.5104 18205.4781
18156.92309 0.034 0.034 6 0 0 0 0 0 3 2 s  E'  3942 0 0 0 0 0 0 2 2 a  E" 1 18ZoCoOvKy.318 18202.510370 18202.262243 0.248127 18202.5104 18205.4781
18146.58070 0.034 0.034 6 0 0 0 0 0 3 2 s  E'  3942 0 0 0 0 0 0 2 1 s  E" 2 18ZoCoOvKy.310 18202.519433 18202.262243 0.257190 18202.5104 18205.4781
15318.35770 0.024 0.024 4 0 1 1 0 0 4 4 a A2"  2607 0 0 0 0 0 0 5 3 a A2' 1  18ZoCoOvKy.13 15583.584357 15582.613954 0.970403 15583.5915 15581.0460
15496.93370 0.024 0.024 4 0 1 1 0 0 4 4 a A2"  2607 0 0 0 0 0 0 3 3 a A2' 1 18ZoCoOvKy.186 15583.591503 15582.613954 0.977549 15583.5915 15581.0460
15417.50460 0.024 0.024 4 0 1 1 0 0 4 4 a A2"  2607 0 0 0 0 0 0 4 3 a A2' 1 18ZoCoOvKy.102 15583.592503 15582.613954 0.978549 15583.5915 15581.0460
15340.62960 0.024 0.024 5 0 0 0 0 0 4 3 s A2"  5117 0 0 0 0 0 0 5 3 a A2' 1  18ZoCoOvKy.28 15605.856257 15604.785890 1.070367 15605.8568 15601.5825
15519.19900 0.024 0.024 5 0 0 0 0 0 4 3 s A2"  5117 0 0 0 0 0 0 3 3 a A2' 1 18ZoCoOvKy.216 15605.856803 15604.785890 1.070913 15605.8568 15601.5825
15439.77210 0.024 0.024 5 0 0 0 0 0 4 3 s A2"  5117 0 0 0 0 0 0 4 3 a A2' 1 18ZoCoOvKy.134 15605.860003 15604.785890 1.074113 15605.8568 15601.5825
15321.03230 0.024 0.024 4 0 1 1 0 0 4 2 a A2"  2631 0 0 0 0 0 0 5 0 s A2' 2  18ZoCoOvKy.15 15618.674118 15618.676953 0.002835 15618.6802 15615.6958
15353.45260 0.024 0.024 4 0 1 1 0 0 4 2 a A2"  2631 0 0 0 0 0 0 5 3 a A2' 1  18ZoCoOvKy.37 15618.679257 15618.676953 0.002304 15618.6802 15615.6958
15452.59230 0.024 0.024 4 0 1 1 0 0 4 2 a A2"  2631 0 0 0 0 0 0 4 3 a A2' 1 18ZoCoOvKy.152 15618.680203 15618.676953 0.003250 15618.6802 15615.6958
15499.45000 0.024 0.024 4 0 1 1 0 0 4 2 a A2"  2631 0 0 0 0 0 0 3 0 s A2' 2 18ZoCoOvKy.188 15618.687859 15618.676953 0.010906 15618.6802 15615.6958
15508.37310 0.024 0.024 4 0 1 1 0 0 4 1 s A2"  2527 0 0 0 0 0 0 3 0 s A2' 2 18ZoCoOvKy.200 15627.610959 15622.830129 4.780830 15627.6109 15623.1372
15329.96930 0.024 0.024 4 0 1 1 0 0 4 1 s A2"  2527 0 0 0 0 0 0 5 0 s A2' 2  18ZoCoOvKy.20 15627.611118 15622.830129 4.780989 15627.6109 15623.1372
15467.69890 0.024 0.024 5 0 0 0 0 0 4 0 a A2"  5157 0 0 0 0 0 0 4 3 a A2' 1 18ZoCoOvKy.163 15633.786803 15631.001168 2.785635 15633.7890 15631.2144
15336.14590 0.024 0.024 5 0 0 0 0 0 4 0 a A2"  5157 0 0 0 0 0 0 5 0 s A2' 2  18ZoCoOvKy.21 15633.787718 15631.001168 2.786550 15633.7890 15631.2144
15368.56180 0.024 0.024 5 0 0 0 0 0 4 0 a A2"  5157 0 0 0 0 0 0 5 3 a A2' 1  18ZoCoOvKy.51 15633.788457 15631.001168 2.787289 15633.7890 15631.2144
15514.55120 0.024 0.024 5 0 0 0 0 0 4 0 a A2"  5157 0 0 0 0 0 0 3 0 s A2' 2 18ZoCoOvKy.209 15633.789059 15631.001168 2.787891 15633.7890 15631.2144
18145.71726 0.034 0.034 5 0 1 1 0 0 4 4 a A2" 10172 0 0 0 0 0 0 3 3 a A2' 1 18ZoCoOvKy.309 18232.375063 18235.644571 3.269508 18237.3512 18238.2487
18066.29972 0.034 0.034 5 0 1 1 0 0 4 4 a A2" 10172 0 0 0 0 0 0 4 3 a A2' 1 18ZoCoOvKy.267 18232.387623 18235.644571 3.256948 18237.3512 18238.2487
18150.69335 0.034 0.034 5 0 1 1 0 0 4 4 a A2" 10172 0 0 0 0 0 0 3 3 a A2' 1 18ZoCoOvKy.312 18237.351153 18237.075308 0.275845 18237.3512 18238.2487
18071.26358 0.034 0.034 5 0 1 1 0 0 4 4 a A2" 10172 0 0 0 0 0 0 4 3 a A2' 1 18ZoCoOvKy.269 18237.351483 18237.075308 0.276175 18237.3512 18238.2487
18161.85471 0.034 0.034 5 0 1 1 0 0 4 1 s A2" 10284 0 0 0 0 0 0 3 0 s A2' 2 18ZoCoOvKy.320 18281.092569 18282.123991 1.031422 18281.0925 18284.2971
17983.45240 0.034 0.034 5 0 1 1 0 0 4 1 s A2" 10284 0 0 0 0 0 0 5 0 s A2' 2 18ZoCoOvKy.238 18281.094218 18282.123991 1.029773 18281.0925 18284.2971
18184.24734 0.034 0.034 6 0 0 0 0 0 4 0 a A2"  5263 0 0 0 0 0 0 3 0 s A2' 2 18ZoCoOvKy.335 18303.485199 18302.669989 0.815210 18303.4852 18303.4155
18005.85093 0.034 0.034 6 0 0 0 0 0 4 0 a A2"  5263 0 0 0 0 0 0 5 0 s A2' 2 18ZoCoOvKy.240 18303.492748 18302.669989 0.822759 18303.4852 18303.4155
15515.55700 0.024 0.024 5 0 0 0 0 0 4 3 a A2'  2514 0 0 0 0 0 0 3 3 s A2" 1 18ZoCoOvKy.210 15601.418581 15602.532212 1.113631 15601.4186 15602.8596
15436.08810 0.024 0.024 5 0 0 0 0 0 4 3 a A2'  2514 0 0 0 0 0 0 4 3 s A2" 1 18ZoCoOvKy.130 15601.419202 15602.532212 1.113010 15601.4186 15602.8596
15336.90440 0.024 0.024 5 0 0 0 0 0 4 3 a A2'  2514 0 0 0 0 0 0 5 3 s A2" 1  18ZoCoOvKy.26 15601.421057 15602.532212 1.111155 15601.4186 15602.8596
15365.69510 0.024 0.024 4 0 1 1 0 0 4 1 a A2'  5191 0 0 0 0 0 0 5 3 s A2" 1  18ZoCoOvKy.45 15630.211757 15629.791093 0.420664 15625.0227 15624.0756
15430.91920 0.024 0.024 4 0 1 1 0 0 4 1 a A2'  5191 0 0 0 0 0 0 4 0 a A2" 2 18ZoCoOvKy.124 15630.213137 15629.791093 0.422044 15625.0227 15624.0756
18074.18986 0.034 0.034 5 0 1 1 0 0 4 4 s A2' 10287 0 0 0 0 0 0 4 3 s A2" 1 18ZoCoOvKy.273 18239.520962 18239.968549 0.447587 18239.5275 18240.9899
18153.66587 0.034 0.034 5 0 1 1 0 0 4 4 s A2' 10287 0 0 0 0 0 0 3 3 s A2" 1 18ZoCoOvKy.313 18239.527451 18239.968549 0.441098 18239.5275 18240.9899
18086.99737 0.034 0.034 5 0 1 1 0 0 4 1 a A2' 10393 0 0 0 0 0 0 4 0 a A2" 2 18ZoCoOvKy.278 18286.291307 18284.692329 1.598978 18286.2913 18286.6713
18021.78305 0.034 0.034 5 0 1 1 0 0 4 1 a A2' 10393 0 0 0 0 0 0 5 3 s A2" 1 18ZoCoOvKy.249 18286.299707 18284.692329 1.607378 18286.2913 18286.6713
15423.59150 0.024 0.024 4 0 1 1 0 0 4 2 a  E"  2631 0 0 0 0 0 0 4 1 a  E' 3 18ZoCoOvKy.110 15619.202821 15617.694565 1.508256 15618.6802 15615.6958
15502.92700 0.024 0.024 4 0 1 1 0 0 4 2 a  E"  2631 0 0 0 0 0 0 3 1 a  E' 2 18ZoCoOvKy.193 15619.205295 15617.694565 1.510730 15618.6802 15615.6958
15336.50820 0.024 0.024 4 0 1 1 0 0 4 0 a  E"  5156 0 0 0 0 0 0 5 1 a  E' 4  18ZoCoOvKy.22 15631.138256 15630.923778 0.214478 15631.1398 15630.9364
15435.52850 0.024 0.024 4 0 1 1 0 0 4 0 a  E"  5156 0 0 0 0 0 0 4 1 a  E' 3 18ZoCoOvKy.129 15631.139821 15630.923778 0.216043 15631.1398 15630.9364
18104.63799 0.034 0.034 6 0 0 0 0 0 4 0 a  E"  5263 0 0 0 0 0 0 4 1 a  E' 3 18ZoCoOvKy.293 18300.249311 18301.793121 1.543810 18303.4852 18303.4155
15440.47190 0.024 0.024 4 0 1 1 0 0 4 1 a  E'  5191 0 0 0 0 0 0 4 2 a  E" 2 18ZoCoOvKy.137 15625.024957 15623.780144 1.244813 15625.0227 15624.0756
15509.48610 0.024 0.024 4 0 1 1 0 0 4 1 a  E'  5191 0 0 0 0 0 0 4 2 a  E" 2 18ZoCoOvKy.201 15694.039157 15693.834805 0.204352 15625.0227 15624.0756
15483.63810 0.024 0.024 4 0 1 1 0 0 5 5 s A2"  6245 0 0 0 0 0 0 4 3 a A2' 1 18ZoCoOvKy.175 15649.726003 15650.715669 0.989666 15649.7260 15644.0356
15366.15320 0.024 0.024 4 0 1 1 0 0 5 5 s A2"  6245 0 0 0 0 0 0 6 6 s A2' 1  18ZoCoOvKy.46 15649.727720 15650.715669 0.987949 15649.7260 15644.0356
15409.10690 0.024 0.024 4 0 1 1 0 0 5 4 a A2"  3078 0 0 0 0 0 0 5 3 a A2' 1  18ZoCoOvKy.91 15674.333557 15672.284082 2.049475 15674.3339 15672.2831
15508.24600 0.024 0.024 4 0 1 1 0 0 5 4 a A2"  3078 0 0 0 0 0 0 4 3 a A2' 1 18ZoCoOvKy.199 15674.333903 15672.284082 2.049821 15674.3339 15672.2831
15290.35790 0.024 0.024 4 0 1 1 0 0 5 4 a A2"  3078 0 0 0 0 0 0 6 3 a A2' 2   18ZoCoOvKy.3 15674.335428 15672.284082 2.051346 15674.3339 15672.2831
15432.25950 0.024 0.024 5 0 0 0 0 0 5 3 s A2"  6272 0 0 0 0 0 0 5 3 a A2' 1 18ZoCoOvKy.125 15697.486157 15697.408465 0.077692 15697.4938 15692.9553
15531.40600 0.024 0.024 5 0 0 0 0 0 5 3 s A2"  6272 0 0 0 0 0 0 4 3 a A2' 1 18ZoCoOvKy.229 15697.493903 15697.408465 0.085438 15697.4938 15692.9553
15428.67120 0.024 0.024 4 0 1 1 0 0 5 1 s A2"  6318 0 0 0 0 0 0 5 0 s A2' 2 18ZoCoOvKy.118 15726.313018 15725.510515 0.802503 15726.3129 15722.0249
18156.73939 0.034 0.034 5 0 1 1 0 0 5 4 a A2"  6333 0 0 0 0 0 0 4 3 a A2' 1 18ZoCoOvKy.317 18322.827293 18326.100470 3.273177 18322.8273 18330.1106
18057.60273 0.034 0.034 5 0 1 1 0 0 5 4 a A2"  6333 0 0 0 0 0 0 5 3 a A2' 1 18ZoCoOvKy.262 18322.829387 18326.100470 3.271083 18322.8273 18330.1106
15429.54280 0.024 0.024 5 0 0 0 0 0 5 3 a A2'  6316 0 0 0 0 0 0 5 3 s A2" 1 18ZoCoOvKy.119 15694.059457 15693.445628 0.613829 15694.0690 15693.6011
15310.74870 0.024 0.024 5 0 0 0 0 0 5 3 a A2'  6316 0 0 0 0 0 0 6 3 s A2" 2   18ZoCoOvKy.9 15694.067188 15693.445628 0.621560 15694.0690 15693.6011
15528.73790 0.024 0.024 5 0 0 0 0 0 5 3 a A2'  6316 0 0 0 0 0 0 4 3 s A2" 1 18ZoCoOvKy.223 15694.069002 15693.445628 0.623374 15694.0690 15693.6011
15326.56900 0.024 0.024 4 0 1 1 0 0 5 2 s A2'  6335 0 0 0 0 0 0 6 3 s A2" 2  18ZoCoOvKy.17 15709.887488 15710.611715 0.724227 15709.8891 15705.7193
15445.37250 0.024 0.024 4 0 1 1 0 0 5 2 s A2'  6335 0 0 0 0 0 0 5 3 s A2" 1 18ZoCoOvKy.142 15709.889157 15710.611715 0.722558 15709.8891 15705.7193
15510.59530 0.024 0.024 4 0 1 1 0 0 5 2 s A2'  6335 0 0 0 0 0 0 4 0 a A2" 2 18ZoCoOvKy.205 15709.889237 15710.611715 0.722478 15709.8891 15705.7193
15300.18700 0.024 0.024 4 0 1 1 0 0 5 1 a A2'  3115 0 0 0 0 0 0 6 0 a A2" 3   18ZoCoOvKy.7 15717.074810 15717.445972 0.371162 15717.0764 15721.2442
15517.78250 0.024 0.024 4 0 1 1 0 0 5 1 a A2'  3115 0 0 0 0 0 0 4 0 a A2" 2 18ZoCoOvKy.214 15717.076437 15717.445972 0.369535 15717.0764 15721.2442
18071.95631 0.034 0.034 5 0 1 1 0 0 5 4 s A2' 12581 0 0 0 0 0 0 5 3 s A2" 1 18ZoCoOvKy.272 18336.472967 18331.777914 4.695053 18336.4739 18333.4767
18171.14277 0.034 0.034 5 0 1 1 0 0 5 4 s A2' 12581 0 0 0 0 0 0 4 3 s A2" 1 18ZoCoOvKy.324 18336.473872 18331.777914 4.695958 18336.4739 18333.4767
15510.36250 0.024 0.024 4 0 1 1 0 0 5 5 s  E"  6245 0 0 0 0 0 0 4 4 s  E' 1 18ZoCoOvKy.204 15649.720549 15650.814397 1.093848 15649.7260 15644.0356
15411.07230 0.024 0.024 4 0 1 1 0 0 5 5 s  E"  6245 0 0 0 0 0 0 5 4 s  E' 2  18ZoCoOvKy.93 15649.724967 15650.814397 1.089430 15649.7260 15644.0356
15468.28080 0.024 0.024 4 0 1 1 0 0 5 4 a  E"  3078 0 0 0 0 0 0 5 5 a  E' 1 18ZoCoOvKy.164 15674.368280 15672.963000 1.405280 15674.3339 15672.2831
15349.24560 0.024 0.024 4 0 1 1 0 0 5 4 a  E"  3078 0 0 0 0 0 0 6 5 a  E' 1  18ZoCoOvKy.31 15674.372875 15672.963000 1.409875 15674.3339 15672.2831
15514.08870 0.024 0.024 4 0 1 1 0 0 5 3 s  E"  6315 0 0 0 0 0 0 4 2 s  E' 2 18ZoCoOvKy.208 15697.917811 15692.257213 5.660598 15697.9178 15692.1836
15429.69960 0.024 0.024 4 0 1 1 0 0 5 0 a  E"  6320 0 0 0 0 0 0 5 1 a  E' 4 18ZoCoOvKy.122 15724.329656 15724.277073 0.052583 15724.3296 15722.7391
15311.10140 0.024 0.024 4 0 1 1 0 0 5 0 a  E"  6320 0 0 0 0 0 0 6 1 a  E' 4  18ZoCoOvKy.10 15724.339257 15724.277073 0.062184 15724.3296 15722.7391
15315.27080 0.024 0.024 4 0 1 1 0 0 5 0 s  E'  3223 0 0 0 0 0 0 6 1 s  E" 4  18ZoCoOvKy.12 15727.895181 15723.199574 4.695607 15727.8952 15722.4298
15433.92690 0.024 0.024 4 0 1 1 0 0 5 0 s  E'  3223 0 0 0 0 0 0 5 1 s  E" 4 18ZoCoOvKy.126 15727.895220 15723.199574 4.695646 15727.8952 15722.4298
15260.23640 0.024 0.024 4 0 1 1 0 0 6 4 a A2"  3760 0 0 0 0 0 0 7 3 a A2' 2   18ZoCoOvKy.1 15782.459379 15781.104785 1.354594 15782.4646 15780.8148
15398.48460 0.024 0.024 4 0 1 1 0 0 6 4 a A2"  3760 0 0 0 0 0 0 6 3 a A2' 2  18ZoCoOvKy.80 15782.462128 15781.104785 1.357343 15782.4646 15780.8148
15422.31940 0.024 0.024 5 0 0 0 0 0 6 3 s A2"  3674 0 0 0 0 0 0 6 3 a A2' 2 18ZoCoOvKy.109 15806.296928 15801.372203 4.924725 15806.3031 15801.6672
15541.07640 0.024 0.024 5 0 0 0 0 0 6 3 s A2"  3674 0 0 0 0 0 0 5 3 a A2' 1 18ZoCoOvKy.233 15806.303057 15801.372203 4.930854 15806.3031 15801.6672
15292.92880 0.024 0.024 4 0 1 1 0 0 6 2 a A2"  3793 0 0 0 0 0 0 7 3 a A2' 2   18ZoCoOvKy.5 15815.151779 15813.895825 1.255954 15815.1499 15813.9548
15271.54750 0.024 0.024 4 0 1 1 0 0 6 1 s A2"  7468 0 0 0 0 0 0 7 0 s A2' 3   18ZoCoOvKy.2 15825.940642 15821.475575 4.465067 15825.9434 15822.1480
15528.30170 0.024 0.024 4 0 1 1 0 0 6 1 s A2"  7468 0 0 0 0 0 0 5 0 s A2' 2 18ZoCoOvKy.222 15825.943518 15821.475575 4.467943 15825.9434 15822.1480
15540.14720 0.024 0.024 5 0 0 0 0 0 6 3 a A2'  7470 0 0 0 0 0 0 5 3 s A2" 1 18ZoCoOvKy.231 15804.663857 15806.194992 1.531135 15804.6638 15801.5010
15421.34540 0.024 0.024 5 0 0 0 0 0 6 3 a A2'  7470 0 0 0 0 0 0 6 3 s A2" 2 18ZoCoOvKy.106 15804.663888 15806.194992 1.531104 15804.6638 15801.5010
15406.66530 0.024 0.024 4 0 1 1 0 0 6 2 s A2'  7507 0 0 0 0 0 0 6 0 a A2" 3  18ZoCoOvKy.87 15823.553110 15827.884222 4.331112 15823.5558 15818.3883
15440.23740 0.024 0.024 4 0 1 1 0 0 6 2 s A2'  7507 0 0 0 0 0 0 6 3 s A2" 2 18ZoCoOvKy.136 15823.555888 15827.884222 4.328334 15823.5558 15818.3883
15301.93410 0.024 0.024 4 0 1 1 0 0 6 2 s A2'  7507 0 0 0 0 0 0 7 3 s A2" 2   18ZoCoOvKy.8 15823.556085 15827.884222 4.328137 15823.5558 15818.3883
15315.27080 0.024 0.024 4 0 1 1 0 0 6 1 a A2'  3698 0 0 0 0 0 0 7 3 s A2" 2  18ZoCoOvKy.11 15836.892785 15838.833011 1.940226 15836.8953 15830.1096
15420.00760 0.024 0.024 4 0 1 1 0 0 6 1 a A2'  3698 0 0 0 0 0 0 6 0 a A2" 3 18ZoCoOvKy.104 15836.895410 15838.833011 1.937601 15836.8953 15830.1096
18097.64054 0.034 0.034 6 0 0 0 0 0 6 6 s A2' 14561 0 0 0 0 0 0 6 6 a A2" 1 18ZoCoOvKy.286 18382.050839 18379.592285 2.458554 18382.0507 18381.8783
17958.83752 0.034 0.034 6 0 0 0 0 0 6 6 s A2' 14561 0 0 0 0 0 0 7 6 a A2" 1 18ZoCoOvKy.235 18382.060543 18379.592285 2.468258 18382.0507 18381.8783
15515.86270 0.024 0.024 4 0 1 1 0 0 6 6 a  E"  7329 0 0 0 0 0 0 5 5 a  E' 1 18ZoCoOvKy.211 15721.950180 15721.128620 0.821560 15721.9501 15720.1091
15346.84810 0.024 0.024 4 0 1 1 0 0 6 6 a  E"  7329 0 0 0 0 0 0 7 7 a  E' 1  18ZoCoOvKy.30 15721.955185 15721.128620 0.826565 15721.9501 15720.1091
17997.93611 0.034 0.034 5 0 1 1 0 0 6 6 a  E" 14663 0 0 0 0 0 0 7 7 a  E' 1 18ZoCoOvKy.239 18373.043195 18372.873447 0.169748 18373.0528 18380.3334
18166.96540 0.034 0.034 5 0 1 1 0 0 6 6 a  E" 14663 0 0 0 0 0 0 5 5 a  E' 1 18ZoCoOvKy.322 18373.052880 18372.873447 0.179433 18373.0528 18380.3334
18188.36570 0.034 0.034 5 0 1 1 0 0 6 6 a  E" 14663 0 0 0 0 0 0 5 5 a  E' 1 18ZoCoOvKy.336 18394.453180 18394.497110 0.043930 18373.0528 18380.3334
18019.35680 0.034 0.034 5 0 1 1 0 0 6 6 a  E" 14663 0 0 0 0 0 0 7 7 a  E' 1 18ZoCoOvKy.247 18394.463885 18394.497110 0.033225 18373.0528 18380.3334
18062.14650 0.034 0.034 5 0 1 1 0 0 6 5 s  E"  7441 0 0 0 0 0 0 6 4 s  E' 2 18ZoCoOvKy.264 18419.730780 18424.167548 4.436768 18419.7385 18416.3563
18181.08590 0.034 0.034 5 0 1 1 0 0 6 5 s  E"  7441 0 0 0 0 0 0 5 4 s  E' 2 18ZoCoOvKy.333 18419.738567 18424.167548 4.428981 18419.7385 18416.3563
18057.60273 0.034 0.034 5 0 1 1 0 0 6 6 s  E'  7232 0 0 0 0 0 0 6 5 s  E" 1 18ZoCoOvKy.261 18381.971733 18382.353745 0.382012 18381.9761 18381.1558
18176.70704 0.034 0.034 5 0 1 1 0 0 6 6 s  E'  7232 0 0 0 0 0 0 5 5 s  E" 1 18ZoCoOvKy.332 18381.976188 18382.353745 0.377557 18381.9761 18381.1558
15390.80990 0.024 0.024 4 0 1 1 0 0 7 7 s A2"  8403 0 0 0 0 0 0 7 6 s A2' 1  18ZoCoOvKy.73 15813.268229 15811.244759 2.023470 15813.2774 15808.0481
15390.80990 0.024 0.024 4 0 1 1 0 0 7 7 s A2"  8403 0 0 0 0 0 0 7 6 s A2' 1  18ZoCoOvKy.74 15813.268229 15811.244759 2.023470 15813.2774 15808.0481
15529.70300 0.024 0.024 4 0 1 1 0 0 7 7 s A2"  8403 0 0 0 0 0 0 6 6 s A2' 1 18ZoCoOvKy.226 15813.277520 15811.244759 2.032761 15813.2774 15808.0481
15529.70300 0.024 0.024 4 0 1 1 0 0 7 7 s A2"  8403 0 0 0 0 0 0 6 6 s A2' 1 18ZoCoOvKy.227 15813.277520 15811.244759 2.032761 15813.2774 15808.0481
15526.27080 0.024 0.024 4 0 1 1 0 0 7 4 a A2"  4234 0 0 0 0 0 0 6 3 a A2' 2 18ZoCoOvKy.220 15910.248328 15908.037753 2.210575 15910.2483 15903.9761
15388.02830 0.024 0.024 4 0 1 1 0 0 7 4 a A2"  4234 0 0 0 0 0 0 7 3 a A2' 2  18ZoCoOvKy.67 15910.251279 15908.037753 2.213526 15910.2483 15903.9761
15425.11680 0.024 0.024 4 0 1 1 0 0 7 2 a A2"  8683 0 0 0 0 0 0 7 3 a A2' 2 18ZoCoOvKy.113 15947.339779 15946.457403 0.882376 15947.3398 15946.6881
15392.95080 0.024 0.024 4 0 1 1 0 0 7 2 a A2"  8683 0 0 0 0 0 0 7 0 s A2' 3  18ZoCoOvKy.76 15947.343942 15946.457403 0.886539 15947.3398 15946.6881
15567.00370 0.024 0.024 4 0 1 1 0 0 7 1 a A2"  4405 0 0 0 0 0 0 6 3 a A2' 2 18ZoCoOvKy.234 15950.981228 15949.738404 1.242824 15950.3221 15963.2702
15526.56480 0.024 0.024 4 0 1 1 0 0 7 7 a A2'  8405 0 0 0 0 0 0 6 6 a A2" 1 18ZoCoOvKy.221 15810.975099 15809.577445 1.397654 15810.9749 15808.7132
15387.75680 0.024 0.024 4 0 1 1 0 0 7 7 a A2'  8405 0 0 0 0 0 0 7 6 a A2" 1  18ZoCoOvKy.66 15810.979823 15809.577445 1.402378 15810.9749 15808.7132
15530.49970 0.024 0.024 4 0 1 1 0 0 7 4 s A2'  8600 0 0 0 0 0 0 6 3 s A2" 2 18ZoCoOvKy.228 15913.818188 15911.396017 2.422171 15913.8181 15908.4322
15392.20060 0.024 0.024 4 0 1 1 0 0 7 4 s A2'  8600 0 0 0 0 0 0 7 3 s A2" 2  18ZoCoOvKy.75 15913.822585 15911.396017 2.426568 15913.8181 15908.4322
15540.28150 0.024 0.024 5 0 0 0 0 0 7 3 a A2'  4259 0 0 0 0 0 0 6 3 s A2" 2 18ZoCoOvKy.232 15923.599988 15927.621944 4.021956 15928.5263 15928.3130
15406.90900 0.024 0.024 5 0 0 0 0 0 7 3 a A2'  4259 0 0 0 0 0 0 7 3 s A2" 2  18ZoCoOvKy.88 15928.530985 15927.621944 0.909041 15928.5263 15928.3130
15533.42920 0.024 0.024 4 0 1 1 0 0 7 1 a A2'  4405 0 0 0 0 0 0 6 0 a A2" 3 18ZoCoOvKy.230 15950.317010 15950.483748 0.166738 15950.3221 15963.2702
15476.11780 0.024 0.024 4 0 1 1 0 0 7 6 a  E"  4177 0 0 0 0 0 0 7 7 a  E' 1 18ZoCoOvKy.170 15851.224885 15848.604232 2.620653 15851.2255 15849.0868
15526.09830 0.024 0.024 4 0 1 1 0 0 7 6 a  E"  4177 0 0 0 0 0 0 6 5 a  E' 1 18ZoCoOvKy.219 15851.225575 15848.604232 2.621343 15851.2255 15849.0868
15387.51920 0.024 0.024 4 0 1 1 0 0 7 6 a  E"  4177 0 0 0 0 0 0 7 5 a  E' 2  18ZoCoOvKy.64 15851.226327 15848.604232 2.622095 15851.2255 15849.0868
15529.25720 0.024 0.024 4 0 1 1 0 0 7 5 s  E"  8549 0 0 0 0 0 0 6 4 s  E' 2 18ZoCoOvKy.225 15886.841480 15887.422927 0.581447 15886.8414 15882.3011
15390.80990 0.024 0.024 4 0 1 1 0 0 7 5 s  E"  8549 0 0 0 0 0 0 7 4 s  E' 3  18ZoCoOvKy.72 15886.845083 15887.422927 0.577844 15886.8414 15882.3011
15529.10210 0.024 0.024 5 0 0 0 0 0 7 6 s  E'  8479 0 0 0 0 0 0 6 5 s  E" 1 18ZoCoOvKy.224 15853.471103 15851.023790 2.447313 15853.4710 15848.2242
15390.45810 0.024 0.024 5 0 0 0 0 0 7 6 s  E'  8479 0 0 0 0 0 0 7 5 s  E" 2  18ZoCoOvKy.69 15853.471253 15851.023790 2.447463 15853.4710 15848.2242