15237.9657   0.024   2.48E-02                               
15238.7855   0.024   9.51E-03                               
15260.2364   0.024   1.40E-02   6 4   7 3     4 0 1 1 0 0 a - 0 0 0 0 0 0 a  	4.73E-25
15261.5399   0.024   5.29E-03                               
15261.7211   0.024   1.35E-02                               
15262.8699   0.024   8.86E-03                               
15263.0866   0.024   7.86E-03                               
15263.5057   0.024   1.22E-02                               
15263.8618   0.024   7.69E-03                               
15265.6079   0.024   1.73E-02                               
15267.1981   0.024   1.06E-02                               
15267.4451   0.024   1.74E-03                               
15267.5134   0.024   1.69E-02                               
15268.6755   0.024   2.52E-02                               
15268.8135   0.024   3.44E-03                               
15269.3558   0.024   5.90E-03                               
15269.4667   0.024   7.04E-03                               
15271.1954   0.024   9.40E-03                               
15271.5475   0.024   3.16E-02   6 1   7 0     4 0 1 1 0 0 s - 0 0 0 0 0 0 s  	1.11E-24
15272.2449   0.024   2.75E-02                               
15272.5941   0.024   2.01E-02                               
15275.3569   0.024   9.82E-03                               
15282.2853   0.024   1.08E-02                               
15285.0519   0.024   2.27E-02                               
15285.6199   0.024   8.39E-03                               
15286.9072   0.024   1.38E-02                               
15288.8118   0.024   1.63E-02                               
15289.8252   0.024   9.05E-03                               
15290.0538   0.024   1.13E-02                               
15290.3579   0.024   2.42E-02   5 4   6 3     4 0 1 1 0 0 a - 0 0 0 0 0 0 a  	5.39E-25
15290.7202   0.024   7.00E-03                               
15292.5104   0.024   1.44E-02   5 3   6 2     4 0 1 1 0 0 a - 0 0 0 0 0 0 a  	2.44E-25
15292.9288   0.024   1.03E-02   6 2   7 3     4 0 1 1 0 0 a - 0 0 0 0 0 0 a  	9.48E-25
15293.7925   0.024   6.10E-03                               
15293.9811   0.024   8.33E-03                               
15294.4593   0.024   7.16E-03                               
15294.7040   0.024   4.48E-02   5 4   6 3     4 0 1 1 0 0 s - 0 0 0 0 0 0 s  	1.07E-25
15296.1616   0.024   5.94E-03                               
15296.7967   0.024   8.13E-03                               
15297.8303   0.024   1.75E-02                               
15299.6085   0.024   9.38E-03                               
15300.0083   0.024   4.99E-02                               
15300.1870   0.024   7.24E-02   5 1   6 0     4 0 1 1 0 0 a - 0 0 0 0 0 0 a  	2.26E-24
15300.9761   0.024   1.04E-02                               
15301.2188   0.024   1.08E-02                               
15301.3556   0.024   1.09E-02                               
15301.9341   0.024   4.57E-02   6 2   7 3     4 0 1 1 0 0 s - 0 0 0 0 0 0 s  	1.43E-24
15302.1749   0.024   1.18E-02                               
15302.2917   0.024   8.79E-03                               
15303.3029   0.024   7.22E-03                               
15304.0969   0.024   4.78E-02                               
15304.6275   0.024   1.09E-02                               
15305.0624   0.024   7.76E-03                               
15305.1520   0.024   8.72E-03                               
15305.2904   0.024   1.04E-02                               
15305.6034   0.024   9.47E-03                               
15305.8356   0.024   6.04E-03                               
15306.2080   0.024   2.34E-02                               
15307.5377   0.024   3.49E-02                               
15310.4214   0.024   1.36E-02                               
15310.7487   0.024   1.10E-02   5 3   6 3     5 0 0 0 0 0 a - 0 0 0 0 0 0 s  	8.57E-26
15311.1014   0.024   1.02E-02   5 0   6 1     4 0 1 1 0 0 a - 0 0 0 0 0 0 a  	3.66E-25
15312.3885   0.024   1.09E-02                               
15314.1540   0.024   1.12E-02                               
15314.4627   0.024   2.50E-02                               
15315.2708   0.024   9.79E-03   6 1   7 3     4 0 1 1 0 0 a - 0 0 0 0 0 0 s  	4.79E-26
15315.2708   0.024   9.79E-03   5 0   6 1     4 0 1 1 0 0 s - 0 0 0 0 0 0 s  	3.52E-25
15315.9744   0.024   1.16E-02                               
15316.1953   0.024   9.82E-03                               
15316.6308   0.024   2.56E-02                               
15316.9604   0.024   1.79E-02                               
15317.4120   0.024   3.03E-02                               
15317.4877   0.024   1.98E-02                               
15318.0627   0.024   5.49E-03                               
15318.3577   0.024   8.47E-03   4 4   5 3     4 0 1 1 0 0 a - 0 0 0 0 0 0 a  	2.06E-25
15318.6121   0.024   6.50E-03                               
15319.2569   0.024   1.73E-02                               
15319.6374   0.024   6.95E-03                               
15320.0482   0.024   3.73E-02                               
15320.3355   0.024   9.43E-03   4 3   5 2     4 0 1 1 0 0 a - 0 0 0 0 0 0 a  	3.80E-25
15320.4976   0.024   8.64E-03                               
15320.6458   0.024   1.56E-02                               
15320.7203   0.024   3.11E-02                               
15320.8434   0.024   2.01E-02                               
15321.0323   0.024   2.70E-02   4 2   5 0     4 0 1 1 0 0 a - 0 0 0 0 0 0 s  	1.94E-26
15321.1426   0.024   1.50E-02                               
15321.9126   0.024   5.70E-02                               
15322.3368   0.024   1.76E-02                               
15323.4332   0.024   1.51E-02                               
15324.2182   0.024   2.54E-02                               
15324.5693   0.024   2.25E-02                               
15324.6626   0.024   1.31E-02   4 3   5 2     4 0 1 1 0 0 s - 0 0 0 0 0 0 s  	3.19E-25
15325.1626   0.024   1.25E-02                               
15325.3234   0.024   1.07E-02                               
15325.5775   0.024   1.36E-02                               
15326.0697   0.024   1.43E-02                               
15326.5690   0.024   6.03E-02   5 2   6 3     4 0 1 1 0 0 s - 0 0 0 0 0 0 s  	2.43E-24
15326.9755   0.024   2.39E-02                               
15327.1641   0.024   2.45E-02                               
15327.4499   0.024   1.81E-02   4 2   5 1     5 0 0 0 0 0 s - 0 0 0 0 0 0 s  	5.29E-25
15328.4869   0.024   1.52E-02   4 2   5 1     4 0 1 0 1 0 s - 0 0 0 0 0 0 s  	2.98E-25
15328.6756   0.024   2.77E-02                               
15329.4232   0.024   5.95E-03                               
15329.4888   0.024   1.30E-03                               
15329.9693   0.024   5.79E-02   4 1   5 0     4 0 1 1 0 0 s - 0 0 0 0 0 0 s  	3.03E-24
15330.1255   0.024   6.40E-03                               
15331.0108   0.024   9.09E-03                               
15331.4315   0.024   2.04E-02                               
15331.6684   0.024   6.45E-03                               
15331.9386   0.024   1.01E-01                               
15332.1979   0.024   5.07E-02                               
15332.3706   0.024   1.81E-02                               
15332.8082   0.024   5.22E-03                               
15332.9205   0.024   5.74E-03                               
15333.0121   0.024   1.47E-02                               
15333.1664   0.024   7.70E-03                               
15333.3429   0.024   3.85E-02                               
15333.4162   0.024   2.19E-03                               
15333.5743   0.024   1.05E-02                               
15333.9385   0.024   5.35E-02                               
15334.6814   0.024   1.52E-02                               
15335.2947   0.024   7.26E-03                               
15335.9212   0.024   3.47E-02                               
15336.1459   0.024   1.71E-02   4 0   5 0     5 0 0 0 0 0 a - 0 0 0 0 0 0 s  	5.15E-25
15336.5082   0.024   1.38E-02   4 0   5 1     4 0 1 1 0 0 a - 0 0 0 0 0 0 a  	8.52E-25
15336.6612   0.024   4.72E-03                               
15336.7475   0.024   1.20E-01   5 3   6 4     4 0 1 1 0 0 a - 0 0 0 0 0 0 a  	1.31E-24
15336.7475   0.024   1.20E-01   6 5   7 6     4 0 1 1 0 0 a - 0 0 0 0 0 0 a  	3.85E-24
15336.7475   0.024   1.20E-01   6 5   7 6     4 0 1 1 0 0 s - 0 0 0 0 0 0 s  	4.36E-24
15336.9044   0.024   9.70E-03   4 3   5 3     5 0 0 0 0 0 a - 0 0 0 0 0 0 s  	1.95E-25
15337.2342   0.024   2.00E-02                               
15337.3717   0.024   2.32E-02                               
15337.4546   0.024   6.17E-03                               
15337.7919   0.024   1.17E-02   5 3   6 4     4 0 1 1 0 0 a - 0 0 0 0 0 0 a  	3.40E-25
15338.2047   0.024   6.37E-03                               
15338.3227   0.024   9.88E-03                               
15339.1206   0.024   1.04E-02                               
15339.3547   0.024   1.75E-02                               
15339.5062   0.024   3.23E-02                               
15340.3208   0.024   1.48E-02                               
15340.6296   0.024   1.21E-02   4 3   5 3     5 0 0 0 0 0 s - 0 0 0 0 0 0 a  	2.39E-25
15340.8415   0.024   3.77E-02                               
15341.1348   0.024   3.04E-02                               
15341.6522   0.024   4.85E-03                               
15341.9184   0.024   1.34E-02                               
15342.2694   0.024   9.73E-03                               
15342.4092   0.024   1.51E-02                               
15342.8496   0.024   5.83E-03                               
15343.0076   0.024   8.17E-03                               
15343.5113   0.024   1.08E-02                               
15344.4363   0.024   1.18E-02                               
15344.7258   0.024   1.04E-02                               
15345.5438   0.024   8.42E-03                               
15345.9566   0.024   7.56E-03                               
15346.0999   0.024   4.75E-03                               
15346.6414   0.024   1.44E-02   3 3   4 2     4 0 1 1 0 0 a - 0 0 0 0 0 0 a  	3.00E-25
15346.8481   0.024   4.09E-03   6 6   7 7     4 0 1 1 0 0 a - 0 0 0 0 0 0 a  	2.87E-25
15347.0133   0.024   6.24E-03                               
15347.2620   0.024   1.63E-02                               
15347.4388   0.024   8.05E-02                               
15348.9366   0.024   1.20E-02                               
15349.2456   0.024   6.34E-02   5 4   6 5     4 0 1 1 0 0 a - 0 0 0 0 0 0 a  	2.78E-24
15349.7585   0.024   9.76E-03                               
15349.9046   0.024   1.31E-02                               
15350.1346   0.024   1.21E-02   3 3   4 2     4 0 1 1 0 0 s - 0 0 0 0 0 0 s  	8.62E-26
15350.1346   0.024   1.21E-02   3 3   4 2     4 0 1 1 0 0 s - 0 0 0 0 0 0 s  	1.61E-25
15350.3268   0.024   1.62E-02                               
15350.7257   0.024   9.09E-03                               
15350.9590   0.024   4.01E-02   3 2   4 1     4 0 1 1 0 0 a - 0 0 0 0 0 0 a  	5.29E-25
15351.3637   0.024   9.24E-02   6 6   7 7     4 0 1 1 0 0 s - 0 0 0 0 0 0 s  	2.85E-24
15352.1062   0.024   2.09E-02                               
15352.1934   0.024   1.36E-02                               
15352.6521   0.024   2.25E-02                               
15352.8840   0.024   2.27E-02   5 4   6 5     4 0 1 1 0 0 s - 0 0 0 0 0 0 s  	2.34E-24
15353.0366   0.024   3.81E-02                               
15353.1273   0.024   5.77E-03                               
15353.4526   0.024   1.57E-01   4 2   5 3     4 0 1 1 0 0 a - 0 0 0 0 0 0 a  	3.34E-24
15353.5563   0.024   1.01E-02                               
15354.5132   0.024   1.77E-01   3 1   4 0     4 0 1 1 0 0 a - 0 0 0 0 0 0 a  	4.38E-24 
15355.2747   0.024   5.44E-03                               
15355.5309   0.024   5.10E-03                               
15355.6543   0.024   4.03E-03                               
15357.2144   0.024   2.11E-02                               
15358.0936   0.024   5.26E-03                               
15358.2180   0.024   5.82E-03                               
15358.6218   0.024   1.68E-01   4 2   5 3     4 0 1 1 0 0 s - 0 0 0 0 0 0 s  	5.05E-24
15358.9353   0.024   1.11E-02                               
15360.5723   0.024   8.93E-03                               
15360.8145   0.024   5.28E-03                               
15360.9492   0.024   5.31E-03                               
15361.0613   0.024   1.83E-02                               
15361.1717   0.024   1.12E-02                               
15362.0473   0.024   2.14E-01   5 5   6 6     4 0 1 1 0 0 a - 0 0 0 0 0 0 a  	8.01E-24
15362.6885   0.024   2.94E-02   3 0   4 0     5 0 0 0 0 0 s - 0 0 0 0 0 0 a  	3.68E-25
15362.9447   0.024   9.46E-03                               
15363.1135   0.024   4.36E-02                               
15363.4481   0.024   1.84E-02                               
15363.7445   0.024   1.35E-02                               
15364.4211   0.024   5.47E-02   3 0   4 1     4 0 1 1 0 0 a - 0 0 0 0 0 0 a  	1.38E-24
15364.5434   0.024   2.28E-02   4 3   5 4     4 0 1 1 0 0 a - 0 0 0 0 0 0 a  	3.38E-25
15364.8276   0.024   6.38E-03                               
15364.9966   0.024   1.25E-01                               
15365.1329   0.024   1.92E-02   3 3   4 3     5 0 0 0 0 0 a - 0 0 0 0 0 0 s  	2.48E-25
15365.3743   0.024   5.40E-03                               
15365.4300   0.024   5.54E-03                               
15365.6951   0.024   1.88E-02   4 1   5 3     4 0 1 1 0 0 a - 0 0 0 0 0 0 s  	6.52E-26
15365.8483   0.024   6.33E-03                               
15366.1532   0.024   2.02E-01   5 5   6 6     4 0 1 1 0 0 s - 0 0 0 0 0 0 s  	6.05E-24
15366.4969   0.024   8.24E-03                               
15366.6768   0.024   1.24E-02                               
15367.2467   0.024   5.80E-02   3 0   4 1     4 0 1 1 0 0 s - 0 0 0 0 0 0 s  	1.40E-24
15367.4013   0.024   7.45E-03   3 3   4 3     5 0 0 0 0 0 s - 0 0 0 0 0 0 a  	2.71E-25
15367.9663   0.024   1.23E-02                               
15368.3334   0.024   9.47E-02   4 3   5 4     4 0 1 1 0 0 a - 0 0 0 0 0 0 a  	2.35E-24
15368.3334   0.024   9.47E-02   4 3   5 4     4 0 1 1 0 0 s - 0 0 0 0 0 0 s  	3.09E-24
15368.4510   0.024   3.50E-02                               
15368.5618   0.024   3.03E-02   4 0   5 3     5 0 0 0 0 0 a - 0 0 0 0 0 0 a  	4.47E-25
15368.9464   0.024   4.49E-03   4 3   5 4     4 0 1 1 0 0 s - 0 0 0 0 0 0 s  	2.59E-25
15369.1445   0.024   9.27E-03                               
15369.3668   0.024   8.35E-03                               
15370.3257   0.024   6.60E-03                               
15371.4622   0.024   4.70E-03                               
15371.7760   0.024   5.24E-03                               
15371.9375   0.024   4.87E-03                               
15372.3569   0.024   3.05E-02                               
15373.0819   0.024   1.51E-02                               
15373.2963   0.024   4.60E-02                               
15374.1789   0.024   7.98E-03                               
15375.1138   0.024   2.19E-02   2 2   3 1     4 0 1 1 0 0 a - 0 0 0 0 0 0 a  	1.77E-25
15375.3336   0.024   5.59E-03                               
15375.5934   0.024   3.99E-03                               
15375.6645   0.024   7.68E-03                               
15376.0158   0.024   1.05E-02                               
15376.2316   0.024   1.49E-02                               
15376.5951   0.024   1.77E-01   4 4   5 5     5 0 0 0 0 0 a - 0 0 0 0 0 0 a  	4.62E-24
15376.7382   0.024   2.33E-02                               
15376.8878   0.024   8.88E-03                               
15377.4102   0.024   1.53E-02                               
15377.6900   0.024   1.37E-02                               
15377.8601   0.024   1.38E-02                               
15378.0047   0.024   9.65E-03                               
15378.4657   0.024   1.52E-02   2 2   3 1     4 0 1 1 0 0 s - 0 0 0 0 0 0 s  	3.68E-25
15378.9209   0.024   7.53E-03                               
15379.2461   0.024   1.27E-02   3 1   4 2     4 0 1 1 0 0 s - 0 0 0 0 0 0 s  	1.27E-24
15379.3961   0.024   9.89E-03                               
15380.3298   0.024   9.61E-02                               
15380.3930   0.024   1.55E-01   3 2   4 3     4 0 1 1 0 0 a - 0 0 0 0 0 0 a  	3.08E-24
15380.3930   0.024   1.55E-01   3 2   4 3     4 0 1 1 0 0 a - 0 0 0 0 0 0 a  	4.43E-24
15380.5988   0.024   1.10E-02                               
15380.7502   0.024   4.81E-03                               
15380.8665   0.024   8.67E-02                               
15381.1426   0.024   1.30E-02                               
15382.3541   0.024   7.67E-03                               
15382.7228   0.024   1.66E-02                               
15383.1918   0.024   1.17E-01   2 0   3 0     5 0 0 0 0 0 a - 0 0 0 0 0 0 s  	1.06E-24
15383.1918   0.024   1.17E-01   2 1   3 0     4 0 1 1 0 0 s - 0 0 0 0 0 0 s      3.82E-24 
15383.4206   0.024   2.55E-01   4 4   5 5     4 0 1 1 0 0 s - 0 0 0 0 0 0 s  	3.27E-24
15383.4206   0.024   2.55E-01   3 2   4 3     4 0 1 1 0 0 s - 0 0 0 0 0 0 s  	5.04E-24
15383.9772   0.024   1.10E-01                               
15384.6564   0.024   1.17E-02                               
15385.0501   0.024   7.75E-03                               
15385.5323   0.024   5.11E-03                               
15385.6718   0.024   8.58E-03   2 1   3 1     5 0 0 0 0 0 s - 0 0 0 0 0 0 s  	2.19E-25
15385.9124   0.024   7.28E-03                               
15386.0844   0.024   1.02E-02                               
15386.4465   0.024   1.32E-02                               
15387.3510   0.024   7.92E-03                               
15387.5192   0.024   1.50E-02   7 6   7 5     4 0 1 1 0 0 a - 0 0 0 0 0 0 a  	4.06E-25
15387.5846   0.024   3.02E-02   2 0   3 1     4 0 1 1 0 0 a - 0 0 0 0 0 0 a  	1.78E-24
15387.7568   0.024   2.00E-02   7 7   7 6     4 0 1 1 0 0 a - 0 0 0 0 0 0 a  	8.97E-25
15387.8038   0.024   2.95E-02                               
15387.9503   0.024   1.32E-02                               
15388.0283   0.024   1.34E-02   7 4   7 3     4 0 1 1 0 0 a - 0 0 0 0 0 0 a  	9.93E-25
15388.2801   0.024   8.26E-03                               
15388.4829   0.024   5.38E-03   3 1   4 3     4 0 1 1 0 0 a - 0 0 0 0 0 0 s  	3.48E-26
15388.5907   0.024   6.45E-03                               
15388.9257   0.024   2.31E-02                               
15389.5205   0.024   2.13E-02                               
15390.0013   0.024   7.51E-03                               
15390.1124   0.024   7.85E-03                               
15390.1893   0.024   8.90E-03                               
15390.4581   0.024   8.73E-03   7 6   7 5     5 0 0 0 0 0 s - 0 0 0 0 0 0 s  	2.84E-25
15390.5548   0.024   4.72E-02   2 0   3 1     4 0 1 1 0 0 s - 0 0 0 0 0 0 s  	1.75E-24
15390.7034   0.024   1.81E-01   3 3   4 4     5 0 0 0 0 0 s - 0 0 0 0 0 0 s  	5.61E-24
15390.8099   0.024   2.16E-02   7 5   7 4     4 0 1 1 0 0 s - 0 0 0 0 0 0 s  	3.87E-25
15390.8099   0.024   2.16E-02   7 7   7 6     4 0 1 1 0 0 s - 0 0 0 0 0 0 s  	2.78E-25
15390.8099   0.024   2.16E-02   7 7   7 6     4 0 1 1 0 0 s - 0 0 0 0 0 0 s  	4.97E-25
15390.9607   0.024   9.95E-03                               
15391.2640   0.024   2.24E-02                               
15391.9079   0.024   1.33E-02                               
15392.2006   0.024   2.15E-02   7 4   7 3     4 0 1 1 0 0 s - 0 0 0 0 0 0 s  	8.14E-25
15392.6030   0.024   2.67E-02                               
15392.9508   0.024   7.67E-03   7 2   7 0     4 0 1 1 0 0 a - 0 0 0 0 0 0 s  	1.12E-25
15393.0757   0.024   2.20E-02                               
15393.6168   0.024   7.06E-03   5 4   6 6     4 0 1 1 0 0 s - 0 0 0 0 0 0 a  	2.85E-26
15393.8275   0.024   1.57E-02                               
15394.3820   0.024   7.46E-02                               
15394.4809   0.024   9.70E-02                               
15395.5816   0.024   6.57E-03                               
15396.0258   0.024   1.01E-01   2 1   3 2     5 0 0 0 0 0 a - 0 0 0 0 0 0 a  	1.91E-24
15396.5125   0.024   1.39E-02                               
15396.6509   0.024   1.34E-02                               
15396.9253   0.024   3.05E-03                               
15396.9857   0.024   2.48E-02                               
15397.2044   0.024   9.31E-03                               
15397.4542   0.024   1.89E-02                               
15397.8373   0.024   2.30E-02   6 5   6 4     4 0 1 1 0 0 a - 0 0 0 0 0 0 a  	8.63E-25
15398.1476   0.024   1.61E-02                               
15398.4846   0.024   4.73E-02   6 4   6 3     4 0 1 1 0 0 a - 0 0 0 0 0 0 a  	1.82E-24
15398.4846   0.024   4.73E-02   2 1   3 2     4 0 1 1 0 0 s - 0 0 0 0 0 0 s  	1.44E-24
15398.7047   0.024   5.82E-03                               
15399.0354   0.024   1.22E-02                               
15399.4416   0.024   2.35E-02                               
15399.6612   0.024   3.07E-02                               
15399.9713   0.024   4.99E-02                               
15400.2424   0.024   5.93E-03                               
15400.3886   0.024   3.57E-02                               
15400.6211   0.024   6.11E-03   6 4   6 3     4 0 1 1 0 0 s - 0 0 0 0 0 0 s  	1.63E-24
15400.7280   0.024   8.02E-03                               
15401.0178   0.024   2.52E-02   6 6   6 5     4 0 1 1 0 0 s - 0 0 0 0 0 0 s  	2.77E-25
15401.0831   0.024   3.03E-03                               
15401.2675   0.024   8.12E-03                               
15401.5294   0.024   3.99E-02   6 5   6 4     4 0 1 1 0 0 s - 0 0 0 0 0 0 s  	5.12E-25
15401.6464   0.024   1.89E-02                               
15401.7564   0.024   3.68E-03                               
15401.9741   0.024   8.42E-03                               
15402.1695   0.024   3.39E-02                               
15402.4552   0.024   7.52E-03                               
15402.7449   0.024   3.48E-03                               
15402.7994   0.024   6.37E-03                               
15403.0361   0.024   9.62E-02   1 1   2 0     4 0 1 1 0 0 a - 0 0 0 0 0 0 a  	2.73E-24
15403.1704   0.024   2.88E-02                               
15403.2354   0.024   1.17E-02                               
15403.9101   0.024   4.86E-02                               
15404.0879   0.024   5.94E-03                               
15404.4498   0.024   3.10E-01   2 2   3 3     4 0 1 1 0 0 a - 0 0 0 0 0 0 a  	1.02E-23
15404.6617   0.024   3.89E-02                               
15405.3922   0.024   1.58E-02                               
15405.7149   0.024   1.41E-02                               
15406.0520   0.024   1.02E-02                               
15406.6653   0.024   8.64E-03   6 2   6 0     4 0 1 1 0 0 s - 0 0 0 0 0 0 a  	1.30E-25
15406.9090   0.024   2.07E-02   7 3   7 3     5 0 0 0 0 0 a - 0 0 0 0 0 0 s  	2.74E-25
15407.2203   0.024   5.88E-02   5 5   5 4     4 0 1 1 0 0 a - 0 0 0 0 0 0 a  	1.05E-24
15407.5533   0.024   1.18E-02                               
15407.9100   0.024   7.83E-03                               
15408.2761   0.024   3.36E-01   2 2   3 3     4 0 1 1 0 0 s - 0 0 0 0 0 0 s   	1.04E-23
15408.5665   0.024   1.96E-02                               
15408.7685   0.024   1.64E-02                               
15408.8558   0.024   2.83E-02                               
15409.1069   0.024   1.13E-01   5 4   5 3     4 0 1 1 0 0 a - 0 0 0 0 0 0 a  	2.81E-24
15409.5036   0.024   1.82E-02                               
15409.7125   0.024   8.85E-03                               
15409.8422   0.024   6.20E-03                               
15410.0014   0.024   1.36E-02                               
15410.1257   0.024   8.58E-03                               
15410.2803   0.024   2.49E-02   1 0   2 1     4 0 1 1 0 0 a - 0 0 0 0 0 0 a  	1.84E-24
15410.4333   0.024   1.36E-02                               
15410.6387   0.024   3.19E-02                               
15410.9675   0.024   1.93E-02                               
15411.0723   0.024   4.25E-02   5 5   5 4     4 0 1 1 0 0 s - 0 0 0 0 0 0 s  	6.02E-25
15411.1731   0.024   3.44E-02   5 3   5 2     4 0 1 1 0 0 a - 0 0 0 0 0 0 a  	6.81E-25
15411.1731   0.024   3.44E-02   5 4   5 3     4 0 1 1 0 0 s - 0 0 0 0 0 0 s  	2.00E-24
15411.6282   0.024   6.63E-03                               
15411.7380   0.024   3.65E-03                               
15411.8130   0.024   1.63E-02                               
15412.2612   0.024   3.69E-02                               
15412.4599   0.024   1.22E-02   5 3   5 2     4 0 1 1 0 0 a - 0 0 0 0 0 0 a  	6.58E-25
15412.8185   0.024   3.41E-02                               
15413.3216   0.024   5.05E-03                               
15413.3984   0.024   1.08E-02                               
15413.5077   0.024   7.52E-02   5 4   5 3     4 0 1 1 0 0 s - 0 0 0 0 0 0 s  	6.62E-25
15413.6898   0.024   8.70E-03                               
15413.9941   0.024   8.38E-02   1 0   2 1     4 0 1 1 0 0 s - 0 0 0 0 0 0 s  	1.97E-24
15414.1766   0.024   1.04E-02                               
15414.2510   0.024   1.03E-02   3 3   3 0     5 0 0 0 0 0 s - 0 0 0 0 0 0 s  	2.00E-26
15414.4559   0.024   8.74E-03                               
15414.7569   0.024   8.50E-03                               
15414.9747   0.024   1.90E-02                               
15415.1026   0.024   6.14E-02                               
15415.2220   0.024   1.67E-02                               
15415.5030   0.024   2.42E-02   2 1   3 3     4 0 1 1 0 0 a - 0 0 0 0 0 0 s  	3.61E-26
15415.7880   0.024   2.43E-02   2 1   3 3     4 0 1 1 0 0 s - 0 0 0 0 0 0 a   	6.57E-26 
15415.8904   0.024   1.96E-02                               
15416.3969   0.024   1.63E-02                               
15416.9527   0.024   2.20E-02                               
15417.2060   0.024   1.54E-02                               
15417.2630   0.024   1.30E-02                               
15417.3569   0.024   1.07E-02                               
15417.5046   0.024   4.56E-02   4 4   4 3     4 0 1 1 0 0 a - 0 0 0 0 0 0 a  	1.66E-24
15417.7547   0.024   3.79E-02                               
15417.8770   0.024   1.99E-02                               
15418.0878   0.024   1.68E-02                               
15418.2194   0.024   3.42E-02                               
15418.4348   0.024   1.19E-01                               
15418.5735   0.024   8.15E-03                               
15418.7639   0.024   1.03E-02                               
15419.3998   0.024   3.78E-02   4 3   4 2     4 0 1 1 0 0 a - 0 0 0 0 0 0 a  	1.37E-24
15419.5688   0.024   2.77E-02                               
15419.6325   0.024   1.46E-02                               
15419.8887   0.024   5.54E-03                               
15420.0076   0.024   2.00E-01   6 1   6 0     4 0 1 1 0 0 a - 0 0 0 0 0 0 a  	3.43E-24
15420.1961   0.024   1.38E-02                               
15420.3294   0.024   9.88E-02   4 4   4 3     4 0 1 1 0 0 s - 0 0 0 0 0 0 s  	2.07E-24
15420.5413   0.024   2.57E-02                               
15420.7074   0.024   4.95E-03                               
15420.7616   0.024   4.41E-03                               
15420.9426   0.024   2.12E-02                               
15421.2281   0.024   1.32E-02                               
15421.3454   0.024   6.72E-03   6 3   6 3     5 0 0 0 0 0 a - 0 0 0 0 0 0 s  	3.31E-25
15421.4098   0.024   3.50E-03                               
15421.5754   0.024   1.44E-02                               
15421.7224   0.024   8.52E-02   1 1   2 2     5 0 0 0 0 0 s - 0 0 0 0 0 0 s  	1.46E-24
15421.7224   0.024   8.52E-02   1 1   2 2     4 0 1 1 0 0 s - 0 0 0 0 0 0 s  	2.42E-24
15421.8291   0.024   3.10E-03                               
15421.8762   0.024   1.33E-02                               
15422.1625   0.024   5.11E-02                               
15422.3194   0.024   1.71E-02   6 3   6 3     5 0 0 0 0 0 s - 0 0 0 0 0 0 a  	2.73E-25
15422.4705   0.024   8.35E-03                               
15422.5933   0.024   1.77E-02                               
15422.8145   0.024   6.52E-03                               
15423.1240   0.024   2.63E-02                               
15423.2934   0.024   9.55E-03                               
15423.5915   0.024   4.26E-02   4 2   4 1     4 0 1 1 0 0 a - 0 0 0 0 0 0 a  	1.37E-24
15423.7104   0.024   4.19E-02                               
15423.7701   0.024   4.39E-02   4 3   4 2     4 0 1 1 0 0 s - 0 0 0 0 0 0 s  	1.17E-24
15423.8406   0.024   5.76E-03   4 2   4 0     4 0 1 1 0 0 s - 0 0 0 0 0 0 a  	1.15E-25
15424.1413   0.024   1.29E-02                               
15424.3823   0.024   1.56E-02                               
15424.7830   0.024   5.50E-03                               
15425.0081   0.024   6.29E-03                               
15425.1168   0.024   5.80E-02   7 2   7 3     4 0 1 1 0 0 a - 0 0 0 0 0 0 a  	1.60E-24
15425.3265   0.024   1.73E-02                               
15425.7791   0.024   1.40E-02                               
15426.0086   0.024   6.67E-02   3 3   3 2     4 0 1 1 0 0 a - 0 0 0 0 0 0 a  	1.72E-24
15426.1839   0.024   1.27E-02                               
15426.4106   0.024   2.48E-02                               
15426.6172   0.024   4.28E-02                               
15426.7944   0.024   6.70E-03                               
15426.9567   0.024   3.08E-02                               
15427.0856   0.024   4.87E-03                               
15427.2495   0.024   2.43E-03   3 2   3 0     4 0 1 1 0 0 a - 0 0 0 0 0 0 s  	3.82E-26
15427.2495   0.024   2.43E-03   3 2   3 0     4 0 1 1 0 0 a - 0 0 0 0 0 0 s  	1.01E-25
15427.2909   0.024   3.21E-03                               
15427.5467   0.024   5.23E-02   4 2   4 1     4 0 1 1 0 0 s - 0 0 0 0 0 0 s  	1.10E-24
15427.6580   0.024   5.71E-02                               
15427.9423   0.024   3.10E-02                               
15427.9978   0.024   4.94E-03                               
15428.6712   0.024   1.45E-01   5 1   5 0     4 0 1 1 0 0 s - 0 0 0 0 0 0 s  	5.92E-24
15428.7954   0.024   6.07E-03                               
15428.9252   0.024   6.29E-03                               
15429.1258   0.024   3.33E-03                               
15429.1901   0.024   1.56E-02                               
15429.3293   0.024   1.27E-02                               
15429.5428   0.024   1.07E-01   5 3   5 3     5 0 0 0 0 0 a - 0 0 0 0 0 0 s  	8.87E-25
15429.5428   0.024   1.07E-01   3 3   2 2     4 0 1 1 0 0 s - 0 0 0 0 0 0 s  	1.72E-24
15429.5428   0.024   1.07E-01   3 3   3 2     4 0 1 1 0 0 s - 0 0 0 0 0 0 s  	1.01E-24
15429.6996   0.024   1.69E-01   5 0   5 1     4 0 1 1 0 0 a - 0 0 0 0 0 0 a  	2.44E-24 
15429.8891   0.024   2.71E-02                               
15430.0954   0.024   7.73E-03                               
15430.2921   0.024   7.54E-02   3 2   3 1     4 0 1 1 0 0 a - 0 0 0 0 0 0 a  	1.76E-24
15430.4060   0.024   5.71E-03                               
15430.4446   0.024   1.08E-02                               
15430.9192   0.024   1.07E-01   4 1   4 0     4 0 1 1 0 0 a - 0 0 0 0 0 0 a  	7.76E-24
15431.1724   0.024   1.54E-02                               
15431.3580   0.024   3.43E-02                               
15431.4791   0.024   6.32E-03                               
15431.5769   0.024   2.01E-02                               
15431.6403   0.024   4.93E-02                               
15431.8048   0.024   7.36E-03                               
15431.9118   0.024   8.92E-02                               
15432.0279   0.024   3.59E-02                               
15432.2595   0.024   4.75E-02   5 3   5 3     5 0 0 0 0 0 s - 0 0 0 0 0 0 a  	6.41E-25
15432.6496   0.024   6.76E-03                               
15432.7507   0.024   2.03E-02                               
15432.8156   0.024   1.35E-02                               
15433.0748   0.024   7.05E-03                               
15433.1384   0.024   1.27E-02                               
15433.3275   0.024   9.36E-03                               
15433.5111   0.024   1.84E-02                               
15433.8443   0.024   2.07E-02                               
15433.9269   0.024   9.54E-02   5 0   5 1     4 0 1 1 0 0 s - 0 0 0 0 0 0 s  	2.19E-24
15433.9269   0.024   9.54E-02   3 2   3 1     4 0 1 1 0 0 s - 0 0 0 0 0 0 s  	1.75E-24
15434.1212   0.024   9.04E-03                               
15434.3162   0.024   2.29E-02                               
15434.6814   0.024   5.71E-02   2 2   2 1     4 0 1 1 0 0 a - 0 0 0 0 0 0 a  	9.55E-25
15434.9130   0.024   1.47E-02                               
15434.9673   0.024   4.91E-02                               
15435.3585   0.024   1.50E-02                               
15435.5285   0.024   4.13E-02   4 0   4 1     4 0 1 1 0 0 a - 0 0 0 0 0 0 a  	3.00E-24
15435.6450   0.024   2.15E-02                               
15435.8446   0.024   1.04E-02                               
15436.0881   0.024   4.16E-02   4 3   4 3     5 0 0 0 0 0 a - 0 0 0 0 0 0 s  	1.65E-24
15436.4113   0.024   2.86E-02                               
15436.8072   0.024   5.56E-03                               
15437.0268   0.024   4.89E-02                               
15437.4516   0.024   1.09E-02                               
15437.6070   0.024   1.08E-01                               
15437.8413   0.024   7.02E-03   5 4   5 4     4 0 1 1 0 0 s - 0 0 0 0 0 1 s  	1.77E-26
15437.9450   0.024   1.08E-01                               
15438.0590   0.024   1.71E-02   2 2   2 1     4 0 1 1 0 0 s - 0 0 0 0 0 0 s  	1.07E-24
15438.1075   0.024   4.69E-02                               
15438.2314   0.024   2.75E-02                               
15438.3781   0.024   1.13E-02                               
15438.4131   0.024   1.20E-02                               
15438.6830   0.024   2.53E-02                               
15438.8110   0.024   1.11E-02                               
15439.0348   0.024   7.33E-03                               
15439.1305   0.024   5.44E-03                               
15439.4051   0.024   1.63E-02                               
15439.5186   0.024   4.80E-02                               
15439.6591   0.024   6.60E-03                               
15439.7721   0.024   2.00E-01   2 1   2 0     4 0 1 1 0 0 a - 0 0 0 0 0 0 a  	9.55E-24
15439.7721   0.024   2.00E-01   4 3   4 3     5 0 0 0 0 0 s - 0 0 0 0 0 0 a  	1.40E-24
15440.1110   0.024   1.35E-01   6 6   6 6     5 0 0 0 0 0 a - 0 0 0 0 0 0 s  	1.97E-24
15440.2374   0.024   7.73E-02   6 2   6 3     4 0 1 1 0 0 s - 0 0 0 0 0 0 s  	2.55E-24
15440.4719   0.024   8.54E-02   4 1   4 2     4 0 1 1 0 0 a - 0 0 0 0 0 0 a  	1.29E-24
15440.5575   0.024   6.26E-02                               
15440.7829   0.024   1.43E-01                               
15440.9378   0.024   5.46E-02   2 1   2 0     4 0 1 1 0 0 a - 0 0 0 0 0 0 a  	9.55E-24
15441.2887   0.024   4.69E-02                               
15441.4738   0.024   2.46E-02                               
15441.5945   0.024   3.48E-01   3 1   3 0     4 0 1 1 0 0 s - 0 0 0 0 0 0 s  	1.21E-23 
15441.8709   0.024   1.02E-01                               
15442.0677   0.024   1.44E-02                               
15442.1868   0.024   1.01E-02                               
15442.2849   0.024   7.95E-02                               
15442.5795   0.024   2.44E-02                               
15442.6314   0.024   5.19E-02                               
15442.7472   0.024   1.30E-02                               
15442.8166   0.024   2.65E-02                               
15442.9630   0.024   6.01E-02                               
15443.0833   0.024   2.90E-02                               
15443.2676   0.024   1.02E-02                               
15443.5147   0.024   1.51E-02                               
15443.7541   0.024   1.24E-01   3 0   3 1     4 0 1 1 0 0 s - 0 0 0 0 0 0 a  	3.63E-24
15443.8730   0.024   8.12E-03                               
15444.0443   0.024   1.71E-01                               
15444.1561   0.024   1.27E-03                               
15444.2094   0.024   1.56E-02                               
15444.3243   0.024   1.58E-02                               
15444.6037   0.024   1.71E-01   3 3   3 3     5 0 0 0 0 0 a - 0 0 0 0 0 0 s  	2.98E-24
15444.7779   0.024   3.20E-02                               
15444.9556   0.024   4.81E-02                               
15445.0653   0.024   6.06E-03                               
15445.2528   0.024   8.47E-03                               
15445.3725   0.024   5.35E-02   5 2   5 3     4 0 1 1 0 0 s - 0 0 0 0 0 0 s  	2.97E-24
15445.5503   0.024   1.16E-02                               
15445.7760   0.024   2.68E-02                               
15445.9177   0.024   2.97E-02                               
15446.0742   0.024   5.93E-02                               
15446.1943   0.024   8.04E-03                               
15446.3431   0.024   7.78E-03                               
15446.6156   0.024   1.53E-01   3 0   3 1     4 0 1 1 0 0 s - 0 0 0 0 0 0 s  	3.49E-24
15446.8306   0.024   6.62E-02   3 3   3 3     5 0 0 0 0 0 s - 0 0 0 0 0 0 a   	2.47E-24
15446.9666   0.024   3.18E-01   1 1   1 0     4 0 1 1 0 0 s - 0 0 0 0 0 0 s   	8.74E-24
15447.1539   0.024   9.06E-02   2 0   2 1     4 0 1 1 0 0 a - 0 0 0 0 0 0 a  	3.22E-24
15447.3909   0.024   1.19E-01                               
15447.5452   0.024   4.68E-02                               
15447.8164   0.024   2.89E-02                               
15447.9922   0.024   5.60E-03                               
15448.0537   0.024   2.78E-02                               
15448.1964   0.024   8.87E-03                               
15448.2489   0.024   6.53E-03                               
15448.5225   0.024   1.65E-02   4 4   4 4     4 0 1 1 0 0 s - 0 0 0 0 0 0 a  	1.23E-25
15448.8729   0.024   4.63E-03                               
15448.9219   0.024   3.64E-03                               
15449.1655   0.024   7.99E-03                               
15449.3881   0.024   1.75E-02                               
15449.5565   0.024   7.24E-03   1 1   1 1     5 0 0 0 0 0 s - 0 0 0 0 0 0 a  	2.91E-25
15449.5565   0.024   7.24E-03   1 1   1 1     4 0 1 1 0 0 s - 0 0 0 0 0 0 a  	1.41E-25
15449.6570   0.024   5.45E-03                               
15449.7941   0.024   5.76E-03                               
15449.8654   0.024   1.05E-02                               
15450.0315   0.024   8.27E-02   1 0   1 1     4 0 1 1 0 0 a - 0 0 0 0 0 0 a  	2.19E-24
15450.1531   0.024   9.42E-02   2 0   2 1     4 0 1 1 0 0 s - 0 0 0 0 0 0 s  	2.79E-24
15450.3820   0.024   1.04E-02                               
15450.8696   0.024   5.00E-03                               
15450.9554   0.024   1.12E-02                               
15451.2984   0.024   5.66E-02                               
15451.6508   0.024   1.48E-02                               
15451.7641   0.024   3.25E-02                               
15451.9001   0.024   4.98E-03                               
15452.2087   0.024   3.87E-02                               
15452.4596   0.024   9.51E-03                               
15452.5923   0.024   9.30E-02   4 2   4 3     4 0 1 1 0 0 a - 0 0 0 0 0 0 a  	2.74E-24
15452.6705   0.024   4.52E-02                               
15453.2920   0.024   7.53E-03                               
15453.7586   0.024   5.95E-02   1 0   1 1     4 0 1 1 0 0 s - 0 0 0 0 0 0 s  	2.08E-24
15454.0440   0.024   1.70E-02                               
15455.3815   0.024   5.77E-03                               
15455.6214   0.024   6.35E-02   2 1   2 2     4 0 1 1 0 0 a - 0 0 0 0 0 0 a  	1.12E-24
15456.0177   0.024   5.32E-02                               
15456.1367   0.024   5.71E-03                               
15456.3985   0.024   1.44E-02                               
15456.6769   0.024   1.07E-02                               
15456.8241   0.024   1.18E-02                               
15457.8066   0.024   1.13E-01   4 2   4 3     4 0 1 1 0 0 s - 0 0 0 0 0 0 s  	3.92E-24
15458.1153   0.024   1.54E-02   2 1   2 2     4 0 1 1 0 0 s - 0 0 0 0 0 0 s  	8.09E-25
15458.3819   0.024   1.57E-02                               
15458.6485   0.024   3.28E-02                               
15459.0668   0.024   6.07E-03                               
15459.1896   0.024   6.70E-03                               
15459.2863   0.024   5.96E-03                               
15459.8234   0.024   8.17E-02   3 2   3 3     4 0 1 1 0 0 a - 0 0 0 0 0 0 a  	1.24E-24
15459.8234   0.024   8.17E-02   3 2   3 3     4 0 1 1 0 0 a - 0 0 0 0 0 0 a  	1.85E-24
15460.0636   0.024   1.15E-02                               
15460.2971   0.024   1.67E-02                               
15462.0666   0.024   4.90E-03                               
15462.3481   0.024   1.57E-02                               
15462.6609   0.024   1.14E-01   1 1   0 0     4 0 1 1 0 0 a - 0 0 0 0 0 0 a  	5.97E-24
15462.7910   0.024   1.22E-01                               
15462.8886   0.024   8.77E-02   3 2   3 3     4 0 1 1 0 0 s - 0 0 0 0 0 0 s  	1.96E-24
15463.2361   0.024   1.18E-02                               
15463.3575   0.024   4.80E-03                               
15463.5283   0.024   1.15E-02                               
15463.7947   0.024   1.14E-02   4 3   4 4     4 0 1 1 0 0 a - 0 0 0 0 0 0 a  	1.05E-25
15464.2288   0.024   2.28E-02                               
15464.7596   0.024   5.54E-03                               
15465.3365   0.024   4.09E-02                               
15465.7119   0.024   2.63E-03                               
15465.8591   0.024   1.22E-02                               
15467.1078   0.024   5.54E-03                               
15467.6293   0.024   1.86E-02   4 3   4 4     4 0 1 1 0 0 s - 0 0 0 0 0 0 s  	9.50E-25
15467.6989   0.024   1.60E-02   4 0   4 3     5 0 0 0 0 0 a - 0 0 0 0 0 0 a  	3.58E-25
15468.2808   0.024   1.12E-02   5 4   5 5     4 0 1 1 0 0 a - 0 0 0 0 0 0 a  	7.35E-25
15468.3906   0.024   1.39E-02                               
15471.0046   0.024   6.87E-03                               
15471.2126   0.024   1.04E-02   2 2   1 0     4 0 1 1 0 0 a - 0 0 0 0 0 0 s  	1.17E-25
15471.7540   0.024   6.21E-03                               
15471.9825   0.024   3.18E-03   5 4   5 5     4 0 1 1 0 0 s - 0 0 0 0 0 0 s  	6.01E-25
15472.1500   0.024   1.16E-02                               
15472.4400   0.024   2.93E-02                               
15472.7515   0.024   1.86E-02                               
15474.4295   0.024   1.58E-01   2 2   1 1     4 0 1 1 0 0 a - 0 0 0 0 0 0 a  	2.15E-24
15474.5680   0.024   6.40E-03                               
15475.2709   0.024   4.55E-03                               
15475.6319   0.024   1.47E-02   6 5   6 6     4 0 1 1 0 0 a - 0 0 0 0 0 0 a  	8.78E-25
15475.6319   0.024   1.47E-02   6 5   6 6     4 0 1 1 0 0 s - 0 0 0 0 0 0 s  	9.77E-25
15476.0505   0.024   3.61E-03                               
15476.1178   0.024   2.50E-03   7 6   7 7     4 0 1 1 0 0 a - 0 0 0 0 0 0 a  	7.21E-26
15476.2592   0.024   4.37E-03                               
15477.6145   0.024   1.93E-02                               
15477.8299   0.024   1.30E-01   2 2   1 1     4 0 1 1 0 0 s - 0 0 0 0 0 0 s  	3.11E-24
15479.1792   0.024   2.80E-02                               
15479.3648   0.024   5.38E-03                               
15480.4079   0.024   3.59E-03                               
15480.9036   0.024   8.63E-03                               
15481.1242   0.024   6.04E-03   5 5   4 3     4 0 1 1 0 0 a - 0 0 0 0 0 0 s  	1.34E-25
15481.3352   0.024   3.54E-03                               
15482.0866   0.024   3.21E-02                               
15482.5394   0.024   3.89E-01   2 0   1 0     5 0 0 0 0 0 a - 0 0 0 0 0 0 s  	1.54E-24
15482.5394   0.024   3.89E-01   2 1   1 0     4 0 1 1 0 0 s - 0 0 0 0 0 0 s  	8.27E-24
15483.3251   0.024   4.18E-02                               
15483.6381   0.024   5.88E-03   5 5   4 3     4 0 1 1 0 0 s - 0 0 0 0 0 0 a  	9.62E-26
15483.9715   0.024   3.20E-02                               
15484.3089   0.024   5.78E-03                               
15484.5314   0.024   3.37E-03                               
15485.0630   0.024   1.05E-02                               
15485.1656   0.024   4.79E-03                               
15485.6044   0.024   2.14E-01   3 3   2 2     4 0 1 1 0 0 a - 0 0 0 0 0 0 a  	6.30E-24
15486.2034   0.024   5.00E-03   6 6   5 4     4 0 1 1 0 0 s - 0 0 0 0 0 0 a  	5.11E-26
15486.5530   0.024   1.05E-02                               
15486.9003   0.024   1.60E-02   2 0   1 1     4 0 1 1 0 0 a - 0 0 0 0 0 0 a  	4.76E-25
15487.3456   0.024   4.04E-03                               
15488.1886   0.024   1.56E-02                               
15488.3388   0.024   2.61E-02   3 2   2 0     4 0 1 1 0 0 s - 0 0 0 0 0 0 a  	1.67E-25
15488.7461   0.024   4.94E-03                               
15488.8466   0.024   3.97E-03                               
15488.9455   0.024   9.03E-03                               
15489.1677   0.024   2.10E-01   3 3   2 2     4 0 1 1 0 0 s - 0 0 0 0 0 0 s  	1.72E-24
15489.1677   0.024   2.10E-01   3 3   2 2     4 0 1 1 0 0 s - 0 0 0 0 0 0 s  	3.89E-24
15489.3483   0.024   1.19E-02                               
15489.8621   0.024   1.30E-01   3 2   2 1     4 0 1 1 0 0 a - 0 0 0 0 0 0 a  	2.74E-24
15490.3521   0.024   8.59E-03                               
15490.7052   0.024   6.10E-03                               
15491.1945   0.024   1.14E-02                               
15491.2856   0.024   2.75E-03                               
15492.0623   0.024   1.64E-02                               
15492.4422   0.024   1.92E-02                               
15492.6670   0.024   1.19E-02                               
15493.3934   0.024   2.75E-01   3 1   2 0     4 0 1 1 0 0 a - 0 0 0 0 0 0 a  	7.46E-24
15493.5229   0.024   1.34E-01   3 2   2 1     4 0 1 1 0 0 s - 0 0 0 0 0 0 s  	2.91E-24
15493.9752   0.024   8.62E-03   6 5   5 3     4 0 1 1 0 0 s - 0 0 0 0 0 0 a  	1.87E-25
15494.5334   0.024   1.64E-01                               
15495.3308   0.024   3.68E-03                               
15495.5119   0.024   5.53E-03                               
15495.7570   0.024   7.68E-03                               
15495.9765   0.024   4.27E-03                               
15496.9337   0.024   1.95E-01   4 4   3 3     4 0 1 1 0 0 a - 0 0 0 0 0 0 a  	8.39E-24
15497.0614   0.024   3.19E-02                               
15497.1808   0.024   1.76E-01                               
15497.7543   0.024   1.82E-02                               
15498.2342   0.024   2.49E-02                               
15498.5827   0.024   7.18E-03                               
15498.7680   0.024   7.85E-02   4 3   3 2     4 0 1 1 0 0 s - 0 0 0 0 0 0 a  	3.54E-24
15498.9278   0.024   4.61E-02                               
15499.2102   0.024   1.97E-02                               
15499.4500   0.024   9.93E-02   4 2   3 0     4 0 1 1 0 0 a - 0 0 0 0 0 0 s  	8.20E-25
15499.7995   0.024   4.22E-01   4 4   3 3     4 0 1 1 0 0 s - 0 0 0 0 0 0 s  	1.08E-23
15499.9280   0.024   3.00E-02                               
15500.0967   0.024   4.63E-02                               
15500.6904   0.024   3.03E-02                               
15500.8180   0.024   5.59E-03                               
15501.1566   0.024   5.35E-03                               
15501.2753   0.024   5.52E-02                               
15501.5682   0.024   1.55E-01   3 0   2 0     5 0 0 0 0 0 s - 0 0 0 0 0 0 a  	2.19E-24
15501.6968   0.024   3.64E-03                               
15501.7503   0.024   6.09E-03                               
15501.9116   0.024   1.74E-02                               
15501.9985   0.024   1.78E-02                               
15502.1340   0.024   1.05E-02                               
15502.2453   0.024   1.29E-02                               
15502.4182   0.024   4.87E-02                               
15502.5641   0.024   1.24E-02   4 3   3 2     4 0 1 1 0 0 a - 0 0 0 0 0 0 a  	7.78E-25
15502.5641   0.024   1.24E-02   4 3   3 2     4 0 1 1 0 0 s - 0 0 0 0 0 0 s  	8.59E-26
15502.9270   0.024   6.21E-02   4 2   3 1     4 0 1 1 0 0 a - 0 0 0 0 0 0 a  	1.69E-24
15503.1010   0.024   4.46E-03                               
15503.1765   0.024   1.20E-01   4 3   3 2     4 0 1 1 0 0 s - 0 0 0 0 0 0 s  	3.16E-24
15503.6014   0.024   1.12E-02                               
15503.7401   0.024   4.28E-02                               
15504.3414   0.024   6.78E-03                               
15504.4127   0.024   3.13E-03                               
15504.5585   0.024   6.24E-03                               
15505.8813   0.024   3.46E-02   4 2   3 1     5 0 0 0 0 0 s - 0 0 0 0 0 0 s  	1.59E-24
15506.0541   0.024   7.31E-03                               
15506.2151   0.024   1.71E-02   3 0   2 1     4 0 1 1 0 0 s - 0 0 0 0 0 0 s  	4.47E-25
15506.3172   0.024   1.95E-02                               
15506.4610   0.024   2.45E-01   5 5   4 4     4 0 1 1 0 0 a - 0 0 0 0 0 0 a  	7.11E-24
15506.9190   0.024   5.26E-02   4 2   3 1     4 0 1 1 0 0 s - 0 0 0 0 0 0 s  	1.41E-24
15507.0433   0.024   1.68E-02                               
15507.7539   0.024   4.41E-02                               
15507.8251   0.024   2.06E-02                               
15507.9870   0.024   5.93E-03                               
15508.2460   0.024   2.92E-01   5 4   4 3     4 0 1 1 0 0 a - 0 0 0 0 0 0 a  	9.11E-24
15508.3731   0.024   1.45E-01   4 1   3 0     4 0 1 1 0 0 s - 0 0 0 0 0 0 s  	6.08E-24
15508.6908   0.024   3.55E-02                               
15508.8233   0.024   1.23E-02                               
15509.4861   0.024   2.85E-02   4 1   4 2     4 0 1 1 0 0 a - 0 0 0 0 0 0 a  	1.29E-24
15509.8380   0.024   9.68E-03                               
15510.0879   0.024   7.80E-03                               
15510.2368   0.024   5.82E-02   5 3   4 2     4 0 1 1 0 0 a - 0 0 0 0 0 0 a  	1.63E-24
15510.3625   0.024   2.76E-01   5 4   4 3     4 0 1 1 0 0 s - 0 0 0 0 0 0 s  	6.79E-24
15510.3625   0.024   2.76E-01   5 5   4 4     4 0 1 1 0 0 s - 0 0 0 0 0 0 s  	4.12E-24
15510.4942   0.024   4.89E-02                               
15510.5953   0.024   4.87E-02   5 2   4 0     4 0 1 1 0 0 s - 0 0 0 0 0 0 a  	8.05E-25
15510.7045   0.024   8.08E-03                               
15510.9293   0.024   1.41E-02                               
15510.9980   0.024   2.68E-02                               
15511.1870   0.024   5.69E-03                               
15511.3641   0.024   2.94E-02                               
15511.5218   0.024   2.37E-02   5 3   4 2     4 0 1 1 0 0 a - 0 0 0 0 0 0 a  	1.53E-24
15511.8231   0.024   5.84E-03                               
15511.9811   0.024   5.31E-03                               
15512.0645   0.024   8.84E-03                               
15512.3319   0.024   3.81E-02                               
15512.5388   0.024   6.09E-02                               
15512.6934   0.024   1.92E-01   5 4   4 3     4 0 1 1 0 0 s - 0 0 0 0 0 0 s  	2.01E-24
15512.8739   0.024   7.32E-03                               
15513.2606   0.024   5.38E-02                               
15513.5027   0.024   1.23E-02                               
15513.6763   0.024   1.31E-02                               
15513.7416   0.024   1.73E-03                               
15514.0887   0.024   2.35E-02   5 3   4 2     4 0 1 1 0 0 s - 0 0 0 0 0 0 s  	1.29E-24
15514.2913   0.024   6.25E-02                               
15514.5512   0.024   1.65E-01   4 0   3 0     5 0 0 0 0 0 a - 0 0 0 0 0 0 s  	2.18E-24
15514.6255   0.024   2.06E-04                               
15514.7533   0.024   1.62E-02                               
15514.8901   0.024   3.95E-02                               
15515.1542   0.024   3.58E-02                               
15515.5570   0.024   7.96E-02   4 3   3 3     5 0 0 0 0 0 a - 0 0 0 0 0 0 s  	1.67E-24
15515.7874   0.024   9.40E-03                               
15515.8627   0.024   3.45E-02   6 6   5 5     4 0 1 1 0 0 a - 0 0 0 0 0 0 a  	1.94E-24
15516.2323   0.024   1.20E-02   4 2   3 2     5 0 0 0 0 0 s - 0 0 0 0 0 0 a  	5.29E-25
15516.2699   0.024   1.77E-02                               
15516.4990   0.024   9.37E-02                               
15516.6167   0.024   7.63E-03                               
15516.7091   0.024   6.79E-02   6 5   5 4     4 0 1 1 0 0 a - 0 0 0 0 0 0 a  	3.41E-24
15516.8326   0.024   6.84E-03                               
15516.9408   0.024   4.11E-03                               
15517.0164   0.024   6.44E-03                               
15517.2379   0.024   1.13E-01                               
15517.4746   0.024   5.30E-02                               
15517.6026   0.024   4.37E-02                               
15517.7825   0.024   1.15E-01   5 1   4 0     4 0 1 1 0 0 a - 0 0 0 0 0 0 a  	4.23E-24
15518.0459   0.024   1.87E-02                               
15518.1376   0.024   7.38E-03                               
15518.2307   0.024   7.19E-03                               
15518.3322   0.024   3.20E-02                               
15518.4091   0.024   9.07E-03                               
15518.5575   0.024   1.99E-02                               
15518.7203   0.024   1.12E-01   6 4   5 3     4 0 1 1 0 0 s - 0 0 0 0 0 0 s  	4.70E-24
15518.8594   0.024   1.19E-02                               
15518.9768   0.024   6.88E-02                               
15519.1990   0.024   8.18E-02   4 3   3 3     5 0 0 0 0 0 s - 0 0 0 0 0 0 a  	1.75E-24
15519.7922   0.024   1.13E-02                               
15519.9207   0.024   1.01E-02                               
15520.1201   0.024   1.38E-01   6 6   5 5     4 0 1 1 0 0 s - 0 0 0 0 0 0 s  	2.59E-24
15520.3006   0.024   2.89E-02                               
15520.4609   0.024   1.19E-01   6 5   5 4     4 0 1 1 0 0 s - 0 0 0 0 0 0 s  	2.22E-24
15520.7529   0.024   5.37E-02                               
15520.8505   0.024   2.15E-02                               
15520.9682   0.024   5.81E-02                               
15521.0848   0.024   1.01E-02                               
15521.4072   0.024   6.92E-03                               
15521.5278   0.024   1.43E-02                               
15522.0659   0.024   2.57E-02                               
15522.2332   0.024   3.61E-02                               
15522.2945   0.024   8.54E-03                               
15522.7127   0.024   1.07E-01                               
15522.8235   0.024   5.84E-03                               
15522.9742   0.024   8.18E-03                               
15523.0933   0.024   1.19E-02                               
15523.2121   0.024   1.06E-02                               
15523.4790   0.024   9.58E-03                               
15523.9204   0.024   1.47E-02                               
15524.1122   0.024   6.74E-02                               
15524.2360   0.024   5.75E-03                               
15524.4787   0.024   2.43E-02                               
15524.7665   0.024   6.43E-03                               
15524.8564   0.024   4.62E-03                               
15524.9278   0.024   5.11E-03                               
15525.2051   0.024   1.38E-02                               
15525.2765   0.024   2.82E-02                               
15525.5118   0.024   1.32E-02                               
15525.7576   0.024   8.01E-03                               
15525.9233   0.024   4.30E-02                               
15526.0983   0.024   7.23E-02   7 6   6 5     4 0 1 1 0 0 a - 0 0 0 0 0 0 a  	2.01E-24
15526.2708   0.024   3.76E-02   7 4   6 3     4 0 1 1 0 0 a - 0 0 0 0 0 0 a  	2.57E-24
15526.5648   0.024   3.33E-01   7 7   6 6     4 0 1 1 0 0 a - 0 0 0 0 0 0 a  	9.20E-24
15526.7408   0.024   1.16E-02                               
15526.8358   0.024   7.09E-03                               
15527.0337   0.024   8.61E-03                               
15527.1712   0.024   4.59E-02                               
15527.5490   0.024   2.00E-02                               
15527.8237   0.024   3.24E-02                               
15527.9162   0.024   2.14E-02                               
15528.1898   0.024   1.33E-02                               
15528.3017   0.024   4.78E-02   6 1   5 0     4 0 1 1 0 0 s - 0 0 0 0 0 0 s  	2.22E-24
15528.3899   0.024   1.36E-02                               
15528.4586   0.024   3.94E-02                               
15528.5401   0.024   1.47E-02                               
15528.6381   0.024   1.73E-02                               
15528.7379   0.024   1.81E-01   5 3   4 3     5 0 0 0 0 0 a - 0 0 0 0 0 0 s  	2.20E-24
15529.0060   0.024   4.52E-02                               
15529.1021   0.024   3.96E-02   7 6   6 5     5 0 0 0 0 0 s - 0 0 0 0 0 0 s  	1.49E-24
15529.2572   0.024   6.27E-02   7 5   6 4     4 0 1 1 0 0 s - 0 0 0 0 0 0 s  	1.35E-24
15529.3640   0.024   1.01E-02                               
15529.6014   0.024   3.29E-02                               
15529.7030   0.024   2.16E-01   7 7   6 6     4 0 1 1 0 0 s - 0 0 0 0 0 0 s  	2.91E-24
15529.7030   0.024   2.16E-01   7 7   6 6     4 0 1 1 0 0 s - 0 0 0 0 0 0 s  	5.17E-24
15529.8382   0.024   2.11E-02                               
15529.9794   0.024   1.93E-02                               
15530.1459   0.024   1.41E-02                               
15530.3866   0.024   3.78E-02                               
15530.4997   0.024   3.51E-02   7 4   6 3     4 0 1 1 0 0 s - 0 0 0 0 0 0 s  	2.53E-24
15530.7302   0.024   1.11E-02                               
15530.7916   0.024   8.43E-02                               
15531.1186   0.024   7.18E-03                               
15531.4060   0.024   7.43E-02   5 3   4 3     5 0 0 0 0 0 s - 0 0 0 0 0 0 a 	2.25E-24
15531.5458   0.024   1.14E-02                               
15531.6422   0.024   9.23E-03                               
15531.7548   0.024   9.74E-03                               
15531.8164   0.024   7.44E-03                               
15532.1081   0.024   3.71E-02                               
15532.1690   0.024   9.31E-03                               
15532.4455   0.024   1.01E-02                               
15532.6262   0.024   1.09E-02                               
15532.7417   0.024   1.06E-02                               
15533.1394   0.024   1.74E-02                               
15533.4292   0.024   4.19E-02   7 1   6 0     4 0 1 1 0 0 a - 0 0 0 0 0 0 a  	1.50E-24
15533.6104   0.024   1.09E-02                               
15533.7443   0.024   1.76E-02                               
15533.9143   0.024   4.45E-02                               
15534.1350   0.024   7.74E-03                               
15534.2614   0.024   1.09E-02                               
15534.4976   0.024   2.83E-02                               
15534.5936   0.024   8.91E-03                               
15534.9872   0.024   1.28E-01                               
15535.0759   0.024   2.42E-02                               
15535.3378   0.024   3.12E-03                               
15535.4059   0.024   2.04E-02                               
15535.6576   0.024   4.58E-02                               
15535.7563   0.024   9.48E-03                               
15535.7976   0.024   1.45E-02                               
15535.9177   0.024   2.01E-02                               
15536.0988   0.024   2.40E-02                               
15536.2522   0.024   5.71E-02                               
15536.4699   0.024   5.84E-03                               
15536.8791   0.024   8.98E-03                               
15536.9729   0.024   9.89E-03                               
15537.2015   0.024   7.91E-03                               
15537.8076   0.024   5.02E-03                               
15537.8526   0.024   1.66E-02                               
15538.3800   0.024   5.09E-02                               
15538.4820   0.024   1.03E-02                               
15538.5395   0.024   5.94E-03                               
15538.7050   0.024   4.30E-02                               
15538.9207   0.024   6.88E-02                               
15539.0445   0.024   1.23E-01                               
15539.3929   0.024   5.67E-02                               
15539.4661   0.024   2.08E-02                               
15539.7411   0.024   1.52E-02                               
15539.8855   0.024   7.04E-03                               
15539.9726   0.024   1.31E-02                               
15540.1472   0.024   1.57E-02   6 3   5 3     5 0 0 0 0 0 a - 0 0 0 0 0 0 s  	1.44E-24
15540.2815   0.024   1.36E-02   7 3   6 3     5 0 0 0 0 0 a - 0 0 0 0 0 0 s  	1.40E-24
15540.4207   0.024   4.05E-02                               
15540.5766   0.024   8.78E-03                               
15540.7349   0.024   1.03E-02                               
15541.0764   0.024   8.77E-02   6 3   5 3     5 0 0 0 0 0 s - 0 0 0 0 0 0 a  	1.87E-24
15541.4825   0.024   3.65E-02                               
15541.9511   0.024   6.54E-03                               
15542.0668   0.024   1.42E-02                               
15542.6138   0.024   3.57E-02                               
15542.9197   0.024   5.61E-03                               
15543.0380   0.024   4.03E-02                               
15543.1374   0.024   1.29E-02                               
15543.2606   0.024   8.58E-03                               
15543.3472   0.024   2.42E-02                               
15543.6604   0.024   4.83E-02                               
15544.0241   0.024   2.16E-02                               
15544.2562   0.024   3.48E-02                               
15544.4075   0.024   9.11E-03                               
15544.4830   0.024   4.49E-03                               
15544.6044   0.024   7.67E-03                               
15544.8544   0.024   1.86E-02                               
15545.0994   0.024   2.06E-05                               
15545.2079   0.024   2.28E-02                               
15545.3894   0.024   1.61E-02                               
15545.4714   0.024   6.77E-03                               
15545.6034   0.024   9.41E-03                               
15545.7489   0.024   1.68E-02                               
15545.9722   0.024   9.58E-03                               
15546.0994   0.024   1.92E-03                               
15546.1627   0.024   8.19E-03                               
15546.2207   0.024   3.95E-03                               
15546.3423   0.024   4.57E-03                               
15546.4041   0.024   2.31E-02                               
15546.6149   0.024   2.92E-02                               
15547.3119   0.024   5.89E-03                               
15547.3826   0.024   7.49E-03                               
15547.5840   0.024   9.89E-03                               
15548.1598   0.024   3.16E-03                               
15548.2284   0.024   6.20E-03                               
15548.3381   0.024   4.23E-03                               
15548.3940   0.024   4.43E-03                               
15548.8658   0.024   1.00E-02                               
15548.9890   0.024   5.70E-03                               
15549.0564   0.024   5.89E-03                               
15549.2179   0.024   5.65E-02                               
15549.4976   0.024   2.03E-02                               
15549.6425   0.024   2.18E-02                               
15550.3144   0.024   4.91E-02                               
15550.5876   0.024   1.31E-02                               
15550.7293   0.024   3.02E-02                               
15551.6426   0.024   1.70E-02                               
15551.9108   0.024   1.51E-02                               
15552.0745   0.024   1.14E-02                               
15552.2141   0.024   6.59E-03                               
15552.4511   0.024   1.63E-02                               
15552.5499   0.024   2.86E-02                               
15552.6411   0.024   2.50E-02                               
15552.8796   0.024   7.90E-03                               
15553.1820   0.024   2.57E-03                               
15553.2380   0.024   1.73E-02                               
15553.3489   0.024   1.34E-02                               
15553.5700   0.024   6.01E-03                               
15553.7532   0.024   5.32E-02                               
15553.9035   0.024   1.97E-02                               
15553.9859   0.024   6.00E-03                               
15554.0599   0.024   1.07E-02                               
15554.6572   0.024   2.17E-02                               
15554.7689   0.024   2.07E-03                               
15554.8457   0.024   2.06E-02                               
15555.1257   0.024   9.16E-03                               
15555.3211   0.024   5.43E-03                               
15555.3802   0.024   1.21E-02                               
15555.5267   0.024   9.63E-03                               
15555.5957   0.024   2.47E-03                               
15555.7815   0.024   4.15E-02                               
15556.0964   0.024   1.37E-02                               
15556.9403   0.024   1.64E-02                               
15557.0926   0.024   1.01E-02                               
15557.3603   0.024   2.24E-02                               
15557.4802   0.024   1.61E-02                               
15557.8779   0.024   8.37E-03                               
15557.9405   0.024   2.09E-03                               
15558.1068   0.024   2.88E-02                               
15558.1958   0.024   4.11E-03                               
15558.2587   0.024   2.87E-03                               
15558.5596   0.024   3.39E-02                               
15558.8416   0.024   2.97E-02                               
15559.5189   0.024   2.30E-02                               
15560.1354   0.024   2.82E-02                               
15560.2963   0.024   7.28E-03                               
15560.7434   0.024   1.30E-02                               
15560.8772   0.024   6.67E-03                               
15560.9944   0.024   3.10E-02                               
15561.1587   0.024   2.31E-02                               
15561.7891   0.024   1.03E-02                               
15561.9106   0.024   1.20E-02                               
15561.9862   0.024   1.68E-02                               
15562.9302   0.024   8.68E-03                               
15563.2088   0.024   5.37E-03                               
15563.4724   0.024   7.13E-03                               
15564.1274   0.024   1.07E-02                               
15564.5230   0.024   2.00E-02                               
15565.1788   0.024   1.26E-02                               
15565.5033   0.024   3.04E-02                               
15565.6074   0.024   7.11E-03                               
15566.0825   0.024   4.60E-03                               
15566.1872   0.024   1.01E-02                               
15566.5100   0.024   1.37E-02                               
15566.7449   0.024   1.68E-02                               
15566.9401   0.024   2.79E-03                               
15567.0037   0.024   5.09E-03   7 1   6 3     4 0 1 1 0 0 a - 0 0 0 0 0 0 a  	1.29E-25
15567.1531   0.024   2.09E-02                               
15568.0889   0.024   7.30E-03                               
15568.2875   0.024   4.74E-03                               
15568.3541   0.024   3.30E-03                               
15568.6990   0.024   1.80E-02                               
15568.8546   0.024   6.28E-03                               
15569.0708   0.024   1.30E-02                               
15569.2567   0.024   2.01E-02                               
15571.0421   0.024   5.63E-03                               
15571.1979   0.024   6.31E-03                               
15572.0127   0.024   1.33E-02                               
15572.2821   0.024   4.40E-03                               
15572.4985   0.024   5.84E-03                               
15572.6137   0.024   1.01E-02                               
15573.0268   0.024   5.68E-03                               
15573.5464   0.024   3.47E-02                               
15574.0676   0.024   2.90E-02                               
15575.2541   0.024   5.25E-03                               
15575.4012   0.024   1.05E-02                               
15575.6016   0.024   7.66E-03                               
15576.3054   0.024   3.92E-02                               
15577.1315   0.024   4.80E-03                               
15577.7632   0.024   5.85E-03                               
15578.8475   0.024   4.10E-03                               
15578.9690   0.024   4.60E-03                               
15579.0956   0.024   1.03E-02                               
15579.3226   0.024   1.53E-02                               
15579.4780   0.024   5.81E-03                               
15579.6941   0.024   1.78E-02                               
15579.8229   0.024   1.22E-02                               
15580.0524   0.024   1.36E-02                               
15580.2117   0.024   1.06E-02                               
15582.2491   0.024   8.69E-03                               
15582.3601   0.024   2.62E-03                               
15584.5103   0.024   6.85E-03                               
15585.3766   0.024   7.18E-03                               
15585.6678   0.024   2.44E-03                               
15585.7372   0.024   4.66E-03                               
15586.1802   0.024   7.69E-03                               
15588.4218   0.024   1.24E-02                               
15588.7472   0.024   6.38E-03                               
15589.7776   0.024   7.13E-03                               
15596.0199   0.024   7.87E-03                               
15597.0639   0.024   1.13E-02                               
15599.1332   0.024   6.70E-03                               
15600.3256   0.024   7.56E-03                               
15600.5017   0.024   1.03E-02                               
15600.5826   0.024   6.54E-03                               
15601.9993   0.024   5.84E-03                               
15602.1589   0.024   4.41E-03                               
15602.7294   0.024   5.50E-03                               
15606.2521   0.024   2.98E-02                               
15606.3301   0.024   1.83E-02                               
15609.5301   0.024   1.02E-02                               
15613.0718   0.024   1.16E-02                               
15613.4572   0.024   1.05E-02                               
15613.8143   0.024   4.99E-03                               
15614.1400   0.024   9.15E-03                               
15614.2290   0.024   8.13E-03                               
15615.3522   0.024   6.85E-03                               
15615.4137   0.024   5.94E-03                               
15615.6434   0.024   3.00E-03                               
15615.7714   0.024   5.91E-03                               
15615.8705   0.024   1.09E-02                               
15621.6138   0.024   6.04E-03                               
15623.2954   0.024   4.37E-03                               
15627.6668   0.024   1.12E-02                               
15628.6801   0.024   1.54E-02                               
15629.4058   0.024   5.54E-03                               
15630.0973   0.024   1.09E-02                               
15634.4974   0.024   5.95E-03                               
15638.4149   0.024   5.51E-03                               
15638.9421   0.024   1.34E-02                               
15639.72375  0.024   1.01E-02                               
15645.5126   0.024   9.29E-03                               
15649.5592   0.024   5.86E-03                               
15650.6264   0.024   5.96E-03                               
15662.3331   0.024   5.14E-03                               
15669.8166   0.024   1.06E-02
17949.12157	 0.034   5.08E-03
17950.85624	 0.034   5.23E-03
17952.01471	 0.034   1.43E-02
17952.47389	 0.034   6.18E-03
17954.08524	 0.034   7.06E-03
17954.49430	 0.034   3.51E-03
17958.83752	 0.034   4.36E-03  6 6   7 6       6 0 0 0 0 0 s <- 0 0 0 0 0 0 a 	3.52E-26
17960.47552	 0.034   3.10E-03
17974.26760	 0.034   3.20E-03
17976.39734	 0.034   4.93E-03  5 1   6 0       5 0 1 1 0 0 a <- 0 0 0 0 0 0 a 	1.10E-26
17977.07802	 0.034   8.02E-03
17978.24251	 0.034   6.73E-03
17978.34398	 0.034   2.38E-03
17980.10190	 0.034   6.64E-03
17981.65259	 0.034   4.52E-03
17982.00592	 0.034   8.52E-03
17983.15085	 0.034   1.52E-02
17983.24891	 0.034   1.84E-03  4 3   5 1       5 0 1 1 0 0 a <- 0 0 0 0 0 0 s 	2.93E-26
17983.45240	 0.034   5.24E-03  4 1   5 0       5 0 1 1 0 0 s <- 0 0 0 0 0 0 s 	1.38E-25
17984.08185	 0.034   2.92E-03
17984.85917	 0.034   1.61E-03
17984.91283	 0.034   1.83E-03
17989.76580	 0.034   5.53E-03
17992.11900	 0.034   4.81E-03
17992.39862	 0.034   2.57E-03
17992.59342	 0.034   5.41E-03
17993.36595	 0.034   2.53E-03
17993.84011	 0.034   3.32E-03
17993.97454	 0.034   5.53E-03
17995.16179	 0.034   2.99E-03
17995.46542	 0.034   4.49E-03
17996.46364	 0.034   5.73E-03  
17997.93611	 0.034   2.48E-03  6 6   7 7       5 0 1 1 0 0 a <- 0 0 0 0 0 0 a 	3.86E-26
17998.16667	 0.034   3.45E-03
17999.84547	 0.034   3.68E-03
18001.41622	 0.034   3.30E-03
18003.47317	 0.034   2.31E-03
18004.79579	 0.034   4.08E-03
18005.53098	 0.034   3.49E-03
18005.69491	 0.034   2.56E-03
18005.85093	 0.034   3.74E-03  4 0   5 0       6 0 0 0 0 0 a <- 0 0 0 0 0 0 s 	2.46E-25
18006.91524	 0.034   5.22E-03
18007.59557	 0.034   6.59E-03  3 2   4 1       6 0 0 0 0 0 s <- 0 0 0 0 0 0 s 	3.85E-26
18007.99040	 0.034   3.82E-03
18008.09157	 0.034   9.12E-03
18008.38036	 0.034   3.11E-03
18008.49599	 0.034   4.77E-03
18009.59457	 0.034   7.65E-03
18009.76118	 0.034   1.55E-02
18010.13382	 0.034   9.77E-03
18010.33950	 0.034   3.02E-02  3 1   4 0       5 0 1 1 0 0 a <- 0 0 0 0 0 0 a 	5.46E-26
18010.75075	 0.034   9.55E-03  4 2   5 3       5 0 1 1 0 0 a <- 0 0 0 0 0 0 a 	2.13E-25
18011.84466	 0.034   3.04E-03
18011.94534	 0.034   2.64E-03
18012.86017	 0.034   5.46E-03
18013.02228	 0.034   2.26E-03
18013.58464	 0.034   3.05E-03
18014.13837	 0.034   5.07E-04
18014.28577	 0.034   1.85E-03
18014.41741	 0.034   3.23E-03
18014.70700	 0.034   2.79E-03
18015.05446	 0.034   3.31E-03
18015.78064	 0.034   8.36E-03
18017.35979	 0.034   7.04E-03  3 0   4 0       6 0 0 0 0 0 s <- 0 0 0 0 0 0 a 	4.02E-25
18017.45037	 0.034   2.09E-03
18017.97796	 0.034   2.73E-03
18018.13970	 0.034   7.84E-03  
18018.21479	 0.034   1.34E-03  5 5   6 6       5 0 1 1 0 0 a <- 0 0 0 0 0 0 a 	3.98E-25
18018.71393	 0.034   3.89E-03
18018.99866	 0.034   1.48E-03
18019.16007	 0.034   2.82E-03  3 3   4 3       6 0 0 0 0 0 s <- 0 0 0 0 0 0 a 	4.31E-26
18019.35680	 0.034   2.70E-03  6 6   7 7       5 0 1 1 0 0 a <- 0 0 0 0 0 0 a 	1.95E-26
18019.48271	 0.034   6.32E-03
18020.12954	 0.034   2.22E-03
18020.44345	 0.034   5.90E-03
18020.94719	 0.034   5.93E-03
18021.05157	 0.034   2.84E-03  3 3   4 3       6 0 0 0 0 0 s <- 0 0 0 0 0 0 a 	3.65E-26
18021.19417	 0.034   4.26E-03
18021.61639	 0.034   1.11E-02
18021.78305	 0.034   2.87E-03  4 1   5 3       5 0 1 1 0 0 a <- 0 0 0 0 0 0 s 	1.02E-25
18022.11026	 0.034   3.15E-03
18022.54391	 0.034   3.19E-03
18023.12850	 0.034   3.90E-03
18023.58878	 0.034   1.16E-02
18023.80501	 0.034   6.85E-03
18024.13332	 0.034   2.52E-02
18024.48641	 0.034   2.23E-03
18024.63975	 0.034   3.96E-03
18024.85852	 0.034   2.74E-04  3 1   4 0       6 0 0 0 0 0 a <- 0 0 0 0 0 0 a 	1.43E-25
18024.93919	 0.034   3.85E-03
18025.24918	 0.034   3.24E-03  4 2   5 3       5 0 1 1 0 0 a <- 0 0 0 0 0 0 a 	2.19E-25
18025.56964	 0.034   2.63E-03
18026.10646	 0.034   4.48E-03
18026.88708	 0.034   1.18E-03  
18026.96285	 0.034   3.26E-03
18028.00974	 0.034   3.98E-03
18028.78171	 0.034   2.20E-03
18029.25799	 0.034   2.69E-03
18029.59861	 0.034   4.23E-03
18030.04210	 0.034   3.03E-03
18030.24490	 0.034   5.40E-03
18030.70240	 0.034   2.48E-03
18032.85392	 0.034   2.75E-03  3 2   4 2       6 0 0 0 0 0 a <- 0 0 0 0 0 0 s 	2.20E-25
18033.62404	 0.034   2.15E-03  
18033.75831	 0.034   1.93E-03
18034.39382	 0.034   2.19E-03  
18035.00003	 0.034   4.13E-03
18035.38522	 0.034   4.44E-03
18035.82410	 0.034   5.62E-03
18035.92277	 0.034   2.90E-03
18036.43178	 0.034   5.24E-03
18036.57917	 0.034   2.89E-03
18037.16872	 0.034   3.65E-03  
18037.26679	 0.034   1.42E-02
18037.41395	 0.034   2.51E-03
18037.87368	 0.034   1.67E-03
18038.28167	 0.034   9.89E-03
18038.54259	 0.034   1.21E-02  3 2   4 3       5 0 1 1 0 0 s <- 0 0 0 0 0 0 s 	4.44E-25
18038.86784	 0.034   9.68E-03
18039.03546	 0.034   4.52E-03
18039.26629	 0.034   2.36E-02  2 1   3 0       5 0 1 1 0 0 s <- 0 0 0 0 0 0 s 	1.62E-25
18039.44093	 0.034   7.65E-03
18039.64270	 0.034   2.88E-02
18041.45919	 0.034   4.85E-03
18041.99159	 0.034   3.62E-03
18042.14982	 0.034   3.46E-03
18043.11149	 0.034   5.60E-03  2 2   3 2       6 0 0 0 0 0 s <- 0 0 0 0 0 0 a 	2.42E-26
18043.27413	 0.034   3.79E-03
18043.77241	 0.034   1.53E-02
18044.21374	 0.034   7.82E-03
18045.53549	 0.034   1.52E-02
18045.71057	 0.034   6.05E-03
18046.21577	 0.034   7.27E-03
18046.42096	 0.034   4.05E-03
18046.75753	 0.034   1.00E-02
18047.06259	 0.034   2.97E-03
18047.34435	 0.034   1.09E-03
18047.41475	 0.034   2.91E-03
18050.25736	 0.034   4.43E-03  3 1   4 3       5 0 1 1 0 0 s <- 0 0 0 0 0 0 a 	2.08E-25
18050.68134	 0.034   7.99E-03  3 2   4 3       5 0 1 1 0 0 a <- 0 0 0 0 0 0 a 	4.63E-25
18050.91662	 0.034   3.42E-03
18051.03628	 0.034   1.42E-02
18052.23169	 0.034   5.48E-03
18052.78988	 0.034   8.38E-03
18053.35859	 0.034   3.24E-03  1 1   2 0       5 0 1 1 0 0 a <- 0 0 0 0 0 0 a 	3.16E-26
18053.45654	 0.034   9.78E-03
18053.70597	 0.034   4.78E-03
18053.93356	 0.034   7.82E-03
18054.12336	 0.034   4.61E-03
18054.53763	 0.034   4.42E-03  2 0   3 0       6 0 0 0 0 0 a <- 0 0 0 0 0 0 s 	4.27E-25
18054.84214	 0.034   2.40E-03
18055.06366	 0.034   3.63E-03
18055.39958	 0.034   7.49E-03
18056.21431	 0.034   3.26E-03
18056.35731	 0.034   7.02E-03
18056.43676	 0.034   1.31E-03
18057.08438	 0.034   3.58E-03  1 1   2 0       5 0 1 1 0 0 a <- 0 0 0 0 0 0 a 	3.16E-26
18057.60273	 0.034   5.38E-03  6 6   6 5       5 0 1 1 0 0 s <- 0 0 0 0 0 0 s 	6.51E-26
18057.60273	 0.034   5.38E-03  5 4   5 3       5 0 1 1 0 0 a <- 0 0 0 0 0 0 a 	1.34E-25
18058.27309	 0.034   1.20E-03  3 3   4 4       6 0 0 0 0 0 a <- 0 0 0 0 0 0 a 	2.38E-25
18058.33712	 0.034   1.67E-03
18059.64001	 0.034   3.42E-03
18059.88966	 0.034   5.19E-03
18061.42237	 0.034   2.07E-03
18061.68377	 0.034   3.73E-03
18062.14650	 0.034   4.02E-03  6 5   6 4       5 0 1 1 0 0 s <- 0 0 0 0 0 0 s 	7.78E-26
18062.44688	 0.034   2.17E-02  
18062.52636	 0.034   2.05E-02  1 0   2 0       6 0 0 0 0 0 s<-  0 0 0 0 0 0 a 	3.42E-25
18063.03130	 0.034   6.27E-03
18063.20224	 0.034   3.49E-03
18063.39528	 0.034   3.06E-03  2 0   3 1       5 0 1 1 0 0 a <- 0 0 0 0 0 0 a 	1.21E-25
18063.56349	 0.034   7.46E-04
18063.61435	 0.034   1.49E-03
18064.50618	 0.034   3.06E-02  2 2   3 3       6 0 0 0 0 0 s <- 0 0 0 0 0 0 s 	7.81E-25
18064.77692	 0.034   4.77E-03
18064.87300	 0.034   1.64E-02
18065.43237	 0.034   4.46E-03
18065.78460	 0.034   1.98E-03
18065.86922	 0.034   1.93E-03
18066.13582	 0.034   1.00E-02
18066.29972	 0.034   1.35E-03  4 4   4 3       5 0 1 1 0 0 a <- 0 0 0 0 0 0 a 	6.19E-26
18066.36798	 0.034   2.21E-03
18066.66241	 0.034   1.21E-02
18066.93043	 0.034   1.09E-02
18067.03252	 0.034   3.41E-03
18067.10801	 0.034   1.05E-03
18068.13272	 0.034   5.60E-03
18069.17176	 0.034   1.55E-02
18069.35903	 0.034   5.96E-03
18069.55137	 0.034   1.52E-02  5 5   5 4       5 0 1 1 0 0 s <- 0 0 0 0 0 0 s 	5.63E-26
18069.92784	 0.034   6.88E-03
18070.05194	 0.034   3.34E-03
18071.26358	 0.034   3.81E-03  4 4   4 3       5 0 1 1 0 0 a <- 0 0 0 0 0 0 a 	4.75E-26
18071.67140	 0.034   3.34E-03  2 1   3 3       5 0 1 1 0 0 a <- 0 0 0 0 0 0 s 	1.23E-25
18071.84765	 0.034   3.47E-03  2 1   3 3       6 0 0 0 0 0 s <- 0 0 0 0 0 0 a 	7.72E-26
18071.95631	 0.034   2.89E-03  5 4   5 3       5 0 1 1 0 0 s <- 0 0 0 0 0 0 s 	2.53E-25
18073.25054	 0.034   6.06E-03
18073.81824	 0.034   2.02E-02
18073.98235	 0.034   3.57E-03
18074.18986	 0.034   3.17E-03  4 4   4 3       5 0 1 1 0 0 s <- 0 0 0 0 0 0 s 	2.48E-25
18074.72033	 0.034   7.92E-03
18075.17916	 0.034   3.16E-03
18075.43931	 0.034   1.88E-03
18075.53319	 0.034   1.87E-02  
18075.72109	 0.034   5.33E-03
18075.89871	 0.034   3.58E-03  
18076.13908	 0.034   1.06E-02
18076.64171	 0.034   5.11E-03  5 5   5 4       5 0 1 1 0 0 a <- 0 0 0 0 0 0 a 	4.61E-26
18076.96660	 0.034   4.63E-03  5 4   5 3       6 0 0 0 0 0 a <- 0 0 0 0 0 0 a 	2.26E-25
18077.03450	 0.034   1.40E-03
18077.37379	 0.034   7.82E-04
18077.45058	 0.034   2.70E-03  
18077.75279	 0.034   1.12E-02  2 2   3 3       5 0 1 1 0 0 a <- 0 0 0 0 0 0 a 	8.68E-25
18078.00218	 0.034   1.77E-02
18078.49631	 0.034   3.58E-03
18078.78589	 0.034   5.68E-03
18079.11006	 0.034   4.82E-03
18079.23532	 0.034   1.21E-02
18079.44857	 0.034   5.62E-03
18079.82840	 0.034   1.42E-03
18079.90034	 0.034   1.71E-03
18080.35357	 0.034   5.90E-03
18080.81938	 0.034   1.66E-02
18081.23369	 0.034   2.07E-02
18082.78341	 0.034   1.20E-03  
18082.85992	 0.034   4.16E-03
18083.15497	 0.034   4.82E-03  
18083.74976	 0.034   6.96E-03
18083.97427	 0.034   1.21E-03
18084.05807	 0.034   3.51E-03
18084.37056	 0.034   3.97E-03
18084.44406	 0.034   6.14E-04
18084.80981	 0.034   6.75E-03
18084.92846	 0.034   4.55E-03
18085.16575	 0.034   4.54E-03
18085.32075	 0.034   2.73E-03
18085.51344	 0.034   3.27E-03
18085.68126	 0.034   3.83E-03
18085.84790	 0.034   3.81E-03  3 3   3 2       5 0 1 1 0 0 s <- 0 0 0 0 0 0 s 	7.88E-26
18086.14825	 0.034   1.28E-02
18086.34388	 0.034   5.92E-03
18086.48642	 0.034   7.85E-03  
18086.92254	 0.034   7.18E-03
18086.99737	 0.034   1.48E-03  4 1   4 0       5 0 1 1 0 0 a <- 0 0 0 0 0 0 a 	3.82E-25
18087.54859	 0.034   4.34E-03
18088.20850	 0.034   3.34E-03
18088.43754	 0.034   6.82E-03
18089.05126	 0.034   6.02E-02
18089.95567	 0.034   5.41E-03  2 2   2 0       6 0 0 0 0 0 s <- 0 0 0 0 0 0 a 	2.54E-26
18090.11878	 0.034   1.81E-02
18090.27141	 0.034   1.01E-02
18090.66279	 0.034   8.47E-03
18091.06180	 0.034   2.05E-02
18092.22063	 0.034   8.28E-03
18092.38026	 0.034   2.88E-03
18092.49936	 0.034   6.93E-03
18092.74524	 0.034   2.78E-03
18092.90701	 0.034   7.95E-03
18093.33432	 0.034   1.32E-02
18093.59283	 0.034   6.95E-03
18093.73582	 0.034   7.38E-03
18093.95236	 0.034   6.88E-03
18094.11906	 0.034   4.08E-03
18094.36832	 0.034   3.02E-03
18094.47666	 0.034   1.77E-02
18094.96317	 0.034   1.66E-03
18095.03154	 0.034   5.22E-03
18095.26958	 0.034   7.18E-03
18095.48413	 0.034   4.58E-03
18095.56506	 0.034   1.06E-02  2 0   2 1       5 0 1 1 0 0 a <- 0 0 0 0 0 0 a 	1.66E-25
18095.87883	 0.034   1.18E-02  3 3   3 2       5 0 1 1 0 0 a <- 0 0 0 0 0 0 a 	2.34E-25
18096.18260	 0.034   6.19E-03  4 3   5 3       6 0 0 0 0 0 s <- 0 0 0 0 0 0 a 	4.19E-26
18096.45570	 0.034   5.01E-03
18096.69495	 0.034   5.20E-03
18096.79285	 0.034   1.49E-02  3 2   3 0       5 0 1 1 0 0 a <- 0 0 0 0 0 0 s 	4.11E-25
18097.11756	 0.034   3.17E-02  3 1   3 0       5 0 1 1 0 0 s <- 0 0 0 0 0 0 s 	8.09E-25
18097.11756	 0.034   3.17E-02  2 1   2 0       5 0 1 1 0 0 a <- 0 0 0 0 0 0 a 	4.61E-25
18097.34921	 0.034   6.56E-03
18097.52151	 0.034   4.98E-03
18097.64054	 0.034   5.70E-03  6 6   6 6       6 0 0 0 0 0 s <- 0 0 0 0 0 0 a 	3.48E-25
18097.80219	 0.034   1.43E-02
18098.07214	 0.034   9.32E-03
18098.45179	 0.034   5.34E-03
18098.58021	 0.034   1.96E-02  3 3   3 3       6 0 0 0 0 0 s <- 0 0 0 0 0 0 a 	2.04E-25
18099.09369	 0.034   4.82E-03
18099.25274	 0.034   7.20E-03  2 2   2 2       6 0 0 0 0 0 s <- 0 0 0 0 0 0 a 	2.43E-25 
18099.61923	 0.034   5.13E-02  3 2   3 1       5 0 1 1 0 0 a <- 0 0 0 0 0 0 a 	1.01E-25
18099.71513	 0.034   4.14E-03
18100.05565	 0.034   5.29E-03
18100.40051	 0.034   8.71E-03  
18100.49069	 0.034   1.54E-02  3 3   3 3       6 0 0 0 0 0 s <- 0 0 0 0 0 0 a 	2.61E-25
18100.59630	 0.034   4.63E-03  
18100.98746	 0.034   3.53E-03
18101.07580	 0.034   1.82E-03
18101.18162	 0.034   4.19E-02
18101.60274	 0.034   7.36E-03
18101.67837	 0.034   4.06E-03
18101.90906	 0.034   1.46E-02
18102.34541	 0.034   4.71E-03
18102.59442	 0.034   3.98E-03
18102.70777	 0.034   8.09E-03  2 2   2 2       6 0 0 0 0 0 s <- 0 0 0 0 0 0 a 	2.43E-25 
18102.89173	 0.034   5.90E-02  1 1   1 0       6 0 0 0 0 0 s <- 0 0 0 0 0 0 s 	8.79E-25
18103.33277	 0.034   5.55E-03
18103.95704	 0.034   8.57E-03
18104.40274	 0.034   9.29E-03
18104.63799	 0.034   1.70E-02  4 0   4 1       6 0 0 0 0 0 a <- 0 0 0 0 0 0 a 	2.50E-25
18105.05388	 0.034   2.94E-02  
18105.21523	 0.034   7.75E-05
18105.49549	 0.034   9.41E-03
18106.00246	 0.034   4.48E-03
18106.32033	 0.034   6.25E-03
18106.37246	 0.034   7.03E-03
18106.53916	 0.034   3.81E-03
18106.66600	 0.034   7.93E-03
18106.92914	 0.034   2.68E-03
18107.03938	 0.034   3.25E-03
18107.14324	 0.034   3.40E-03
18107.28399	 0.034   3.31E-03
18107.69581	 0.034   9.55E-03
18107.88753	 0.034   8.50E-03
18108.72718	 0.034   5.65E-03
18108.89855	 0.034   1.19E-02  4 3   4 3       6 0 0 0 0 0 a <- 0 0 0 0 0 0 s 	3.13E-25
18109.29182	 0.034   1.16E-02
18109.62214	 0.034   1.37E-03
18109.69307	 0.034   7.29E-03  
18109.94024	 0.034   4.82E-03  4 2   4 3       5 0 1 1 0 0 a <- 0 0 0 0 0 0 a 	8.39E-26
18110.08328	 0.034   4.80E-03
18111.33701	 0.034   4.60E-03
18111.65758	 0.034   7.69E-03
18111.81801	 0.034   4.02E-03
18112.98280	 0.034   1.08E-03  1 1   0 0       5 0 1 1 0 0 a <- 0 0 0 0 0 0 a 	1.69E-25
18113.05191	 0.034   2.64E-03
18113.95438	 0.034   1.76E-03  3 0   3 1       5 0 1 1 0 0 a <- 0 0 0 0 0 0 a 	2.41E-25
18115.02437	 0.034   3.57E-03
18116.69618	 0.034   5.12E-03  1 1   0 0       5 0 1 1 0 0 a <- 0 0 0 0 0 0 a 	1.69E-25
18118.01220	 0.034   3.75E-03
18119.07018	 0.034   6.58E-03
18119.93103	 0.034   2.70E-03
18122.15086	 0.034   1.19E-02  1 0   0 0       6 0 0 0 0 0 s <- 0 0 0 0 0 0 a 	7.72E-26
18122.73139	 0.034   3.12E-03
18122.95826	 0.034   5.39E-02  1 1   0 0       6 0 0 0 0 0 a <- 0 0 0 0 0 0 a 	5.62E-25
18122.95826	 0.034   5.39E-02  2 0   2 1       5 0 1 1 0 0 a <- 0 0 0 0 0 0 a 	2.35E-25 
18123.63381	 0.034   3.45E-03
18123.88331	 0.034   2.21E-03
18125.18694	 0.034   3.28E-03  
18126.55049	 0.034   2.16E-03
18126.62753	 0.034   1.49E-03
18128.27475	 0.034   3.35E-03
18131.17849	 0.034   3.27E-03
18133.12343	 0.034   1.90E-02
18133.26404	 0.034   2.58E-03
18133.47690	 0.034   1.21E-02
18134.70750	 0.034   8.55E-03
18134.89228	 0.034   2.06E-03
18134.97235	 0.034   2.07E-03
18135.30002	 0.034   6.88E-03  2 0   1 1       5 0 1 1 0 0 a <- 0 0 0 0 0 0 a 	5.96E-26
18135.38895	 0.034   2.06E-03
18135.93761	 0.034   1.60E-02
18137.30546	 0.034   2.85E-03  5 5   4 3       5 0 1 1 0 0 a <- 0 0 0 0 0 0 s 	7.17E-26
18138.61399	 0.034   3.84E-02  2 1   1 0       5 0 1 1 0 0 s <- 0 0 0 0 0 0 s 	6.41E-25
18141.33392	 0.034   2.75E-03
18141.44035	 0.034   2.29E-03
18141.80234	 0.034   3.22E-03
18142.49121	 0.034   3.23E-03  3 3   2 1       6 0 0 0 0 0 a <- 0 0 0 0 0 0 s 	2.66E-26
18142.85581	 0.034   5.20E-03
18143.11963	 0.034   2.71E-02  
18143.33903	 0.034   8.00E-03
18143.46866	 0.034   1.36E-03  3 2   2 0       5 0 1 1 0 0 s <- 0 0 0 0 0 0 a 	4.10E-26
18143.56848	 0.034   7.21E-03
18143.71443	 0.034   1.27E-02
18144.08180	 0.034   1.74E-02
18144.52175	 0.034   6.14E-03  2 2   1 0       5 0 1 1 0 0 a <- 0 0 0 0 0 0 s 	6.75E-26
18144.88628	 0.034   7.50E-03
18145.09248	 0.034   5.04E-03
18145.47613	 0.034   8.70E-03  3 3   2 2       5 0 1 1 0 0 s <- 0 0 0 0 0 0 s 	3.02E-25
18145.71726	 0.034   2.72E-03  4 4   3 3       5 0 1 1 0 0 a <- 0 0 0 0 0 0 a 	2.84E-25
18146.06052	 0.034   3.25E-03
18146.48279	 0.034   7.09E-03
18146.58070	 0.034   1.06E-02  3 2   2 1       6 0 0 0 0 0 s <- 0 0 0 0 0 0 s 	9.70E-26
18147.18642	 0.034   1.80E-03
18147.26950	 0.034   3.06E-03
18147.60620	 0.034   4.36E-03
18148.05189	 0.034   4.24E-03
18148.82798	 0.034   5.75E-03
18148.96997	 0.034   1.71E-03
18149.04745	 0.034   2.22E-03
18149.21709	 0.034   2.45E-02  3 1   2 0       5 0 1 1 0 0 a <- 0 0 0 0 0 0 a 	2.73E-25
18150.28211	 0.034   3.61E-03
18150.49855	 0.034   2.62E-03
18150.69335	 0.034   2.27E-03  4 4   3 3       5 0 1 1 0 0 a <- 0 0 0 0 0 0 a 	3.51E-25
18151.78766	 0.034   3.29E-03
18151.89824	 0.034   1.81E-02  
18152.07013	 0.034   3.47E-03
18152.33175	 0.034   3.87E-03
18152.46863	 0.034   6.81E-03
18153.66587	 0.034   2.22E-02  4 4   3 3       5 0 1 1 0 0 s <- 0 0 0 0 0 0 s 	1.38E-24
18153.82996	 0.034   5.00E-03  2 0   1 0       6 0 0 0 0 0 a <- 0 0 0 0 0 0 s 	1.68E-25
18154.87596	 0.034   2.55E-02  3 3   2 2       5 0 1 1 0 0 a <- 0 0 0 0 0 0 a 	2.71E-25
18154.95901	 0.034   6.24E-02  
18155.60730	 0.034   2.53E-03
18155.70598	 0.034   6.76E-03
18155.77193	 0.034   4.57E-03
18155.88017	 0.034   2.54E-03
18156.01103	 0.034   3.82E-03
18156.24002	 0.034   1.14E-02  3 0   2 0       6 0 0 0 0 0 s <- 0 0 0 0 0 0 a 	1.23E-26
18156.33412	 0.034   1.08E-02
18156.73939	 0.034   6.57E-03  5 4   4 3       5 0 1 1 0 0 a <- 0 0 0 0 0 0 a 	4.12E-25
18156.92309	 0.034   1.85E-02  3 2   2 2       6 0 0 0 0 0 s <- 0 0 0 0 0 0 a 	2.38E-25
18157.53476	 0.034   5.99E-03
18157.83455	 0.034   3.27E-03
18158.44339	 0.034   6.28E-03
18158.84070	 0.034   1.82E-02
18158.93971	 0.034   2.93E-03
18159.17773	 0.034   7.65E-03  3 2   2 1       5 0 1 1 0 0 a <- 0 0 0 0 0 0 a 	2.30E-25
18159.26997	 0.034   1.41E-03
18159.49393	 0.034   3.99E-03
18160.05371	 0.034   1.98E-02  
18160.22602	 0.034   1.42E-02
18161.03005	 0.034   2.19E-03
18161.10267	 0.034   2.27E-03
18161.52635	 0.034   5.77E-03
18161.85471	 0.034   1.83E-02  4 1   3 0       5 0 1 1 0 0 s <- 0 0 0 0 0 0 s 	2.63E-25
18162.27491	 0.034   3.92E-03
18162.48349	 0.034   7.90E-03
18163.08555	 0.034   3.15E-03
18163.39401	 0.034   4.28E-03
18163.73367	 0.034   5.90E-03  3 1   2 0       6 0 0 0 0 0 a <- 0 0 0 0 0 0 a 	5.77E-25
18163.97946	 0.034   8.37E-03
18164.16696	 0.034   3.42E-03
18164.29789	 0.034   4.21E-03
18164.55141	 0.034   4.91E-03
18165.02738	 0.034   7.13E-03
18165.25428	 0.034   1.64E-02
18165.56540	 0.034   9.35E-03
18165.80569	 0.034   2.03E-02
18165.88806	 0.034   4.59E-03
18166.05357	 0.034   1.33E-02
18166.17294	 0.034   9.35E-03
18166.74169	 0.034   7.83E-03
18166.96540	 0.034   3.04E-03  6 6   5 5       5 0 1 1 0 0 a <- 0 0 0 0 0 0 a 	1.98E-25
18167.06503	 0.034   1.96E-03
18167.23766	 0.034   7.34E-03
18167.58454	 0.034   4.47E-03
18167.73777	 0.034   2.94E-03
18167.80604	 0.034   2.40E-03
18167.97648	 0.034   1.78E-02
18168.50273	 0.034   4.66E-03
18168.85207	 0.034   4.96E-03  5 5   4 4       5 0 1 1 0 0 s <- 0 0 0 0 0 0 s 	3.91E-25
18168.97966	 0.034   5.37E-03
18169.35361	 0.034   2.03E-03
18169.44471	 0.034   3.28E-03
18169.60663	 0.034   1.14E-02
18170.12594	 0.034   4.17E-03
18170.46092	 0.034   6.79E-03
18170.69789	 0.034   7.02E-03
18171.00930	 0.034   5.30E-03
18171.14277	 0.034   5.26E-03  5 4   4 3       5 0 1 1 0 0 s <- 0 0 0 0 0 0 s 	7.85E-25
18171.23895	 0.034   2.69E-02  4 2   3 0       5 0 1 1 0 0 a <- 0 0 0 0 0 0 s 	2.61E-25
18171.66290	 0.034   5.91E-03
18171.74543	 0.034   1.16E-03
18171.88492	 0.034   4.45E-03  3 2   2 2       6 0 0 0 0 0 a <- 0 0 0 0 0 0 s 	1.37E-26
18172.03951	 0.034   8.04E-03  4 3   3 2       5 0 1 1 0 0 a <- 0 0 0 0 0 0 a 	2.38E-25
18172.51301	 0.034   1.01E-02  
18172.84867	 0.034   1.90E-03
18172.93466	 0.034   1.09E-02
18173.28721	 0.034   8.83E-03
18173.53087	 0.034   5.85E-03  3 0   2 1       5 0 1 1 0 0 a <- 0 0 0 0 0 0 a 	4.49E-26
18173.70937	 0.034   6.37E-03
18173.97435	 0.034   6.46E-03
18174.31211	 0.034   4.47E-03
18174.44960	 0.034   7.52E-03
18174.68548	 0.034   7.37E-03
18175.11157	 0.034   9.16E-03
18175.39478	 0.034   2.95E-03
18175.48341	 0.034   1.99E-03
18175.61770	 0.034   1.41E-03  4 3   3 3       6 0 0 0 0 0 s <- 0 0 0 0 0 0 a 	2.44E-25
18175.88944	 0.034   1.04E-02  5 5   4 4       5 0 1 1 0 0 a <- 0 0 0 0 0 0 a 	3.75E-25
18176.11658	 0.034   1.57E-02  5 4   4 3       6 0 0 0 0 0 a <- 0 0 0 0 0 0 a 	4.11E-25
18176.26178	 0.034   8.84E-03
18176.49944	 0.034   4.61E-03
18176.70704	 0.034   5.41E-03  6 6   5 5       5 0 1 1 0 0 s <- 0 0 0 0 0 0 s 	5.63E-25
18176.82069	 0.034   1.00E-02
18177.78832	 0.034   4.77E-03
18177.88919	 0.034   3.62E-03
18178.54077	 0.034   9.39E-03
18178.68359	 0.034   1.83E-03
18178.75319	 0.034   3.38E-03
18179.17183	 0.034   2.36E-02
18179.38573	 0.034   2.24E-03
18179.67962	 0.034   1.27E-02
18179.96540	 0.034   5.65E-03  
18180.12538	 0.034   5.30E-03
18180.28931	 0.034   5.48E-03
18181.08590	 0.034   1.06E-03  6 5   5 4       5 0 1 1 0 0 s <- 0 0 0 0 0 0 s 	3.33E-25
18181.15239	 0.034   1.99E-03
18181.79471	 0.034   1.92E-02
18181.93706	 0.034   1.70E-02
18182.28936	 0.034   6.89E-03
18182.46733	 0.034   8.37E-03
18182.96489	 0.034   3.34E-03
18183.06905	 0.034   2.14E-02
18183.44482	 0.034   5.78E-03
18183.78152	 0.034   5.27E-03
18183.97629	 0.034   4.39E-03  4 0   3 1       5 0 1 1 0 0 a <- 0 0 0 0 0 0 a 	3.88E-26
18184.24734	 0.034   7.44E-03  4 0   3 0       6 0 0 0 0 0 a <- 0 0 0 0 0 0 s 	1.05E-25
18184.74053	 0.034   5.71E-03
18184.86106	 0.034   6.91E-03
18185.36671	 0.034   3.12E-07
18185.67371	 0.034   1.78E-02  
18186.02966	 0.034   2.53E-03
18186.25471	 0.034   5.87E-03
18186.35555	 0.034   3.58E-03
18187.42774	 0.034   6.37E-04
18187.50772	 0.034   5.35E-03
18188.16399	 0.034   2.67E-03
18188.36570	 0.034   3.69E-03  6 6   5 5       5 0 1 1 0 0 a <- 0 0 0 0 0 0 a 	2.31E-25
18188.36570	 0.034   3.69E-03  4 3   3 3       6 0 0 0 0 0 a <- 0 0 0 0 0 0 s 	6.13E-26
18188.48648	 0.034   1.54E-02
18189.82686	 0.034   2.83E-03
18190.11419	 0.034   2.30E-03
18190.19421	 0.034   3.73E-03
18192.01554	 0.034   3.16E-03
18192.23107	 0.034   5.96E-03
18192.55364	 0.034   2.07E-03
18192.68033	 0.034   4.00E-03
18192.86193	 0.034   5.74E-03
18193.30895	 0.034   5.53E-03
18193.56853	 0.034   5.85E-03
18193.89281	 0.034   3.49E-03
18193.99940	 0.034   1.00E-02  5 1   4 0       5 0 1 1 0 0 a <- 0 0 0 0 0 0 a 	2.87E-25
18194.27304	 0.034   4.90E-03
18194.54686	 0.034   5.80E-03
18195.05790	 0.034   3.20E-03
18195.51554	 0.034   3.76E-03
18196.02254	 0.034   3.15E-03  
18196.73565	 0.034   9.34E-03
18197.52993	 0.034   7.06E-03
18197.93143	 0.034   6.94E-03
18198.35620	 0.034   6.28E-03
18198.59224	 0.034   8.88E-04
18198.66743	 0.034   4.05E-03
18200.08476	 0.034   5.10E-03
18200.31054	 0.034   5.90E-03
18202.32359	 0.034   4.71E-03
18204.85409	 0.034   3.55E-03
18206.72304	 0.034   3.48E-03
18207.65742	 0.034   4.48E-03
18210.37451	 0.034   2.81E-03
18211.36290	 0.034   2.99E-03
18212.67418	 0.034   3.99E-03
18218.84150	 0.034   2.39E-03
18222.26114	 0.034   2.93E-03