nu1' nu2' nu3' nu4' L3' L4' J' K' calc.ai obs. o-c CD calc.ref o-c
5 0 0 0 0 0 A1' s 1 1 15478.3353 15466.5198 −11.82 0.0015 15461.5691 4.95
5 0 0 0 0 0 A1' s 3 0 15573.5648 15561.9812 −11.58 −0.0012 15556.3977 5.58
5 0 0 0 0 0 A1' s 3 3 15545.9218 15533.4884 −12.43 −0.0008 15528.5446 4.94
5 0 0 0 0 0 A1' s 4 3 15618.7333 15605.8568 −12.88 0.0006 15601.5825 4.27
5 0 0 0 0 0 A1' s 5 3 15710.0286 15697.4938 −12.53 0.0030 15692.9553 4.54
5 0 0 0 0 0 A1' s 6 3 15818.4972 15806.3031 −12.19 0.0062 15801.6672 4.63
5 0 0 0 0 0 A1' s 7 6 15865.8936 15853.4710 −12.42 −0.0001 15848.2242 5.25
4 0 1 1 0 0  E' s 1 0 15481.8660 15469.9316 −11.93 −0.0012 15463.9325 6.00
4 0 1 1 0 0  E' s 1 1 15478.9618 15466.4888 −12.47 −0.0012 15461.0864 5.40
4 0 1 1 0 0  E' s 2 1 15514.5842 15502.4293 −12.15 −0.0003 15496.5855 5.84
4 0 1 1 0 0  E' s 2 1 15516.3664 15502.9113 −13.46 0.0047 15496.6968 6.21
4 0 1 1 0 0  E' s 2 2 15505.9747 15494.0029 −11.97 0.0006 15488.2554 5.75
4 0 1 1 0 0  E' s 3 0 15574.1047 15562.1522 −11.95 −0.0008 15555.8965 6.26
4 0 1 1 0 0  E' s 3 1 15572.2321 15563.0706 −9.16 −0.0046 15551.0073 12.06
4 0 1 1 0 0  E' s 3 1 15572.4357 15560.8323 −11.60 0.00000 15554.3331 6.50
4 0 1 1 0 0  E' s 3 2 15560.6454 15548.7502 −11.90 −0.0015 15542.8740 5.88
4 0 1 1 0 0  E' s 3 2 15561.1995 15549.4616 −11.74 −0.0019 15543.0635 6.40
4 0 1 1 0 0  E' s 3 3 15544.8852 15533.9636 −10.92 0.0000 15527.7201 6.24
4 0 1 1 0 0  E' s 3 3 15546.0406 15533.9637 −12.08 0.0000 15527.9310 6.03
4 0 1 1 0 0  E' s 4 1 15640.8673 15627.6109 −13.26 −0.0001 15623.1372 4.47
4 0 1 1 0 0  E' s 4 2 15634.6141 15622.2864 −12.33 0.0003 15615.6958 6.59
4 0 1 1 0 0  E' s 4 2 15634.7014 15623.1377 −11.56 −0.0007 15616.7113 6.43
4 0 1 1 0 0  E' s 4 3 15619.3581 15607.5985 −11.76 −0.0006 15601.0887 6.51
4 0 1 1 0 0  E' s 4 3 15619.1095 15606.9873 −12.12 0.0013 15601.1311 5.86
4 0 1 1 0 0  E' s 4 4 15597.5857 15585.6611 −11.92 0.0006 15579.9239 5.74
4 0 1 1 0 0  E' s 4 4 15597.8406 15588.6857 −9.15 −0.0040 15575.7678 12.92
4 0 1 1 0 0  E' s 5 0 15740.7703 15727.8952 −12.88 0.0001 15722.4298 5.47
4 0 1 1 0 0  E' s 5 1 15739.9982 15726.3129 −13.69 0.0000 15722.0249 4.29
4 0 1 1 0 0  E' s 5 2 15723.6043 15709.8891 −13.72 0.0017 15705.7193 4.17
4 0 1 1 0 0  E' s 5 3 15709.8405 15697.9178 −11.92 0.0059 15692.1836 5.73
4 0 1 1 0 0  E' s 5 5 15661.6004 15649.7260 −11.87 −0.0015 15644.0356 5.69
4 0 1 1 0 0  E' s 6 1 15839.8586 15825.9434 −13.92 0.0028 15822.1480 3.80
4 0 1 1 0 0  E' s 6 2 15836.1023 15823.5558 −12.55 −0.0002 15818.3883 5.17
4 0 1 1 0 0  E' s 6 5 15771.3477 15759.1135 −12.23 −0.0001 15753.7410 5.37
4 0 1 1 0 0  E' s 6 5 15771.4733 15759.2062 −12.27 0.0006 15753.9483 5.26
4 0 1 1 0 0  E' s 6 6 15737.6585 15725.3892 −12.27 0.0025 15719.1815 6.21
4 0 1 1 0 0  E' s 6 6 15737.9054 15725.6116 −12.29 −0.0011 15720.1091 5.50
4 0 1 1 0 0  E' s 7 4 15926.0570 15913.8181 −12.24 −0.0044 15908.4322 5.39
4 0 1 1 0 0  E' s 7 5 15899.3692 15886.8414 −12.53 −0.0036 15882.3011 4.54
4 0 1 1 0 0  E' s 7 7 15825.4482 15813.2774 −12.17 0.0093 15808.0481 5.23
5 0 0 0 0 0 A2" a 2 0 15517.0588 15502.4293 −14.63 −0.0003 15502.2533 0.18
5 0 0 0 0 0 A2" a 3 3 15544.4086 15530.4653 −13.94 0.0013 15529.8940 0.57
5 0 0 0 0 0 A2" a 4 0 15646.1915 15633.7890 −12.40 0.0006 15631.2144 2.57
5 0 0 0 0 0 A2" a 4 3 15617.4028 15601.4186 −15.98 −0.0006 15602.8596 -1.44
5 0 0 0 0 0 A2" a 5 3 15708.2297 15694.0690 −14.16 0.0019 15693.6011 0.47
5 0 0 0 0 0 A2" a 6 3 15817.6447 15804.6638 −12.98 0.0000 15801.5010 3.16
5 0 0 0 0 0 A2" a 7 3 15943.1415 15928.5263 −14.62 −0.0046 15928.3130 0.21
4 0 1 1 0 0  E" a 1 0 15480.7408 15466.9949 −13.75 0.0053 15465.2181 1.78
4 0 1 1 0 0  E" a 1 1 15477.3769 15463.4543 −13.92 0.0052 15461.8168 1.64
4 0 1 1 0 0  E" a 2 0 15517.4444 15503.8631 −13.58 0.0002 15501.6522 2.21
4 0 1 1 0 0  E" a 2 1 15515.0942 15501.2087 −13.89 −0.0009 15496.6968 4.51
4 0 1 1 0 0  E" a 2 2 15504.9696 15491.3928 −13.58 0.0022 15489.3425 2.05
4 0 1 1 0 0  E" a 2 2 15505.2649 15491.3928 −13.87 0.0008 15485.4882 5.90
4 0 1 1 0 0  E" a 3 0 15572.6798 15560.0324 −12.65 0.0000 15556.9058 3.13
4 0 1 1 0 0  E" a 3 1 15567.3094 15553.8064 −13.50 −0.0007 15551.0073 2.80
4 0 1 1 0 0  E" a 3 2 15559.7436 15546.4812 −13.84 0.0003 15543.0635 3.42
4 0 1 1 0 0  E" a 3 2 15560.3182 15546.4812 −13.84 0.0003 15540.7744 5.71
4 0 1 1 0 0  E" a 3 3 15544.7225 15531.1917 −13.53 −0.0007 15529.1457 2.05
4 0 1 1 0 0  E" a 4 0 15646.5022 15631.1398 −15.36 0.0016 15630.9364 0.20
4 0 1 1 0 0  E" a 4 1 15639.2451 15625.0227 −14.22 −0.0022 15624.0756 0.95
4 0 1 1 0 0  E" a 4 2 15631.8889 15618.6802 −13.21 0.0010 15615.6958 2.98
4 0 1 1 0 0  E" a 4 3 15617.7110 15603.9518 −13.76 −0.0011 15601.1311 2.82
4 0 1 1 0 0  E" a 4 3 15617.7948 15607.7478 −10.05 0.0062 15601.9253 5.82
4 0 1 1 0 0  E" a 4 4 15596.4500 15583.5915 −12.86 −0.0010 15581.0460 2.55
4 0 1 1 0 0  E" a 5 0 15738.9750 15724.3296 −14.65 −0.0096 15722.7391 1.59
4 0 1 1 0 0  E" a 5 1 15729.6859 15717.0764 −12.61 0.0017 15721.2442 -4.17
4 0 1 1 0 0  E" a 5 3 15708.5130 15696.0748 −12.44 −0.0017 15693.0882 2.99
4 0 1 1 0 0  E" a 5 3 15708.9455 15694.7899 −14.16 0.0001 15692.4417 2.35
4 0 1 1 0 0  E" a 5 4 15687.7743 15674.3339 −13.44 0.0004 15672.2831 2.05
4 0 1 1 0 0  E" a 5 5 15660.5921 15646.6242 −13.97 −0.0043 15644.0356 2.59
4 0 1 1 0 0  E" a 5 5 15660.6026 15646.4553 −14.15 −0.0021 15644.2257 2.23
4 0 1 1 0 0  E" a 6 1 15850.0131 15836.8953 −13.12 0.0026 15830.1096 6.79
4 0 1 1 0 0  E" a 6 2 15829.5421 15815.1499 −14.39 −0.0019 15813.9548 1.20
4 0 1 1 0 0  E" a 6 4 15796.8984 15782.4646 −14.43 0.0025 15780.8148 1.65
4 0 1 1 0 0  E" a 6 5 15769.8239 15756.1173 −13.71 −0.0045 15753.9951 2.12
4 0 1 1 0 0  E" a 6 5 15770.0171 15759.2062 −10.81 0.0 0 06 15753.7410 5.47
4 0 1 1 0 0  E" a 6 6 15737.0255 15721.9501 −15.08 −0.0047 15720.1091 1.84
4 0 1 1 0 0  E" a 7 1 15964.6886 15950.3221 −14.37 0.0052 15963.2702 −12.95
4 0 1 1 0 0  E" a 7 2 15962.1867 15947.3398 −14.85 −0.0041 15946.6881 0.65
4 0 1 1 0 0  E" a 7 4 15924.0102 15910.2483 −13.76 −0.0030 15903.9761 6.27
4 0 1 1 0 0  E" a 7 6 15864.3182 15851.2255 −13.09 −0.0007 15849.0868 2.14
4 0 1 1 0 0  E" a 7 7 15824.9631 15810.9749 −13.99 −0.0047 15808.7132 2.26
6 0 0 0 0 0 A1' s 1 0 18150.23 18122.9443 −27.29 0.0049 18125.3154 −2.37
6 0 0 0 0 0 A1' s 2 2 18174.19 18148.2950 −25.90 0.0002 18149.5133 −1.22
6 0 0 0 0 0 A1' s 3 0 18242.65 18216.6530 −26.00 0.0007 18218.0140 −1.36
6 0 0 0 0 0 A1' s 3 2 18229.49 18202.5104 −26.98 0.0090 18205.4781 −2.97
6 0 0 0 0 0 A1' s 3 3 18213.58 18187.1485 −26.43 0.0090 18189.0091 −1.86
6 0 0 0 0 0 A1' s 3 3 18214.51 18185.2380 −29.28 0.0100 18189.3351 −4.10
6 0 0 0 0 0 A1' s 6 6 18407.08 18382.0507 −25.03 0.0097 18381.8783 0.17
5 0 1 1 0 0  E' s 2 1 18184.35 18158.5039 −25.85 0.0002 18159.1471 −0.64
5 0 1 1 0 0  E' s 3 2 18229.36 18203.8817 −25.49 0.0080 18204.9315 −1.05
5 0 1 1 0 0  E' s 3 3 18214.47 18190.2721 −24.21 0.0021 18188.5726 1.70
5 0 1 1 0 0  E' s 4 1 18308.95 18281.0925 −27.86 0.0016 18284.2971 −3.20
5 0 1 1 0 0  E' s 4 4 18266.42 18239.5275 −26.90 0.0065 18240.9899 −1.46
5 0 1 1 0 0  E' s 5 4 18358.66 18336.4739 −22.19 0.0010 18333.4767 3.00
5 0 1 1 0 0  E' s 6 5 18441.80 18419.7385 −22.07 0.0078 18416.3563 3.38
5 0 1 1 0 0  E' s 6 6 18407.70 18381.9761 −25.73 0.0045 18381.1558 0.82
6 0 0 0 0 0 A2" a 2 0 18200.04 18174.5032 −25.54 0.0074 18172.9909 1.51
6 0 0 0 0 0 A2" a 3 2 18243.85 18216.6809 −27.18 0.0021 18218.1875 −1.50
6 0 0 0 0 0 A2" a 3 3 18226.94 18198.4299 −28.51 0.0064 18200.5128 −2.08
6 0 0 0 0 0 A2" a 4 0 18329.36 18303.4852 −25.88 0.0075 18303.4155 0.07
5 0 1 1 0 0  E" a 1 1 18140.65 18115.9028 −24.76 0.0078 18116.3720 −0.47
5 0 1 1 0 0  E" a 2 0 18180.53 18152.2634 −28.27 0.0109 18156.2881 −4.02
5 0 1 1 0 0  E" a 3 0 18255.15 18230.2401 −24.91 0.0074 18229.5317 0.71
5 0 1 1 0 0  E" a 3 1 18234.98 18209.6301 −25.35 0.0033 18209.6730 −0.04
5 0 1 1 0 0  E" a 4 1 18311.25 18286.2913 −24.97 0.0084 18286.6713 −0.38
5 0 1 1 0 0  E" a 4 2 18301.21 18275.2713 −25.95 0.0040 18274.3152 0.96
5 0 1 1 0 0  E" a 4 2 18317.32 18290.4768 −26.85 0.0010 18293.0889 −2.61
5 0 1 1 0 0  E" a 4 4 18259.61 18237.3512 −22.26 0.0003 18238.2487 −0.90
5 0 1 1 0 0  E" a 5 4 18352.29 18322.8273 −29.47 0.0020 18330.1106 −7.28
5 0 1 1 0 0  E" a 5 5 18324.25 18302.6365 −21.62 0.0117 18303.0127 −0.38
5 0 1 1 0 0  E" a 5 5 18344.33 18316.0527 −28.28 0.0027 18307.5629 8.49
5 0 1 1 0 0  E" a 6 6 18400.89 18373.0528 −27.84 0.0100 18380.3334 −7.28