15446.96660 0.024 0.024 4 0 1 0 1 0 1 1 s A2"   805 0 0 0 0 0 0 1 0 s A2' 1 18ZoCoOvKy.145
18102.89173 0.034 0.034 6 0 0 0 0 0 1 1 s A2"  1648 0 0 0 0 0 0 1 0 s A2' 1 18ZoCoOvKy.292
15403.03610 0.024 0.024 4 0 1 0 1 0 1 1 a A2'   917 0 0 0 0 0 0 2 0 a A2" 1  18ZoCoOvKy.85
15462.66090 0.024 0.024 4 0 1 0 1 0 1 1 a A2'   917 0 0 0 0 0 0 0 0 a A2" 1 18ZoCoOvKy.159
18053.35859 0.034 0.034 5 0 1 0 1 0 1 1 a A2'  1794 0 0 0 0 0 0 2 0 a A2" 1 18ZoCoOvKy.258
18112.98280 0.034 0.034 5 0 1 0 1 0 1 1 a A2'  1794 0 0 0 0 0 0 0 0 a A2" 1 18ZoCoOvKy.296
18116.69618 0.034 0.034 5 0 1 0 1 0 1 1 a A2'  1795 0 0 0 0 0 0 0 0 a A2" 1 18ZoCoOvKy.298
18057.08438 0.034 0.034 5 0 1 0 1 0 1 1 a A2'  1795 0 0 0 0 0 0 2 0 a A2" 1 18ZoCoOvKy.260
18122.15086 0.034 0.034 6 0 0 0 0 0 1 0 s A2'  1799 0 0 0 0 0 0 0 0 a A2" 1 18ZoCoOvKy.299
18122.95826 0.034 0.034 6 0 0 0 0 0 1 1 a A2'  1797 0 0 0 0 0 0 0 0 a A2" 1 18ZoCoOvKy.300
15421.72240 0.024 0.024 5 0 0 0 0 0 1 1 s  E"  1739 0 0 0 0 0 0 2 2 s  E' 1 18ZoCoOvKy.107
15421.72240 0.024 0.024 4 0 1 0 1 0 1 1 s  E"  1738 0 0 0 0 0 0 2 2 s  E' 1 18ZoCoOvKy.108
15449.55650 0.024 0.024 5 0 0 0 0 0 1 1 s  E"  1739 0 0 0 0 0 0 1 1 a  E' 1 18ZoCoOvKy.148
15449.55650 0.024 0.024 4 0 1 0 1 0 1 1 s  E"  1738 0 0 0 0 0 0 1 1 a  E' 1 18ZoCoOvKy.149
15410.28030 0.024 0.024 4 0 1 0 1 0 1 0 a  E"  1741 0 0 0 0 0 0 2 1 a  E' 2  18ZoCoOvKy.92
15450.03150 0.024 0.024 4 0 1 0 1 0 1 0 a  E"  1741 0 0 0 0 0 0 1 1 a  E' 1 18ZoCoOvKy.150
15453.75860 0.024 0.024 4 0 1 0 1 0 1 0 s  E'  1700 0 0 0 0 0 0 1 1 s  E" 1 18ZoCoOvKy.153
15413.99410 0.024 0.024 4 0 1 0 1 0 1 0 s  E'  1700 0 0 0 0 0 0 2 1 s  E" 2  18ZoCoOvKy.98
15471.21260 0.024 0.024 4 0 1 0 1 0 2 2 a A2"  1479 0 0 0 0 0 0 1 0 s A2' 1 18ZoCoOvKy.165
15404.44980 0.024 0.024 4 0 1 0 1 0 2 2 a A2"  1479 0 0 0 0 0 0 3 3 a A2' 1  18ZoCoOvKy.86
15482.53940 0.024 0.024 5 0 0 0 0 0 2 0 a A2"  1484 0 0 0 0 0 0 1 0 s A2' 1 18ZoCoOvKy.173
15482.53940 0.024 0.024 4 0 1 0 1 0 2 1 s A2"  1482 0 0 0 0 0 0 1 0 s A2' 1 18ZoCoOvKy.174
15383.19180 0.024 0.024 5 0 0 0 0 0 2 0 a A2"  1484 0 0 0 0 0 0 3 0 s A2' 2  18ZoCoOvKy.59
15383.19180 0.024 0.024 4 0 1 0 1 0 2 1 s A2"  1482 0 0 0 0 0 0 3 0 s A2' 2  18ZoCoOvKy.60
15415.78800 0.024 0.024 4 0 1 0 1 0 2 1 s A2"  1482 0 0 0 0 0 0 3 3 a A2' 1 18ZoCoOvKy.101
18138.61399 0.034 0.034 5 0 1 0 1 0 2 1 s A2"  2932 0 0 0 0 0 0 1 0 s A2' 1 18ZoCoOvKy.304
18039.26629 0.034 0.034 5 0 1 0 1 0 2 1 s A2"  2932 0 0 0 0 0 0 3 0 s A2' 2 18ZoCoOvKy.254
18071.84765 0.034 0.034 6 0 0 0 0 0 2 1 s A2"  2941 0 0 0 0 0 0 3 3 a A2' 1 18ZoCoOvKy.271
18077.75279 0.034 0.034 5 0 1 0 1 0 2 2 a A2"  2937 0 0 0 0 0 0 3 3 a A2' 1 18ZoCoOvKy.276
18144.52175 0.034 0.034 5 0 1 0 1 0 2 2 a A2"  2937 0 0 0 0 0 0 1 0 s A2' 1 18ZoCoOvKy.307
18153.82996 0.034 0.034 6 0 0 0 0 0 2 0 a A2"  2946 0 0 0 0 0 0 1 0 s A2' 1 18ZoCoOvKy.314
18054.53763 0.034 0.034 6 0 0 0 0 0 2 0 a A2"  2946 0 0 0 0 0 0 3 0 s A2' 2 18ZoCoOvKy.259
15408.27610 0.024 0.024 4 0 1 0 1 0 2 2 s A2'  1369 0 0 0 0 0 0 3 3 s A2" 1  18ZoCoOvKy.90
15439.77210 0.024 0.024 4 0 1 0 1 0 2 1 a A2'  1374 0 0 0 0 0 0 2 0 a A2" 1 18ZoCoOvKy.133
15440.93780 0.024 0.024 4 0 1 0 1 0 2 1 a A2'  1374 0 0 0 0 0 0 2 0 a A2" 1 18ZoCoOvKy.138
15415.50300 0.024 0.024 4 0 1 0 1 0 2 1 a A2'  1374 0 0 0 0 0 0 3 3 s A2" 1 18ZoCoOvKy.100
18064.50618 0.034 0.034 6 0 0 0 0 0 2 2 s A2'  2777 0 0 0 0 0 0 3 3 s A2" 1 18ZoCoOvKy.266
18089.95567 0.034 0.034 6 0 0 0 0 0 2 2 s A2'  2777 0 0 0 0 0 0 2 0 a A2" 1 18ZoCoOvKy.279
18097.11756 0.034 0.034 5 0 1 0 1 0 2 1 a A2'  2780 0 0 0 0 0 0 2 0 a A2" 1 18ZoCoOvKy.285
18071.67140 0.034 0.034 5 0 1 0 1 0 2 1 a A2'  2780 0 0 0 0 0 0 3 3 s A2" 1 18ZoCoOvKy.270