15446.9263 0.02 0.02 4 0 1 0 1 0 1 1 s A2"  805 0 0 0 0 0 0 1 0 s A2' 1   86CoLe.6 86CoLe  1-A2"-8051-A2'-1 15446.9666 0.0403
15402.9957 0.02 0.02 4 0 1 0 1 0 1 1 a A2'  917 0 0 0 0 0 0 2 0 a A2" 1  86CoLe.26 86CoLe  1-A2'-9172-A2"-1 15403.0361 0.0404
15462.6180 0.02 0.02 4 0 1 0 1 0 1 1 a A2'  917 0 0 0 0 0 0 0 0 a A2" 1   86CoLe.1 86CoLe  1-A2'-9170-A2"-1 15462.6609 0.0429
15421.6826 0.02 0.02 4 0 1 0 1 0 1 1 s  E" 1738 0 0 0 0 0 0 2 2 s  E' 1  86CoLe.52 86CoLe   1-E"-17382-E'-1 15421.7224 0.0398
15410.2410 0.02 0.02 4 0 1 0 1 0 1 0 a  E" 1741 0 0 0 0 0 0 2 1 a  E' 2  86CoLe.38 86CoLe   1-E"-17412-E'-2 15410.2803 0.0393
15449.9880 0.02 0.02 4 0 1 0 1 0 1 0 a  E" 1741 0 0 0 0 0 0 1 1 a  E' 1  86CoLe.15 86CoLe   1-E"-17411-E'-1 15450.0315 0.0435
15453.7170 0.02 0.02 4 0 1 0 1 0 1 0 s  E' 1700 0 0 0 0 0 0 1 1 s  E" 1  86CoLe.18 86CoLe   1-E'-17001-E"-1 15453.7586 0.0416
15413.9527 0.02 0.02 4 0 1 0 1 0 1 0 s  E' 1700 0 0 0 0 0 0 2 1 s  E" 2  86CoLe.40 86CoLe   1-E'-17002-E"-2 15413.9941 0.0414
15404.4064 0.02 0.02 4 0 1 0 1 0 2 2 a A2" 1479 0 0 0 0 0 0 3 3 a A2' 1 86CoLe.108 86CoLe 2-A2"-14793-A2'-1 15404.4498 0.0434
15482.4971 0.02 0.02 4 0 1 0 1 0 2 1 s A2" 1482 0 0 0 0 0 0 1 0 s A2' 1   86CoLe.8 86CoLe 2-A2"-14821-A2'-1 15482.5394 0.0423
15383.1510 0.02 0.02 4 0 1 0 1 0 2 1 s A2" 1482 0 0 0 0 0 0 3 0 s A2' 2  86CoLe.65 86CoLe 2-A2"-14823-A2'-2 15383.1918 0.0408
15408.2347 0.02 0.02 4 0 1 0 1 0 2 2 s A2' 1369 0 0 0 0 0 0 3 3 s A2" 1 86CoLe.109 86CoLe 2-A2'-13693-A2"-1 15408.2761 0.0414
15434.6374 0.02 0.02 4 0 1 0 1 0 2 2 a  E" 2838 0 0 0 0 0 0 2 1 a  E' 2  86CoLe.41 86CoLe   2-E"-28382-E'-2 15434.6814 0.0440
15474.3858 0.02 0.02 4 0 1 0 1 0 2 2 a  E" 2838 0 0 0 0 0 0 1 1 a  E' 1  86CoLe.19 86CoLe   2-E"-28381-E'-1 15474.4295 0.0437
15486.8545 0.02 0.02 4 0 1 0 1 0 2 0 a  E" 2852 0 0 0 0 0 0 1 1 a  E' 1  86CoLe.25 86CoLe   2-E"-28521-E'-1 15486.9003 0.0458
15387.5417 0.02 0.02 4 0 1 0 1 0 2 0 a  E" 2852 0 0 0 0 0 0 3 1 a  E' 2  86CoLe.74 86CoLe   2-E"-28523-E'-2 15387.5846 0.0429
15447.1130 0.02 0.02 4 0 1 0 1 0 2 0 a  E" 2852 0 0 0 0 0 0 2 1 a  E' 2  86CoLe.44 86CoLe   2-E"-28522-E'-2 15447.1539 0.0409
15477.7892 0.02 0.02 4 0 1 0 1 0 2 2 s  E' 2880 0 0 0 0 0 0 1 1 s  E" 1  86CoLe.21 86CoLe   2-E'-28801-E"-1 15477.8299 0.0407
15378.4289 0.02 0.02 4 0 1 0 1 0 2 2 s  E' 2880 0 0 0 0 0 0 3 1 s  E" 2  86CoLe.71 86CoLe   2-E'-28803-E"-2 15378.4657 0.0368
15455.5781 0.02 0.02 5 0 0 0 0 0 2 1 s  E' 2888 0 0 0 0 0 0 2 2 a  E" 1  86CoLe.56 86CoLe   2-E'-28882-E"-1 15455.6214 0.0433
15395.9825 0.02 0.02 5 0 0 0 0 0 2 1 s  E' 2888 0 0 0 0 0 0 3 2 a  E" 1  86CoLe.87 86CoLe   2-E'-28883-E"-1 15396.0258 0.0433
15367.3569 0.02 0.02 5 0 0 0 0 0 3 3 s A2" 1946 0 0 0 0 0 0 4 3 a A2' 1 86CoLe.157 86CoLe 3-A2"-19464-A2'-1 15367.4013 0.0444
15446.7880 0.02 0.02 5 0 0 0 0 0 3 3 s A2" 1946 0 0 0 0 0 0 3 3 a A2' 1 86CoLe.110 86CoLe 3-A2"-19463-A2'-1 15446.8306 0.0426
15459.7797 0.02 0.02 4 0 1 0 1 0 3 2 a A2" 1954 0 0 0 0 0 0 3 3 a A2' 1 86CoLe.113 86CoLe 3-A2"-19543-A2'-1 15459.8234 0.0437
15459.7797 0.02 0.02 4 0 1 0 1 0 3 2 a A2" 1954 0 0 0 0 0 0 3 3 a A2' 1 86CoLe.113 86CoLe 3-A2"-19543-A2'-1 15459.8234 0.0437
15380.3504 0.02 0.02 4 0 1 0 1 0 3 2 a A2" 1954 0 0 0 0 0 0 4 3 a A2' 1 86CoLe.160 86CoLe 3-A2"-19544-A2'-1 15380.3930 0.0426
15380.3504 0.02 0.02 4 0 1 0 1 0 3 2 a A2" 1954 0 0 0 0 0 0 4 3 a A2' 1 86CoLe.160 86CoLe 3-A2"-19544-A2'-1 15380.3930 0.0426
15444.5607 0.02 0.02 5 0 0 0 0 0 3 3 a A2' 2055 0 0 0 0 0 0 3 3 s A2" 1 86CoLe.112 86CoLe 3-A2'-20553-A2"-1 15444.6037 0.0430
15365.0916 0.02 0.02 5 0 0 0 0 0 3 3 a A2' 2055 0 0 0 0 0 0 4 3 s A2" 1 86CoLe.159 86CoLe 3-A2'-20554-A2"-1 15365.1329 0.0413
15462.8467 0.02 0.02 4 0 1 0 1 0 3 2 s A2' 2060 0 0 0 0 0 0 3 3 s A2" 1 86CoLe.115 86CoLe 3-A2'-20603-A2"-1 15462.8886 0.0419
15383.3808 0.02 0.02 4 0 1 0 1 0 3 2 s A2' 2060 0 0 0 0 0 0 4 3 s A2" 1 86CoLe.162 86CoLe 3-A2'-20604-A2"-1 15383.4206 0.0398
15493.3511 0.02 0.02 4 0 1 0 1 0 3 1 a A2' 2067 0 0 0 0 0 0 2 0 a A2" 1  86CoLe.32 86CoLe 3-A2'-20672-A2"-1 15493.3934 0.0423
15501.5260 0.02 0.02 5 0 0 0 0 0 3 0 s A2' 2070 0 0 0 0 0 0 2 0 a A2" 1  86CoLe.34 86CoLe 3-A2'-20702-A2"-1 15501.5682 0.0422
15489.1266 0.02 0.02 4 0 1 0 1 0 3 3 s  E" 4006 0 0 0 0 0 0 2 2 s  E' 1  86CoLe.60 86CoLe   3-E"-40062-E'-1 15489.1677 0.0411
15429.5036 0.02 0.02 4 0 1 0 1 0 3 3 s  E" 4006 0 0 0 0 0 0 3 2 s  E' 1  86CoLe.90 86CoLe   3-E"-40063-E'-1 15429.5428 0.0392
15350.0969 0.02 0.02 4 0 1 0 1 0 3 3 s  E" 4006 0 0 0 0 0 0 4 2 s  E' 2 86CoLe.142 86CoLe   3-E"-40064-E'-2 15350.1346 0.0377
15430.2494 0.02 0.02 4 0 1 0 1 0 3 2 a  E" 4021 0 0 0 0 0 0 3 1 a  E' 2  86CoLe.75 86CoLe   3-E"-40213-E'-2 15430.2921 0.0427
15489.8186 0.02 0.02 4 0 1 0 1 0 3 2 a  E" 4021 0 0 0 0 0 0 2 1 a  E' 2  86CoLe.45 86CoLe   3-E"-40212-E'-2 15489.8621 0.0435
15443.7120 0.02 0.02 4 0 1 0 1 0 3 0 s  E" 4042 0 0 0 0 0 0 3 1 a  E' 2  86CoLe.79 86CoLe   3-E"-40423-E'-2 15443.7541 0.0421
15346.5938 0.02 0.02 4 0 1 0 1 0 3 3 a  E' 3967 0 0 0 0 0 0 4 2 a  E" 2 86CoLe.140 86CoLe   3-E'-39674-E"-2 15346.6414 0.0476
15485.5605 0.02 0.02 4 0 1 0 1 0 3 3 a  E' 3967 0 0 0 0 0 0 2 2 a  E" 1  86CoLe.57 86CoLe   3-E'-39672-E"-1 15485.6044 0.0439
15425.9647 0.02 0.02 4 0 1 0 1 0 3 3 a  E' 3967 0 0 0 0 0 0 3 2 a  E" 1  86CoLe.88 86CoLe   3-E'-39673-E"-1 15426.0086 0.0439
15493.4822 0.02 0.02 4 0 1 0 1 0 3 2 s  E' 3980 0 0 0 0 0 0 2 1 s  E" 2  86CoLe.46 86CoLe   3-E'-39802-E"-2 15493.5229 0.0407
15433.8846 0.02 0.02 4 0 1 0 1 0 3 2 s  E' 3980 0 0 0 0 0 0 3 1 s  E" 2  86CoLe.76 86CoLe   3-E'-39803-E"-2 15433.9269 0.0423
15446.5737 0.02 0.02 4 0 1 0 1 0 3 0 s  E' 3997 0 0 0 0 0 0 3 1 s  E" 2  86CoLe.80 86CoLe   3-E'-39973-E"-2 15446.6156 0.0419
15506.1773 0.02 0.02 4 0 1 0 1 0 3 0 s  E' 3997 0 0 0 0 0 0 2 1 s  E" 2  86CoLe.50 86CoLe   3-E'-39972-E"-2 15506.2151 0.0378
15417.4594 0.02 0.02 4 0 1 0 1 0 4 4 a A2" 2607 0 0 0 0 0 0 4 3 a A2' 1 86CoLe.164 86CoLe 4-A2"-26074-A2'-1 15417.5046 0.0452
15496.8896 0.02 0.02 4 0 1 0 1 0 4 4 a A2" 2607 0 0 0 0 0 0 3 3 a A2' 1 86CoLe.117 86CoLe 4-A2"-26073-A2'-1 15496.9337 0.0441
15318.3226 0.02 0.02 4 0 1 0 1 0 4 4 a A2" 2607 0 0 0 0 0 0 5 3 a A2' 1 86CoLe.210 86CoLe 4-A2"-26075-A2'-1 15318.3577 0.0351
15519.1547 0.02 0.02 5 0 0 0 0 0 4 3 s A2" 2621 0 0 0 0 0 0 3 3 a A2' 1 86CoLe.122 86CoLe 4-A2"-26213-A2'-1 15519.1990 0.0443
15340.5895 0.02 0.02 5 0 0 0 0 0 4 3 s A2" 2621 0 0 0 0 0 0 5 3 a A2' 1 86CoLe.213 86CoLe 4-A2"-26215-A2'-1 15340.6296 0.0401
15439.7296 0.02 0.02 5 0 0 0 0 0 4 3 s A2" 2621 0 0 0 0 0 0 4 3 a A2' 1 86CoLe.167 86CoLe 4-A2"-26214-A2'-1 15439.7721 0.0425
15353.4099 0.02 0.02 4 0 1 0 1 0 4 2 a A2" 2631 0 0 0 0 0 0 5 3 a A2' 1 86CoLe.216 86CoLe 4-A2"-26315-A2'-1 15353.4526 0.0427
15452.5499 0.02 0.02 4 0 1 0 1 0 4 2 a A2" 2631 0 0 0 0 0 0 4 3 a A2' 1 86CoLe.170 86CoLe 4-A2"-26314-A2'-1 15452.5923 0.0424
15508.3310 0.02 0.02 4 0 1 0 1 0 4 0 s A2" 2637 0 0 0 0 0 0 3 0 s A2' 2  86CoLe.69 86CoLe 4-A2"-26373-A2'-2 15508.3731 0.0421
15329.9274 0.02 0.02 4 0 1 0 1 0 4 0 s A2" 2637 0 0 0 0 0 0 5 0 s A2' 2 86CoLe.196 86CoLe 4-A2"-26375-A2'-2 15329.9693 0.0419
15514.5090 0.02 0.02 5 0 0 0 0 0 4 1 a A2" 2641 0 0 0 0 0 0 3 0 s A2' 2  86CoLe.68 86CoLe 4-A2"-26413-A2'-2 15514.5512 0.0422
15336.1062 0.02 0.02 5 0 0 0 0 0 4 1 a A2" 2641 0 0 0 0 0 0 5 0 s A2' 2 86CoLe.195 86CoLe 4-A2"-26415-A2'-2 15336.1459 0.0397
15420.2888 0.02 0.02 4 0 1 0 1 0 4 4 s A2' 2499 0 0 0 0 0 0 4 3 s A2" 1 86CoLe.166 86CoLe 4-A2'-24994-A2"-1 15420.3294 0.0406
15499.7588 0.02 0.02 4 0 1 0 1 0 4 4 s A2' 2499 0 0 0 0 0 0 3 3 s A2" 1 86CoLe.120 86CoLe 4-A2'-24993-A2"-1 15499.7995 0.0407
15515.5150 0.02 0.02 5 0 0 0 0 0 4 3 a A2' 2514 0 0 0 0 0 0 3 3 s A2" 1 86CoLe.123 86CoLe 4-A2'-25143-A2"-1 15515.5570 0.0420
15436.0463 0.02 0.02 5 0 0 0 0 0 4 3 a A2' 2514 0 0 0 0 0 0 4 3 s A2" 1 86CoLe.168 86CoLe 4-A2'-25144-A2"-1 15436.0881 0.0418
15457.7650 0.02 0.02 4 0 1 0 1 0 4 2 s A2' 2524 0 0 0 0 0 0 4 3 s A2" 1 86CoLe.173 86CoLe 4-A2'-25244-A2"-1 15457.8066 0.0416
15358.5799 0.02 0.02 4 0 1 0 1 0 4 2 s A2' 2524 0 0 0 0 0 0 5 3 s A2" 1 86CoLe.218 86CoLe 4-A2'-25245-A2"-1 15358.6218 0.0419
15376.5550 0.02 0.02 5 0 0 0 0 0 4 4 a  E" 5094 0 0 0 0 0 0 5 5 a  E' 1 86CoLe.239 86CoLe   4-E"-50945-E'-1 15376.5951 0.0401
15467.5863 0.02 0.02 4 0 1 0 1 0 4 3 s  E" 5115 0 0 0 0 0 0 4 4 s  E' 1 86CoLe.191 86CoLe   4-E"-51154-E'-1 15467.6293 0.0430
15368.2929 0.02 0.02 4 0 1 0 1 0 4 3 s  E" 5115 0 0 0 0 0 0 5 4 s  E' 2 86CoLe.232 86CoLe   4-E"-51155-E'-2 15368.3334 0.0405
15502.5237 0.02 0.02 4 0 1 0 1 0 4 3 s  E" 5115 0 0 0 0 0 0 3 2 s  E' 1 86CoLe.102 86CoLe   4-E"-51153-E'-1 15502.5641 0.0404
15324.6200 0.02 0.02 4 0 1 0 1 0 4 3 s  E" 5116 0 0 0 0 0 0 5 2 s  E' 3 86CoLe.204 86CoLe   4-E"-51165-E'-3 15324.6626 0.0426
15503.1353 0.02 0.02 4 0 1 0 1 0 4 3 s  E" 5116 0 0 0 0 0 0 3 2 s  E' 1 86CoLe.103 86CoLe   4-E"-51163-E'-1 15503.1765 0.0412
15423.7288 0.02 0.02 4 0 1 0 1 0 4 3 s  E" 5116 0 0 0 0 0 0 4 2 s  E' 2 86CoLe.152 86CoLe   4-E"-51164-E'-2 15423.7701 0.0413
15423.5505 0.02 0.02 4 0 1 0 1 0 4 2 a  E" 5136 0 0 0 0 0 0 4 1 a  E' 3 86CoLe.137 86CoLe   4-E"-51364-E'-3 15423.5915 0.0410
15502.8848 0.02 0.02 4 0 1 0 1 0 4 2 a  E" 5136 0 0 0 0 0 0 3 1 a  E' 2  86CoLe.81 86CoLe   4-E"-51363-E'-2 15502.9270 0.0422
15364.5003 0.02 0.02 4 0 1 0 1 0 4 3 a  E' 5156 0 0 0 0 0 0 5 4 a  E" 2 86CoLe.230 86CoLe   4-E'-51565-E"-2 15364.5434 0.0431
15498.7250 0.02 0.02 4 0 1 0 1 0 4 3 a  E' 5156 0 0 0 0 0 0 3 2 a  E" 1  86CoLe.97 86CoLe   4-E'-51563-E"-1 15498.7680 0.0430
15463.7458 0.02 0.02 4 0 1 0 1 0 4 3 a  E' 5156 0 0 0 0 0 0 4 4 a  E" 1 86CoLe.189 86CoLe   4-E'-51564-E"-1 15463.7947 0.0489
15320.2949 0.02 0.02 4 0 1 0 1 0 4 3 a  E' 5156 0 0 0 0 0 0 5 2 a  E" 3 86CoLe.202 86CoLe   4-E'-51565-E"-3 15320.3355 0.0406
15419.3600 0.02 0.02 4 0 1 0 1 0 4 3 a  E' 5156 0 0 0 0 0 0 4 2 a  E" 2 86CoLe.149 86CoLe   4-E'-51564-E"-2 15419.3998 0.0398
15427.5065 0.02 0.02 4 0 1 0 1 0 4 2 s  E' 5179 0 0 0 0 0 0 4 1 s  E" 3 86CoLe.138 86CoLe   4-E'-51794-E"-3 15427.5467 0.0402
15328.4458 0.02 0.02 4 0 1 0 1 0 4 2 s  E' 5179 0 0 0 0 0 0 5 1 s  E" 4 86CoLe.200 86CoLe   4-E'-51795-E"-4 15328.4869 0.0411
15506.8784 0.02 0.02 4 0 1 0 1 0 4 2 s  E' 5179 0 0 0 0 0 0 3 1 s  E" 2  86CoLe.82 86CoLe   4-E'-51793-E"-2 15506.9190 0.0406
15366.1108 0.02 0.02 4 0 1 0 1 0 5 5 s A2" 3055 0 0 0 0 0 0 6 6 s A2' 1 86CoLe.288 86CoLe 5-A2"-30556-A2'-1 15366.1532 0.0424
15508.2030 0.02 0.02 4 0 1 0 1 0 5 4 a A2" 3078 0 0 0 0 0 0 4 3 a A2' 1 86CoLe.174 86CoLe 5-A2"-30784-A2'-1 15508.2460 0.0430
15290.3152 0.02 0.02 4 0 1 0 1 0 5 4 a A2" 3078 0 0 0 0 0 0 6 3 a A2' 2 86CoLe.259 86CoLe 5-A2"-30786-A2'-2 15290.3579 0.0427
15531.3630 0.02 0.02 5 0 0 0 0 0 5 3 s A2" 3093 0 0 0 0 0 0 4 3 a A2' 1 86CoLe.179 86CoLe 5-A2"-30934-A2'-1 15531.4060 0.0430
15432.2253 0.02 0.02 5 0 0 0 0 0 5 3 s A2" 3093 0 0 0 0 0 0 5 3 a A2' 1 86CoLe.223 86CoLe 5-A2"-30935-A2'-1 15432.2595 0.0342
15362.0045 0.02 0.02 4 0 1 0 1 0 5 5 a A2' 3162 0 0 0 0 0 0 6 6 a A2" 1 86CoLe.286 86CoLe 5-A2'-31626-A2"-1 15362.0473 0.0428
15294.6621 0.02 0.02 4 0 1 0 1 0 5 4 s A2' 3181 0 0 0 0 0 0 6 3 s A2" 2 86CoLe.260 86CoLe 5-A2'-31816-A2"-2 15294.7040 0.0419
15413.4654 0.02 0.02 4 0 1 0 1 0 5 4 s A2' 3181 0 0 0 0 0 0 5 3 s A2" 1 86CoLe.222 86CoLe 5-A2'-31815-A2"-1 15413.5077 0.0423
15512.6524 0.02 0.02 4 0 1 0 1 0 5 4 s A2' 3181 0 0 0 0 0 0 4 3 s A2" 1 86CoLe.177 86CoLe 5-A2'-31814-A2"-1 15512.6934 0.0410
15310.7029 0.02 0.02 5 0 0 0 0 0 5 3 a A2' 3202 0 0 0 0 0 0 6 3 s A2" 2 86CoLe.263 86CoLe 5-A2'-32026-A2"-2 15310.7487 0.0458
15528.6962 0.02 0.02 5 0 0 0 0 0 5 3 a A2' 3202 0 0 0 0 0 0 4 3 s A2" 1 86CoLe.180 86CoLe 5-A2'-32024-A2"-1 15528.7379 0.0417
15300.1462 0.02 0.02 4 0 1 0 1 0 5 1 a A2' 3216 0 0 0 0 0 0 6 0 a A2" 3 86CoLe.254 86CoLe 5-A2'-32166-A2"-3 15300.1870 0.0408
15510.3190 0.02 0.02 4 0 1 0 1 0 5 5 s  E" 6244 0 0 0 0 0 0 4 4 s  E' 1 86CoLe.193 86CoLe   5-E"-62444-E'-1 15510.3625 0.0435
15468.2353 0.02 0.02 4 0 1 0 1 0 5 4 a  E" 6280 0 0 0 0 0 0 5 5 a  E' 1 86CoLe.244 86CoLe   5-E"-62805-E'-1 15468.2808 0.0455
15349.2030 0.02 0.02 4 0 1 0 1 0 5 4 a  E" 6280 0 0 0 0 0 0 6 5 a  E' 1 86CoLe.275 86CoLe   5-E"-62806-E'-1 15349.2456 0.0426
15506.4178 0.02 0.02 4 0 1 0 1 0 5 5 a  E' 6202 0 0 0 0 0 0 4 4 a  E" 1 86CoLe.192 86CoLe   5-E'-62024-E"-1 15506.4610 0.0432
15407.1790 0.02 0.02 4 0 1 0 1 0 5 5 a  E' 6202 0 0 0 0 0 0 5 4 a  E" 2 86CoLe.233 86CoLe   5-E'-62025-E"-2 15407.2203 0.0413
15292.4646 0.02 0.02 4 0 1 0 1 0 5 3 a  E' 6271 0 0 0 0 0 0 6 2 a  E" 3 86CoLe.256 86CoLe   5-E'-62716-E"-3 15292.5104 0.0458
15411.1307 0.02 0.02 4 0 1 0 1 0 5 3 a  E' 6271 0 0 0 0 0 0 5 2 a  E" 3 86CoLe.205 86CoLe   5-E'-62715-E"-3 15411.1731 0.0424
15510.1950 0.02 0.02 4 0 1 0 1 0 5 3 a  E' 6271 0 0 0 0 0 0 4 2 a  E" 2 86CoLe.155 86CoLe   5-E'-62714-E"-2 15510.2368 0.0418
15336.7060 0.02 0.02 4 0 1 0 1 0 6 5 s A2" 3736 0 0 0 0 0 0 7 6 s A2' 1 86CoLe.315 86CoLe 6-A2"-37367-A2'-1 15336.7475 0.0415
15475.5943 0.02 0.02 4 0 1 0 1 0 6 5 s A2" 3736 0 0 0 0 0 0 6 6 s A2' 1 86CoLe.294 86CoLe 6-A2"-37366-A2'-1 15475.6319 0.0376
15398.4428 0.02 0.02 4 0 1 0 1 0 6 4 a A2" 3761 0 0 0 0 0 0 6 3 a A2' 2 86CoLe.264 86CoLe 6-A2"-37616-A2'-2 15398.4846 0.0418
15260.2009 0.02 0.02 4 0 1 0 1 0 6 4 a A2" 3761 0 0 0 0 0 0 7 3 a A2' 2 86CoLe.303 86CoLe 6-A2"-37617-A2'-2 15260.2364 0.0355
15541.0300 0.02 0.02 5 0 0 0 0 0 6 3 s A2" 3781 0 0 0 0 0 0 5 3 a A2' 1 86CoLe.228 86CoLe 6-A2"-37815-A2'-1 15541.0764 0.0464
15422.2829 0.02 0.02 5 0 0 0 0 0 6 3 s A2" 3781 0 0 0 0 0 0 6 3 a A2' 2 86CoLe.268 86CoLe 6-A2"-37816-A2'-2 15422.3194 0.0365
15401.4862 0.02 0.02 4 0 1 0 1 0 6 5 s  E" 7340 0 0 0 0 0 0 6 4 s  E' 2 86CoLe.273 86CoLe   6-E"-73406-E'-2 15401.5294 0.0432
15520.4183 0.02 0.02 4 0 1 0 1 0 6 5 s  E" 7340 0 0 0 0 0 0 5 4 s  E' 2 86CoLe.238 86CoLe   6-E"-73405-E'-2 15520.4609 0.0426
15400.9777 0.02 0.02 4 0 1 0 1 0 6 6 s  E' 7327 0 0 0 0 0 0 6 5 s  E" 1 86CoLe.278 86CoLe   6-E'-73276-E"-1 15401.0178 0.0401
15520.0786 0.02 0.02 4 0 1 0 1 0 6 6 s  E' 7327 0 0 0 0 0 0 5 5 s  E" 1 86CoLe.249 86CoLe   6-E'-73275-E"-1 15520.1201 0.0415
15516.6653 0.02 0.02 4 0 1 0 1 0 6 5 a  E' 7386 0 0 0 0 0 0 5 4 a  E" 2 86CoLe.237 86CoLe   6-E'-73865-E"-2 15516.7091 0.0438
15397.7975 0.02 0.02 4 0 1 0 1 0 6 5 a  E' 7386 0 0 0 0 0 0 6 4 a  E" 2 86CoLe.272 86CoLe   6-E'-73866-E"-2 15397.8373 0.0398
15390.7649 0.02 0.02 4 0 1 0 1 0 7 7 s A2" 4141 0 0 0 0 0 0 7 6 s A2' 1 86CoLe.316 86CoLe 7-A2"-41417-A2'-1 15390.8099 0.0450
15390.7649 0.02 0.02 4 0 1 0 1 0 7 7 s A2" 4141 0 0 0 0 0 0 7 6 s A2' 1 86CoLe.316 86CoLe 7-A2"-41417-A2'-1 15390.8099 0.0450
15529.6611 0.02 0.02 4 0 1 0 1 0 7 7 s A2" 4141 0 0 0 0 0 0 6 6 s A2' 1 86CoLe.296 86CoLe 7-A2"-41416-A2'-1 15529.7030 0.0419
15529.6611 0.02 0.02 4 0 1 0 1 0 7 7 s A2" 4141 0 0 0 0 0 0 6 6 s A2' 1 86CoLe.296 86CoLe 7-A2"-41416-A2'-1 15529.7030 0.0419
15526.5206 0.02 0.02 4 0 1 0 1 0 7 7 a A2' 4247 0 0 0 0 0 0 6 6 a A2" 1 86CoLe.295 86CoLe 7-A2'-42476-A2"-1 15526.5648 0.0442
15526.0547 0.02 0.02 4 0 1 0 1 0 7 6 a  E" 8481 0 0 0 0 0 0 6 5 a  E' 1 86CoLe.283 86CoLe   7-E"-84816-E'-1 15526.0983 0.0436
15529.0587 0.02 0.02 5 0 0 0 0 0 7 6 s  E' 8434 0 0 0 0 0 0 6 5 s  E" 1 86CoLe.284 86CoLe   7-E'-84346-E"-1 15529.1021 0.0434