15259.395000   0.020000  12 13 11 12 11 12 6 5 0 E' A1' E'       0 0 0 0 0 0 7 4 1 E' A2" E"             86CoLe.310
15260.200900   0.020000  14 10 11 10 10 10 6 4 0 A2" A1' A2"     0 0 0 0 0 0 7 3 1 A1" A2" A2'           86CoLe.303
15261.684500   0.020000  12 13 11 12 11 12 6 4 0 A2" A1' A2"     0 0 0 0 0 0 7 3 1 A1" A2" A2'           86CoLe.304
15263.827600   0.020000  14 10 11 10 10 10 6 4 1 A2' A1' A2'     0 0 0 0 0 0 7 3 0 A2" A1' A2"           86CoLe.305
15265.569400   0.020000  12 13 11 12 11 12 6 4 1 A2' A1' A2'     0 0 0 0 0 0 7 3 0 A2" A1' A2"           86CoLe.306
15267.153300   0.020000  14 10 11 10 10 10 6 3 1 E" A1' E"       0 0 0 0 0 0 7 2 0 E' A1' E'             86CoLe.301
15275.313300   0.020000  14 10 11 10 10 10 6 0 1 A2" A1' A2"     0 0 0 0 0 0 7 0 0 A2' A1' A2'           86CoLe.300
15282.249400   0.020000  14 10 11 10 10 10 6 1 1 A2" A1' A2"     0 0 0 0 0 0 7 0 0 A2' A1' A2'           86CoLe.299
15283.128600   0.020000  14 10 11 10 10 10 6 2 0 E' A1' E'       0 0 0 0 0 0 7 2 1 E' A2" E"             86CoLe.302
15284.028800   0.020000  14 10 11 10 10 10 6 3 0 A2" A1' A2"     0 0 0 0 0 0 7 3 1 A1" A2" A2'           86CoLe.307
15290.315200   0.020000  10 13 10 18 10 16 5 4 0 A2" A1' A2"     0 0 0 0 0 0 6 3 1 A1" A2" A2'           86CoLe.259
15291.715300   0.020000  12 13 11 12 11 12 6 1 1 E' A1' E'       0 0 0 0 0 0 7 1 0 E" A1' E"             86CoLe.312
15292.464600   0.020000  14 10 11 10 10 10 5 3 0 E' A1' E'       0 0 0 0 0 0 6 2 1 E' A2" E"             86CoLe.256
15294.662100   0.020000  10 13 10 18 10 16 5 4 1 A2' A1' A2'     0 0 0 0 0 0 6 3 0 A2" A1' A2"           86CoLe.260
15299.967000   0.020000  12 11 11 13 11 11 5 1 0 A2' A1' A2'     0 0 0 0 0 0 6 0 1 A1' A2" A2"           86CoLe.253
15300.146200   0.020000  10 13 10 18 10 16 5 1 0 A2' A1' A2'     0 0 0 0 0 0 6 0 1 A1' A2" A2"           86CoLe.254
-15304.588000  0.020000  14 10 11 10 10 10 5 0 0 A2' A1' A2'     0 0 0 0 0 0 6 0 1 A1' A2" A2"           86CoLe.255
15310.702900   0.020000  10 13 10 18 10 16 5 3 1 A2' A1' A2'     0 0 0 0 0 0 6 3 0 A2" A1' A2"           86CoLe.263
15311.063900   0.020000  12 13 11 12 11 12 6 3 1 E" A1' E"       0 0 0 0 0 0 7 4 0 E' A1' E'             86CoLe.311
15311.495900   0.020000  14 10 11 10 10 10 5 2 0 E' A1' E'       0 0 0 0 0 0 6 2 1 E' A2" E"             86CoLe.257
15312.814500   0.020000  12 11 11 13 11 11 5 3 0 A2" A1' A2"     0 0 0 0 0 0 6 3 1 A1" A2" A2'           86CoLe.261
15313.472000   0.020000  12 13 11 12 11 12 5 3 0 A2" A1' A2"     0 0 0 0 0 0 6 3 1 A1" A2" A2'           86CoLe.262
15315.934000   0.020000  14 10 11 10 10 10 4 4 0 A2" A1' A2"     0 0 0 0 0 0 5 3 1 A1" A2" A2'           86CoLe.209
15315.934000   0.020000  14 10 11 10 10 10 4 4 0 A2" A1' A2"     0 0 0 0 0 0 5 3 1 A1" A2" A2'           86CoLe.208
15318.570700   0.020000  12 11 11 13 11 11 4 4 0 A2" A1' A2"     0 0 0 0 0 0 5 3 1 A1" A2" A2'           86CoLe.211
15318.322600   0.020000  12 13 11 12 11 12 4 4 0 A2" A1' A2"     0 0 0 0 0 0 5 3 1 A1" A2" A2'           86CoLe.210
15320.455000   0.020000  12 13 11 12 11 12 4 3 0 E' A1' E'       0 0 0 0 0 0 5 2 1 E' A2" E"             86CoLe.203
15320.294900   0.020000  14 10 11 10 10 10 4 3 0 E' A1' E'       0 0 0 0 0 0 5 2 1 E' A2" E"             86CoLe.202
15321.100900   0.020000  12 13 11 12 11 12 4 4 1 A2' A1' A2'     0 0 0 0 0 0 5 3 0 A2" A1' A2"           86CoLe.212
15324.620000   0.020000  12 11 11 13 11 11 4 3 1 E" A1' E"       0 0 0 0 0 0 5 2 0 E' A1' E'             86CoLe.204
15324.529000   0.020000  14 10 11 10 10 10 4 2 0 E" A1' E"       0 0 0 0 0 0 5 1 1 E" A2" E'             86CoLe.199
15328.445800   0.020000  14 10 11 10 10 10 4 2 1 E' A1' E'       0 0 0 0 0 0 5 1 0 E" A1' E"             86CoLe.200
15329.215000   0.020000  14 10 11 10 10 10 5 2 1 E' A1' E'       0 0 0 0 0 0 4 2 1 E' A2" E"             86CoLe.156
15329.927400   0.020000  14 10 11 10 10 10 4 0 1 A2" A1' A2"     0 0 0 0 0 0 5 0 0 A2' A1' A2'           86CoLe.196
15333.898000   0.020000  10 13 10 18 10 16 6 5 0 A2' A1' A2'     0 0 0 0 0 0 7 6 1 A1' A2" A2"           86CoLe.314
15336.849900   0.020000  11 13 11 14 11 14 4 3 1 A2' A1' A2'     0 0 0 0 0 0 5 3 0 A2" A1' A2"           86CoLe.214
15336.706000   0.020000  12 11 11 13 11 11 6 5 1 A2" A1' A2"     0 0 0 0 0 0 7 6 0 A2' A1' A2'           86CoLe.315
15336.106200   0.020000  14 10 11 10 10 10 4 1 1 A2" A1' A2"     0 0 0 0 0 0 5 0 0 A2' A1' A2'           86CoLe.195
15340.278500   0.020000  11 11 11 15 11 11 4 3 1 A2' A1' A2'     0 0 0 0 0 0 5 3 0 A2" A1' A2"           86CoLe.215
15340.589500   0.020000  11 13 11 14 11 14 4 3 0 A2" A1' A2"     0 0 0 0 0 0 5 3 1 A1" A2" A2'           86CoLe.213
15342.367200   0.020000  12 13 11 12 11 12 4 0 1 E' A1' E'       0 0 0 0 0 0 5 1 0 E" A1' E"             86CoLe.201
15343.630100   0.020000  11 11 11 15 11 11 4 4 1 E" A1' E"       0 0 0 0 0 0 5 4 0 E' A1' E'             86CoLe.229
15346.593800   0.020000  11 13 11 14 11 14 3 3 1 E' A1' E'       0 0 0 0 0 0 4 2 1 E' A2" E"             86CoLe.140
15349.203000   0.020000  12 11 11 13 11 11 5 4 0 E" A1' E"       0 0 0 0 0 0 6 5 1 E" A2" E'             86CoLe.275
15349.868800   0.020000  14 10 11 10 10 10 3 3 1 E" A1' E"       0 0 0 0 0 0 4 2 0 E' A1' E'             86CoLe.141
15350.096900   0.020000  12 13 11 12 11 12 3 3 1 E" A1' E"       0 0 0 0 0 0 4 2 0 E' A1' E'             86CoLe.142
15350.716700   0.020000  11 13 11 14 11 14 3 2 0 E" A1' E"       0 0 0 0 0 0 4 1 1 E" A2" E'             86CoLe.133
15350.288800   0.020000  12 11 11 13 11 11 3 3 1 E" A1' E"       0 0 0 0 0 0 4 2 0 E' A1' E'             86CoLe.143
15352.997900   0.020000  11 13 11 14 11 14 5 4 1 E' A1' E'       0 0 0 0 0 0 6 5 0 E" A1' E"             86CoLe.276
15353.409900   0.020000  10 13 10 18 10 16 4 2 0 A2" A1' A2"     0 0 0 0 0 0 5 3 1 A1" A2" A2'           86CoLe.216
15354.703000   0.020000  11 13 10 16 10 10 3 1 0 A2' A1' A2'     0 0 0 0 0 0 4 0 1 A1' A2" A2"           86CoLe.125
15357.174600   0.020000  12 13 12 10 10 10 4 2 1 A2' A1' A2'     0 0 0 0 0 0 5 3 0 A2" A1' A2"           86CoLe.217
15358.579900   0.020000  10 18 12 10 10 10 4 2 1 A2' A1' A2'     0 0 0 0 0 0 5 3 0 A2" A1' A2"           86CoLe.218
15360.530100   0.020000  14 10 11 10 10 10 3 0 0 A2' A1' A2'     0 0 0 0 0 0 4 0 1 A1' A2" A2"           86CoLe.126
15361.011900   0.020000  12 11 11 13 11 11 3 2 1 E" A1' E"       0 0 0 0 0 0 4 2 0 E' A1' E'             86CoLe.145
15362.004500   0.020000  12 11 11 13 11 11 5 5 0 A2' A1' A2'     0 0 0 0 0 0 6 6 1 A1' A2" A2"           86CoLe.286
15362.545800   0.020000  11 13 11 14 11 14 3 0 0 A2' A1' A2'     0 0 0 0 0 0 4 0 1 A1' A2" A2"           86CoLe.127
15363.704800   0.020000  11 13 10 16 10 10 3 0 0 E" A1' E"       0 0 0 0 0 0 4 1 1 E" A2" E'             86CoLe.134
15363.405400   0.020000  11 13 11 14 11 14 3 2 1 E' A1' E'       0 0 0 0 0 0 4 2 1 E' A2" E"             86CoLe.144
15364.579100   0.020000  12 13 12 10 10 10 3 0 0 E" A1' E"       0 0 0 0 0 0 4 1 1 E" A2" E'             86CoLe.135
15364.951500   0.020000  12 11 11 13 11 11 4 3 0 E' A1' E'       0 0 0 0 0 0 5 4 1 E' A2" E"             86CoLe.231
15364.500300   0.020000  14 10 11 10 10 10 4 3 0 E' A1' E'       0 0 0 0 0 0 5 4 1 E' A2" E"             86CoLe.230
15364.980000   0.020000  11 13 11 14 11 14 5 5 1 A2" A1' A2"     0 0 0 0 0 0 6 6 0 A2' A1' A2'           86CoLe.287
15365.091600   0.020000  10 13 10 18 10 16 3 3 1 A2' A1' A2'     0 0 0 0 0 0 4 3 0 A2" A1' A2"           86CoLe.159
15366.110800   0.020000  14 10 11 10 10 10 5 5 1 A2" A1' A2"     0 0 0 0 0 0 6 6 0 A2' A1' A2'           86CoLe.288
15367.705300   0.020000  12 13 11 12 11 12 3 0 1 E' A1' E'       0 0 0 0 0 0 4 1 0 E" A1' E"             86CoLe.136
15367.356900   0.020000  11 13 10 16 10 10 3 3 1 A2" A1' A2"     0 0 0 0 0 0 4 3 1 A1" A2" A2'           86CoLe.157
15367.928900   0.020000  12 13 12 10 10 10 3 3 1 A2" A1' A2"     0 0 0 0 0 0 4 3 1 A1" A2" A2'           86CoLe.158
15368.409000   0.020000  12 11 11 13 11 11 3 1 1 E' A1' E'       0 0 0 0 0 0 4 2 1 E' A2" E"             86CoLe.146
15368.292900   0.020000  12 13 11 12 11 12 4 3 1 E" A1' E"       0 0 0 0 0 0 5 4 0 E' A1' E'             86CoLe.232
15372.314800   0.020000  10 13 10 18 10 16 3 1 1 E" A1' E"       0 0 0 0 0 0 4 2 0 E' A1' E'             86CoLe.148
15373.254800   0.020000  11 13 11 14 11 14 3 1 1 E' A1' E'       0 0 0 0 0 0 4 2 1 E' A2" E"             86CoLe.147
15375.729000   0.020000  12 11 11 13 11 11 2 2 0 E" A1' E"       0 0 0 0 0 0 3 1 1 E" A2" E'             86CoLe.70 
15376.688000   0.020000  14 10 11 10 10 10 8 7 0 A2' A1' A2'     0 0 0 0 0 0 8 6 1 A1' A2" A2"           86CoLe.324
15376.555000   0.020000  10 13 10 18 10 16 4 4 0 E" A1' E"       0 0 0 0 0 0 5 5 1 E" A2" E'             86CoLe.239
15378.428900   0.020000  12 13 11 12 11 12 2 2 1 E' A1' E'       0 0 0 0 0 0 3 1 0 E" A1' E"             86CoLe.71 
15380.825300   0.020000  12 13 12 10 10 10 3 2 1 A2" A1' A2"     0 0 0 0 0 0 4 3 1 A1" A2" A2'           86CoLe.161
15380.350400   0.020000  11 13 10 16 10 10 3 2 1 A2" A1' A2"     0 0 0 0 0 0 4 3 1 A1" A2" A2'           86CoLe.160
15380.290300   0.020000  14 10 10 12 10 10 4 4 1 E' A1' E'       0 0 0 0 0 0 5 5 0 E" A1' E"             86CoLe.240
15382.683300   0.020000  11 13 11 14 11 14 2 1 1 E' A1' E'       0 0 0 0 0 0 3 1 0 E" A1' E"             86CoLe.73 
15382.328700   0.020000  14 10 11 10 10 10 8 6 1 E' A1' E'       0 0 0 0 0 0 8 5 0 E" A1' E"             86CoLe.323
15382.683000   0.020000  14 10 11 10 10 10 2 1 1 A2" A1' A2"     0 0 0 0 0 0 3 0 0 A2' A1' A2'           86CoLe.64 
15383.936000   0.020000  12 11 11 13 11 11 2 1 1 A2" A1' A2"     0 0 0 0 0 0 3 0 0 A2' A1' A2'           86CoLe.66 
15383.380800   0.020000  10 13 10 18 10 16 3 2 1 A2' A1' A2'     0 0 0 0 0 0 4 3 0 A2" A1' A2"           86CoLe.162
15383.151000   0.020000  12 13 11 12 11 12 2 1 1 A2" A1' A2"     0 0 0 0 0 0 3 0 0 A2' A1' A2'           86CoLe.65 
15384.615600   0.020000  14 10 11 10 10 10 2 1 0 E" A1' E"       0 0 0 0 0 0 3 1 1 E" A2" E'             86CoLe.72 
15386.402400   0.020000  11 13 11 14 11 14 2 2 1 E" A1' E"       0 0 0 0 0 0 3 2 0 E' A1' E'             86CoLe.86 
15387.905700   0.020000  12 13 11 12 11 12 2 2 0 E' A1' E'       0 0 0 0 0 0 3 2 1 E' A2" E"             86CoLe.85 
15387.541700   0.020000  14 10 11 10 10 10 2 0 0 E" A1' E"       0 0 0 0 0 0 3 1 1 E" A2" E'             86CoLe.74 
15388.882800   0.020000  14 10 11 10 10 10 7 4 0 A2" A1' A2"     0 0 0 0 0 0 7 3 1 A1" A2" A2'           86CoLe.308
15390.659600   0.020000  10 18 12 10 10 10 3 3 1 E' A1' E'       0 0 0 0 0 0 4 4 1 E' A2" E"             86CoLe.181
15390.764900   0.020000  14 10 11 10 10 10 7 7 1 A2" A1' A2"     0 0 0 0 0 0 7 6 0 A2' A1' A2'           86CoLe.316
15394.342600   0.020000  14 10 11 10 10 10 3 3 1 E" A1' E"       0 0 0 0 0 0 4 4 0 E' A1' E'             86CoLe.182
15394.438600   0.020000  10 19 11 11 11 11 3 3 1 E" A1' E"       0 0 0 0 0 0 4 4 0 E' A1' E'             86CoLe.183
15395.982500   0.020000  12 11 11 13 11 11 2 1 0 E' A1' E'       0 0 0 0 0 0 3 2 1 E' A2" E"             86CoLe.87 
15396.943400   0.020000  14 10 11 10 10 10 6 5 0 E' A1' E'       0 0 0 0 0 0 6 4 1 E' A2" E"             86CoLe.271
15397.418500   0.020000  12 13 11 12 11 12 6 6 0 E" A1' E"       0 0 0 0 0 0 6 5 1 E" A2" E'             86CoLe.277
15397.797500   0.020000  12 13 11 12 11 12 6 5 0 E' A1' E'       0 0 0 0 0 0 6 4 1 E' A2" E"             86CoLe.272
15398.442800   0.020000  14 10 11 10 10 10 6 4 0 A2" A1' A2"     0 0 0 0 0 0 6 3 1 A1" A2" A2'           86CoLe.264
15399.936200   0.020000  12 13 11 12 11 12 6 4 0 A2" A1' A2"     0 0 0 0 0 0 6 3 1 A1" A2" A2'           86CoLe.265
15400.977700   0.020000  14 10 11 10 10 10 6 6 1 E' A1' E'       0 0 0 0 0 0 6 5 0 E" A1' E"             86CoLe.278
15401.486200   0.020000  14 10 11 10 10 10 6 5 1 E" A1' E"       0 0 0 0 0 0 6 4 0 E' A1' E'             86CoLe.273
15401.607900   0.020000  12 13 11 12 11 12 6 6 1 E' A1' E'       0 0 0 0 0 0 6 5 0 E" A1' E"             86CoLe.279
15402.129800   0.020000  14 10 11 10 10 10 6 4 1 A2' A1' A2'     0 0 0 0 0 0 6 3 0 A2" A1' A2"           86CoLe.266
15402.995700   0.020000  14 10 11 10 10 10 1 1 0 A2' A1' A2'     0 0 0 0 0 0 2 0 1 A1' A2" A2"           86CoLe.26 
15403.867700   0.020000  12 13 11 12 11 12 6 4 1 A2' A1' A2'     0 0 0 0 0 0 6 3 0 A2" A1' A2"           86CoLe.267
15403.128700   0.020000  12 13 11 12 11 12 1 1 0 A2' A1' A2'     0 0 0 0 0 0 2 0 1 A1' A2" A2"           86CoLe.27 
15404.406400   0.020000  10 13 10 18 10 16 2 2 0 A2" A1' A2"     0 0 0 0 0 0 3 3 1 A1" A2" A2'           86CoLe.108
15405.672000   0.020000  12 11 11 13 11 11 1 1 0 A2' A1' A2'     0 0 0 0 0 0 2 0 1 A1' A2" A2"           86CoLe.28 
15405.359600   0.020000  14 10 11 10 10 10 6 3 1 E" A1' E"       0 0 0 0 0 0 6 2 0 E' A1' E'             86CoLe.258
15406.870000   0.020000  12 13 11 12 11 12 1 1 1 E' A1' E'       0 0 0 0 0 0 2 1 0 E" A1' E"             86CoLe.36 
15407.179000   0.020000  14 10 11 10 10 10 5 5 0 E' A1' E'       0 0 0 0 0 0 5 4 1 E' A2" E"             86CoLe.233
15408.815000   0.020000  12 11 11 13 11 11 1 0 0 E" A1' E"       0 0 0 0 0 0 2 1 1 E" A2" E'             86CoLe.37 
15408.729900   0.020000  14 10 11 10 10 10 1 0 0 A2' A1' A2'     0 0 0 0 0 0 2 0 1 A1' A2" A2"           86CoLe.29 
15408.731000   0.020000  10 13 10 18 10 16 1 1 0 E" A1' E"       0 0 0 0 0 0 2 1 1 E" A2" E'             86CoLe.35 
15408.234700   0.020000  11 13 10 16 10 10 2 2 1 A2' A1' A2'     0 0 0 0 0 0 3 3 0 A2" A1' A2"           86CoLe.109
15408.530100   0.020000  12 13 11 12 11 12 5 4 1 A2' A1' A2'     0 0 0 0 0 0 5 3 0 A2" A1' A2"           86CoLe.220
15409.461900   0.020000  12 11 11 13 11 11 5 4 1 A2' A1' A2'     0 0 0 0 0 0 5 3 0 A2" A1' A2"           86CoLe.221
15409.642000   0.020000  12 13 11 12 11 12 5 4 0 A2" A1' A2"     0 0 0 0 0 0 5 3 1 A1" A2" A2'           86CoLe.219
15410.241000   0.020000  10 13 10 18 10 16 1 0 0 E" A1' E"       0 0 0 0 0 0 2 1 1 E" A2" E'             86CoLe.38 
15410.927000   0.020000  14 10 11 10 10 10 7 3 0 A2" A1' A2"     0 0 0 0 0 0 7 3 1 A1" A2" A2'           86CoLe.309
15410.596000   0.020000  11 13 11 14 11 14 1 0 0 E" A1' E"       0 0 0 0 0 0 2 1 1 E" A2" E'             86CoLe.39 
15411.326000   0.020000  12 13 11 12 11 12 5 5 1 E" A1' E"       0 0 0 0 0 0 5 4 0 E' A1' E'             86CoLe.234
15411.130700   0.020000  14 10 11 10 10 10 5 3 0 E' A1' E'       0 0 0 0 0 0 5 2 1 E' A2" E"             86CoLe.205
15412.777000   0.020000  12 13 11 12 11 12 1 0 0 A2' A1' A2'     0 0 0 0 0 0 2 0 1 A1' A2" A2"           86CoLe.30 
15413.465400   0.020000  10 13 10 18 10 16 5 4 1 A2' A1' A2'     0 0 0 0 0 0 5 3 0 A2" A1' A2"           86CoLe.222
15413.952700   0.020000  12 13 11 12 11 12 1 0 1 E' A1' E'       0 0 0 0 0 0 2 1 0 E" A1' E"             86CoLe.40 
15415.060400   0.020000  10 13 10 18 10 16 4 4 1 A2" A1' A2"     0 0 0 0 0 0 4 3 1 A1" A2" A2'           86CoLe.163
15417.709800   0.020000  11 13 10 16 10 10 4 4 1 A2" A1' A2"     0 0 0 0 0 0 4 3 1 A1" A2" A2'           86CoLe.165
15417.459400   0.020000  11 13 11 14 11 14 4 4 1 A2" A1' A2"     0 0 0 0 0 0 4 3 1 A1" A2" A2'           86CoLe.164
15418.393900   0.020000  11 13 11 14 11 14 1 1 0 E' A1' E'       0 0 0 0 0 0 2 2 1 E' A2" E"             86CoLe.51 
15419.520600   0.020000  10 18 12 10 10 10 4 3 1 E' A1' E'       0 0 0 0 0 0 4 2 1 E' A2" E"             86CoLe.150
15419.360000   0.020000  12 13 12 10 10 10 4 3 1 E' A1' E'       0 0 0 0 0 0 4 2 1 E' A2" E"             86CoLe.149
15420.288800   0.020000  12 13 11 12 11 12 4 4 1 A2' A1' A2'     0 0 0 0 0 0 4 3 0 A2" A1' A2"           86CoLe.166
15421.682600   0.020000  12 11 11 13 11 11 1 1 1 E" A1' E"       0 0 0 0 0 0 2 2 0 E' A1' E'             86CoLe.52 
15422.549000   0.020000  14 10 11 10 10 10 4 3 1 E" A1' E"       0 0 0 0 0 0 4 2 0 E' A1' E'             86CoLe.151
15422.282900   0.020000  14 10 11 10 10 10 6 3 0 A2" A1' A2"     0 0 0 0 0 0 6 3 1 A1" A2" A2'           86CoLe.268
15422.129300   0.020000  10 13 10 18 10 16 1 1 1 E" A1' E"       0 0 0 0 0 0 2 2 0 E' A1' E'             86CoLe.53 
15423.550500   0.020000  10 13 10 18 10 16 4 2 1 E" A1' E"       0 0 0 0 0 0 4 1 1 E" A2" E'             86CoLe.137
15423.728800   0.020000  12 11 11 13 11 11 4 3 1 E" A1' E"       0 0 0 0 0 0 4 2 0 E' A1' E'             86CoLe.152
15425.964700   0.020000  14 10 11 10 10 10 3 3 0 E' A1' E'       0 0 0 0 0 0 3 2 1 E' A2" E"             86CoLe.88 
15426.911100   0.020000  12 13 11 12 11 12 3 3 0 E' A1' E'       0 0 0 0 0 0 3 2 1 E' A2" E"             86CoLe.89 
15427.506500   0.020000  14 10 11 10 10 10 4 2 1 E' A1' E'       0 0 0 0 0 0 4 1 0 E" A1' E"             86CoLe.138
15428.630000   0.020000  14 10 11 10 10 10 4 1 0 A2' A1' A2'     0 0 0 0 0 0 4 0 1 A1' A2" A2"           86CoLe.128
15429.503600   0.020000  12 13 11 12 11 12 3 3 1 E" A1' E"       0 0 0 0 0 0 3 2 0 E' A1' E'             86CoLe.90 
15429.065700   0.020000  12 13 11 12 11 12 4 1 0 A2' A1' A2'     0 0 0 0 0 0 4 0 1 A1' A2" A2"           86CoLe.129
15430.249400   0.020000  14 10 11 10 10 10 3 2 0 E" A1' E"       0 0 0 0 0 0 3 1 1 E" A2" E'             86CoLe.75 
15430.348700   0.020000  12 13 11 12 11 12 6 5 1 E' A1' E'       0 0 0 0 0 0 6 5 0 E" A1' E"             86CoLe.281
15431.598000   0.020000  14 10 11 10 10 10 0 0 0 E" A1' E"       0 0 0 0 0 0 1 1 1 E" A2" E'             86CoLe.10 
15432.225300   0.020000  12 13 11 12 11 12 5 3 0 A2" A1' A2"     0 0 0 0 0 0 5 3 1 A1" A2" A2'           86CoLe.223
15433.472000   0.020000  12 11 11 13 11 11 6 5 0 E" A1' E"       0 0 0 0 0 0 6 5 1 E" A2" E'             86CoLe.280
15433.095100   0.020000  12 11 11 13 11 11 4 2 1 E" A1' E"       0 0 0 0 0 0 4 2 0 E' A1' E'             86CoLe.154
15433.884600   0.020000  14 10 11 10 10 10 3 2 1 E' A1' E'       0 0 0 0 0 0 3 1 0 E" A1' E"             86CoLe.76 
15434.925000   0.020000  14 10 11 10 10 10 0 0 1 E' A1' E'       0 0 0 0 0 0 1 1 0 E" A1' E"             86CoLe.11 
15434.637400   0.020000  14 10 11 10 10 10 2 2 0 E" A1' E"       0 0 0 0 0 0 2 1 1 E" A2" E'             86CoLe.41 
15435.333200   0.020000  10 13 10 18 10 16 7 7 1 E' A1' E'       0 0 0 0 0 0 7 7 0 E" A1' E"             86CoLe.321
15435.488400   0.020000  11 13 11 14 11 14 4 2 1 E' A1' E'       0 0 0 0 0 0 4 2 1 E' A2" E"             86CoLe.153
15435.488000   0.020000  11 13 11 14 11 14 7 7 1 E' A1' E'       0 0 0 0 0 0 7 7 0 E" A1' E"             86CoLe.322
15436.371700   0.020000  14 10 11 10 10 10 5 4 0 E' A1' E'       0 0 0 0 0 0 5 4 1 E' A2" E"             86CoLe.235
15436.983200   0.020000  12 13 11 12 11 12 7 7 0 E" A1' E"       0 0 0 0 0 0 7 7 1 E" A2" E'             86CoLe.318
15436.046300   0.020000  11 13 11 14 11 14 4 3 1 A2' A1' A2'     0 0 0 0 0 0 4 3 0 A2" A1' A2"           86CoLe.168
15437.428600   0.020000  12 11 11 13 11 11 3 1 1 E' A1' E'       0 0 0 0 0 0 3 1 0 E" A1' E"             86CoLe.77 
15437.902900   0.020000  12 11 11 13 11 11 6 6 1 A2" A1' A2"     0 0 0 0 0 0 6 6 0 A2' A1' A2'           86CoLe.291
15438.644800   0.020000  12 11 11 13 11 11 7 7 0 E" A1' E"       0 0 0 0 0 0 7 7 1 E" A2" E'             86CoLe.319
15438.760000   0.020000  10 13 10 18 10 16 7 7 0 E" A1' E"       0 0 0 0 0 0 7 7 1 E" A2" E'             86CoLe.320
15438.188000   0.020000  10 13 10 18 10 16 6 6 1 A2" A1' A2"     0 0 0 0 0 0 6 6 0 A2' A1' A2'           86CoLe.292
15439.368000   0.020000  12 11 11 13 11 11 2 2 1 E' A1' E'       0 0 0 0 0 0 2 1 0 E" A1' E"             86CoLe.42 
15439.620000   0.020000  12 11 11 13 11 11 5 5 1 E' A1' E'       0 0 0 0 0 0 5 5 0 E" A1' E"             86CoLe.242
15439.729600   0.020000  10 19 11 11 11 11 4 3 1 A2" A1' A2"     0 0 0 0 0 0 4 3 1 A1" A2" A2'           86CoLe.167
15439.478100   0.020000  11 11 11 15 11 11 4 3 1 A2' A1' A2'     0 0 0 0 0 0 4 3 0 A2" A1' A2"           86CoLe.169
15440.512800   0.020000  10 13 10 18 10 16 6 6 0 A2' A1' A2'     0 0 0 0 0 0 6 6 1 A1' A2" A2"           86CoLe.289
15440.430800   0.020000  10 13 10 18 10 16 5 5 1 E' A1' E'       0 0 0 0 0 0 5 5 0 E" A1' E"             86CoLe.243
15440.690000   0.020000  12 13 11 12 11 12 3 1 1 A2" A1' A2"     0 0 0 0 0 0 3 0 0 A2' A1' A2'           86CoLe.67 
15440.746700   0.020000  11 13 11 14 11 14 6 6 0 A2' A1' A2'     0 0 0 0 0 0 6 6 1 A1' A2" A2"           86CoLe.290
15440.426000   0.020000  12 11 11 13 11 11 3 2 1 E" A1' E"       0 0 0 0 0 0 3 2 0 E' A1' E'             86CoLe.92 
15441.552500   0.020000  12 13 11 12 11 12 2 1 0 A2' A1' A2'     0 0 0 0 0 0 2 0 1 A1' A2" A2"           86CoLe.31 
15441.433000   0.020000  12 13 11 12 11 12 4 0 1 E' A1' E'       0 0 0 0 0 0 4 1 0 E" A1' E"             86CoLe.139
15442.709000   0.020000  10 19 11 11 11 11 4 4 1 E" A1' E"       0 0 0 0 0 0 4 4 0 E' A1' E'             86CoLe.186
15442.587900   0.020000  12 13 11 12 11 12 5 5 0 E" A1' E"       0 0 0 0 0 0 5 5 1 E" A2" E'             86CoLe.241
15442.772900   0.020000  12 13 11 12 11 12 3 2 0 E' A1' E'       0 0 0 0 0 0 3 2 1 E' A2" E"             86CoLe.91 
15442.921600   0.020000  11 11 11 15 11 11 4 4 1 E" A1' E"       0 0 0 0 0 0 4 4 0 E' A1' E'             86CoLe.187
15443.712000   0.020000  10 13 10 18 10 16 3 0 0 E" A1' E"       0 0 0 0 0 0 3 1 1 E" A2" E'             86CoLe.79 
15443.474400   0.020000  11 13 12 12 10 10 4 4 1 E" A1' E"       0 0 0 0 0 0 4 4 0 E' A1' E'             86CoLe.188
15443.419000   0.020000  12 11 11 13 11 11 3 0 0 E" A1' E"       0 0 0 0 0 0 3 1 1 E" A2" E'             86CoLe.78 
15444.911700   0.020000  10 18 12 10 10 10 4 4 1 E' A1' E'       0 0 0 0 0 0 4 4 1 E' A2" E"             86CoLe.185
15444.560700   0.020000  12 13 12 10 10 10 4 4 1 E' A1' E'       0 0 0 0 0 0 4 4 1 E' A2" E"             86CoLe.184
15444.560700   0.020000  10 13 10 18 10 16 3 3 1 A2' A1' A2'     0 0 0 0 0 0 3 3 0 A2" A1' A2"           86CoLe.112
15444.164800   0.020000  14 10 11 10 10 10 2 1 0 E" A1' E"       0 0 0 0 0 0 2 1 1 E" A2" E'             86CoLe.43 
15446.573700   0.020000  14 10 11 10 10 10 3 0 1 E' A1' E'       0 0 0 0 0 0 3 1 0 E" A1' E"             86CoLe.80 
15446.316000   0.020000  10 13 10 18 10 16 2 2 1 E" A1' E"       0 0 0 0 0 0 2 2 0 E' A1' E'             86CoLe.55 
15446.926300   0.020000  14 10 11 10 10 10 1 1 1 A2" A1' A2"     0 0 0 0 0 0 1 0 0 A2' A1' A2'           86CoLe.6  
15446.637000   0.020000  12 13 11 12 11 12 1 1 1 E' A1' E'       0 0 0 0 0 0 1 1 0 E" A1' E"             86CoLe.13 
15446.788000   0.020000  12 11 11 13 11 11 3 3 0 A2" A1' A2"     0 0 0 0 0 0 3 3 1 A1" A2" A2'           86CoLe.110
15447.502800   0.020000  12 13 11 12 11 12 2 2 0 E' A1' E'       0 0 0 0 0 0 2 2 1 E' A2" E"             86CoLe.54 
15447.773800   0.020000  10 13 10 18 10 16 3 1 0 E' A1' E'       0 0 0 0 0 0 3 2 1 E' A2" E"             86CoLe.93 
15447.344600   0.020000  10 13 10 18 10 16 3 3 0 A2" A1' A2"     0 0 0 0 0 0 3 3 1 A1" A2" A2'           86CoLe.111
15447.113000   0.020000  14 10 11 10 10 10 2 0 0 E" A1' E"       0 0 0 0 0 0 2 1 1 E" A2" E'             86CoLe.44 
15448.558000   0.020000  12 11 11 13 11 11 1 0 0 E" A1' E"       0 0 0 0 0 0 1 1 1 E" A2" E'             86CoLe.14 
15448.481000   0.020000  10 13 10 18 10 16 1 1 0 E" A1' E"       0 0 0 0 0 0 1 1 1 E" A2" E'             86CoLe.12 
15449.514000   0.020000  12 13 11 12 11 12 6 3 1 E" A1' E"       0 0 0 0 0 0 6 4 0 E' A1' E'             86CoLe.274
15449.988000   0.020000  10 13 10 18 10 16 1 0 0 E" A1' E"       0 0 0 0 0 0 1 1 1 E" A2" E'             86CoLe.15 
15450.346000   0.020000  11 13 11 14 11 14 1 0 0 E" A1' E"       0 0 0 0 0 0 1 1 1 E" A2" E'             86CoLe.16 
15451.609300   0.020000  12 11 11 13 11 11 4 2 1 A2' A1' A2'     0 0 0 0 0 0 4 3 0 A2" A1' A2"           86CoLe.171
15451.721800   0.020000  10 13 10 18 10 16 3 1 1 E" A1' E"       0 0 0 0 0 0 3 2 0 E' A1' E'             86CoLe.96 
15451.256000   0.020000  14 10 11 10 10 10 1 0 1 E' A1' E'       0 0 0 0 0 0 1 1 0 E" A1' E"             86CoLe.17 
15452.549900   0.020000  11 13 10 16 10 10 4 2 1 A2" A1' A2"     0 0 0 0 0 0 4 3 1 A1" A2" A2'           86CoLe.170
15452.624200   0.020000  11 13 11 14 11 14 3 1 0 E' A1' E'       0 0 0 0 0 0 3 2 1 E' A2" E"             86CoLe.95 
15453.717000   0.020000  12 13 11 12 11 12 1 0 1 E' A1' E'       0 0 0 0 0 0 1 1 0 E" A1' E"             86CoLe.18 
15455.578100   0.020000  12 11 11 13 11 11 2 1 0 E' A1' E'       0 0 0 0 0 0 2 2 1 E' A2" E"             86CoLe.56
-18099.620000  0.002000  5 0 1 0 0 0 2 1 0 NG NG NG              0 0 0 0 0 0 2 0 0 NG NG NG              86CoLe.52 
15456.355900   0.020000  12 13 12 10 10 10 4 2 1 A2' A1' A2'     0 0 0 0 0 0 4 3 0 A2" A1' A2"           86CoLe.172
15457.765000   0.020000  10 18 12 10 10 10 4 2 1 A2' A1' A2'     0 0 0 0 0 0 4 3 0 A2" A1' A2"           86CoLe.173
15459.779700   0.020000  12 11 11 13 11 11 3 2 0 A2" A1' A2"     0 0 0 0 0 0 3 3 1 A1" A2" A2'           86CoLe.113
15460.253800   0.020000  10 13 10 18 10 16 3 2 0 A2" A1' A2"     0 0 0 0 0 0 3 3 1 A1" A2" A2'           86CoLe.114
15462.749000   0.020000  12 13 11 12 11 12 1 1 0 A2' A1' A2'     0 0 0 0 0 0 0 0 1 A1' A2" A2"           86CoLe.2  
15462.846700   0.020000  10 13 10 18 10 16 3 2 1 A2' A1' A2'     0 0 0 0 0 0 3 3 0 A2" A1' A2"           86CoLe.115
15462.618000   0.020000  14 10 11 10 10 10 1 1 0 A2' A1' A2'     0 0 0 0 0 0 0 0 1 A1' A2" A2"           86CoLe.1  
15463.745800   0.020000  14 10 11 10 10 10 4 3 0 E' A1' E'       0 0 0 0 0 0 4 4 1 E' A2" E"             86CoLe.189
15464.189000   0.020000  12 11 11 13 11 11 4 3 0 E' A1' E'       0 0 0 0 0 0 4 4 1 E' A2" E"             86CoLe.190
15465.294900   0.020000  12 11 11 13 11 11 1 1 0 A2' A1' A2'     0 0 0 0 0 0 0 0 1 A1' A2" A2"           86CoLe.3  
15467.586300   0.020000  12 13 11 12 11 12 4 3 1 E" A1' E"       0 0 0 0 0 0 4 4 0 E' A1' E'             86CoLe.191
15468.235300   0.020000  12 11 11 13 11 11 5 4 0 E" A1' E"       0 0 0 0 0 0 5 5 1 E" A2" E'             86CoLe.244
15468.353500   0.020000  14 10 11 10 10 10 1 0 0 A2' A1' A2'     0 0 0 0 0 0 0 0 1 A1' A2" A2"           86CoLe.4  
15472.708600   0.020000  10 13 10 18 10 16 6 5 0 A2' A1' A2'     0 0 0 0 0 0 6 6 1 A1' A2" A2"           86CoLe.293
15472.400400   0.020000  12 13 11 12 11 12 1 0 0 A2' A1' A2'     0 0 0 0 0 0 0 0 1 A1' A2" A2"           86CoLe.5  
15472.106200   0.020000  11 13 11 14 11 14 5 4 1 E' A1' E'       0 0 0 0 0 0 5 5 0 E" A1' E"             86CoLe.245
15474.385800   0.020000  14 10 11 10 10 10 2 2 0 E" A1' E"       0 0 0 0 0 0 1 1 1 E" A2" E'             86CoLe.19 
15475.594300   0.020000  12 11 11 13 11 11 6 5 1 A2" A1' A2"     0 0 0 0 0 0 6 6 0 A2' A1' A2'           86CoLe.294
15477.789200   0.020000  12 13 11 12 11 12 2 2 1 E' A1' E'       0 0 0 0 0 0 1 1 0 E" A1' E"             86CoLe.21 
15477.571100   0.020000  14 10 11 10 10 10 2 2 1 E' A1' E'       0 0 0 0 0 0 1 1 0 E" A1' E"             86CoLe.20 
15479.137700   0.020000  12 11 11 13 11 11 2 2 1 E' A1' E'       0 0 0 0 0 0 1 1 0 E" A1' E"             86CoLe.22 
15482.044100   0.020000  14 10 11 10 10 10 2 1 1 A2" A1' A2"     0 0 0 0 0 0 1 0 0 A2' A1' A2'           86CoLe.7  
15482.443000   0.020000  10 13 10 18 10 16 2 1 1 E' A1' E'       0 0 0 0 0 0 1 1 0 E" A1' E"             86CoLe.24 
15482.497100   0.020000  12 13 11 12 11 12 2 1 1 A2" A1' A2"     0 0 0 0 0 0 1 0 0 A2' A1' A2'           86CoLe.8  
15483.928600   0.020000  14 10 11 10 10 10 2 1 0 E" A1' E"       0 0 0 0 0 0 1 1 1 E" A2" E'             86CoLe.23 
15483.283000   0.020000  12 11 11 13 11 11 2 1 1 A2" A1' A2"     0 0 0 0 0 0 1 0 0 A2' A1' A2'           86CoLe.9  
15485.560500   0.020000  14 10 11 10 10 10 3 3 0 E' A1' E'       0 0 0 0 0 0 2 2 1 E' A2" E"             86CoLe.57 
15486.510900   0.020000  12 13 11 12 11 12 3 3 0 E' A1' E'       0 0 0 0 0 0 2 2 1 E' A2" E"             86CoLe.58 
15486.854500   0.020000  14 10 11 10 10 10 2 0 0 E" A1' E"       0 0 0 0 0 0 1 1 1 E" A2" E'             86CoLe.25 
15488.908500   0.020000  14 10 11 10 10 10 3 3 1 E" A1' E"       0 0 0 0 0 0 2 2 0 E' A1' E'             86CoLe.59 
15489.318100   0.020000  12 11 11 13 11 11 3 3 1 E" A1' E"       0 0 0 0 0 0 2 2 0 E' A1' E'             86CoLe.61 
15489.126600   0.020000  12 13 11 12 11 12 3 3 1 E" A1' E"       0 0 0 0 0 0 2 2 0 E' A1' E'             86CoLe.60 
15489.818600   0.020000  14 10 11 10 10 10 3 2 0 E" A1' E"       0 0 0 0 0 0 2 1 1 E" A2" E'             86CoLe.45 
15493.482200   0.020000  14 10 11 10 10 10 3 2 1 E' A1' E'       0 0 0 0 0 0 2 1 0 E" A1' E"             86CoLe.46 
15493.351100   0.020000  14 10 11 10 10 10 3 1 0 A2' A1' A2'     0 0 0 0 0 0 2 0 1 A1' A2" A2"           86CoLe.32 
15494.489600   0.020000  14 10 11 10 10 10 4 4 0 A2" A1' A2"     0 0 0 0 0 0 3 3 1 A1" A2" A2'           86CoLe.116
15496.889600   0.020000  12 13 11 12 11 12 4 4 0 A2" A1' A2"     0 0 0 0 0 0 3 3 1 A1" A2" A2'           86CoLe.117
15497.180000   0.020000  14 10 11 10 10 10 3 1 1 E' A1' E'       0 0 0 0 0 0 2 1 0 E" A1' E"             86CoLe.49 
15497.137400   0.020000  12 11 11 13 11 11 4 4 0 A2" A1' A2"     0 0 0 0 0 0 3 3 1 A1" A2" A2'           86CoLe.118
15498.725000   0.020000  14 10 11 10 10 10 4 3 0 E' A1' E'       0 0 0 0 0 0 3 2 1 E' A2" E"             86CoLe.97 
15498.884900   0.020000  12 13 11 12 11 12 4 3 0 E' A1' E'       0 0 0 0 0 0 3 2 1 E' A2" E"             86CoLe.98 
15498.192400   0.020000  14 10 11 10 10 10 4 4 1 A2' A1' A2'     0 0 0 0 0 0 3 3 0 A2" A1' A2"           86CoLe.119
15499.166100   0.020000  12 11 11 13 11 11 4 3 0 E' A1' E'       0 0 0 0 0 0 3 2 1 E' A2" E"             86CoLe.99 
15499.407400   0.020000  12 13 11 12 11 12 3 1 0 E" A1' E"       0 0 0 0 0 0 2 1 1 E" A2" E'             86CoLe.47 
15499.758800   0.020000  12 13 11 12 11 12 4 4 1 A2' A1' A2'     0 0 0 0 0 0 3 3 0 A2" A1' A2"           86CoLe.120
15499.407000   0.020000  14 10 11 10 10 10 3 0 0 A2' A1' A2'     0 0 0 0 0 0 2 0 1 A1' A2" A2"           86CoLe.33 
15500.050000   0.020000  10 13 10 18 10 16 4 3 0 E' A1' E'       0 0 0 0 0 0 3 2 1 E' A2" E"             86CoLe.100
15500.554000   0.020000  12 13 11 12 11 12 3 2 1 E" A1' E"       0 0 0 0 0 0 2 2 0 E' A1' E'             86CoLe.63 
15501.526000   0.020000  12 13 11 12 11 12 3 0 0 A2' A1' A2'     0 0 0 0 0 0 2 0 1 A1' A2" A2"           86CoLe.34 
15501.234600   0.020000  12 11 11 13 11 11 4 4 1 A2' A1' A2'     0 0 0 0 0 0 3 3 0 A2" A1' A2"           86CoLe.121
15501.956900   0.020000  14 10 11 10 10 10 4 3 1 E" A1' E"       0 0 0 0 0 0 3 2 0 E' A1' E'             86CoLe.101
15502.884800   0.020000  14 10 11 10 10 10 4 2 0 E" A1' E"       0 0 0 0 0 0 3 1 1 E" A2" E'             86CoLe.81 
15502.374500   0.020000  12 13 11 12 11 12 3 2 0 E' A1' E'       0 0 0 0 0 0 2 2 1 E' A2" E"             86CoLe.62 
15502.523700   0.020000  12 13 11 12 11 12 4 3 1 E" A1' E"       0 0 0 0 0 0 3 2 0 E' A1' E'             86CoLe.102
15503.560000   0.020000  10 13 10 18 10 16 4 3 1 E" A1' E"       0 0 0 0 0 0 3 2 0 E' A1' E'             86CoLe.104
15503.700000   0.020000  12 11 11 13 11 11 3 1 0 E" A1' E"       0 0 0 0 0 0 2 1 1 E" A2" E'             86CoLe.48 
15503.135300   0.020000  12 11 11 13 11 11 4 3 1 E" A1' E"       0 0 0 0 0 0 3 2 0 E' A1' E'             86CoLe.103
15506.177300   0.020000  14 10 11 10 10 10 3 0 1 E' A1' E'       0 0 0 0 0 0 2 1 0 E" A1' E"             86CoLe.50 
15506.878400   0.020000  14 10 11 10 10 10 4 2 1 E' A1' E'       0 0 0 0 0 0 3 1 0 E" A1' E"             86CoLe.82 
15506.417800   0.020000  14 10 11 10 10 10 5 5 0 E' A1' E'       0 0 0 0 0 0 4 4 1 E' A2" E"             86CoLe.192
15507.714000   0.020000  12 13 11 12 11 12 5 4 1 A2' A1' A2'     0 0 0 0 0 0 4 3 0 A2" A1' A2"           86CoLe.175
15508.203000   0.020000  14 10 11 10 10 10 5 4 1 A2" A1' A2"     0 0 0 0 0 0 4 3 1 A1" A2" A2'           86CoLe.174
15508.648000   0.020000  12 11 11 13 11 11 5 4 1 A2' A1' A2'     0 0 0 0 0 0 4 3 0 A2" A1' A2"           86CoLe.176
15508.331000   0.020000  14 10 11 10 10 10 4 0 1 A2" A1' A2"     0 0 0 0 0 0 3 0 0 A2' A1' A2'           86CoLe.69 
15510.195000   0.020000  14 10 11 10 10 10 5 3 1 E' A1' E'       0 0 0 0 0 0 4 2 1 E' A2" E"             86CoLe.155
15510.551900   0.020000  12 13 11 12 11 12 4 2 1 E' A1' E'       0 0 0 0 0 0 3 1 0 E" A1' E"             86CoLe.83 
15510.319000   0.020000  14 10 11 10 10 10 5 5 1 E" A1' E"       0 0 0 0 0 0 4 4 0 E' A1' E'             86CoLe.193
15512.502300   0.020000  12 11 11 13 11 11 4 2 1 E" A1' E"       0 0 0 0 0 0 3 2 0 E' A1' E'             86CoLe.107
15512.652400   0.020000  10 13 10 18 10 16 5 4 1 A2' A1' A2'     0 0 0 0 0 0 4 3 0 A2" A1' A2"           86CoLe.177
15514.847700   0.020000  12 13 11 12 11 12 4 2 0 E' A1' E'       0 0 0 0 0 0 3 2 1 E' A2" E"             86CoLe.105
15514.509000   0.020000  14 10 11 10 10 10 4 1 1 A2" A1' A2"     0 0 0 0 0 0 3 0 0 A2' A1' A2'           86CoLe.68 
15515.821500   0.020000  14 10 11 10 10 10 6 5 0 E' A1' E'       0 0 0 0 0 0 5 4 1 E' A2" E"             86CoLe.236
15515.515000   0.020000  11 13 11 14 11 14 4 3 1 A2' A1' A2'     0 0 0 0 0 0 3 3 0 A2" A1' A2"           86CoLe.123
15515.109600   0.020000  14 10 11 10 10 10 6 6 0 E" A1' E"       0 0 0 0 0 0 5 5 1 E" A2" E'             86CoLe.246
15516.665300   0.020000  12 13 11 12 11 12 6 5 0 E' A1' E'       0 0 0 0 0 0 5 4 1 E' A2" E"             86CoLe.237
15516.455900   0.020000  12 13 11 12 11 12 6 6 0 E" A1' E"       0 0 0 0 0 0 5 5 1 E" A2" E'             86CoLe.247
15517.195600   0.020000  12 11 11 13 11 11 4 2 0 E' A1' E'       0 0 0 0 0 0 3 2 1 E' A2" E"             86CoLe.106
15517.055900   0.020000  14 10 11 10 10 10 5 1 0 A2' A1' A2'     0 0 0 0 0 0 4 0 1 A1' A2" A2"           86CoLe.130
15517.195000   0.020000  14 10 11 10 10 10 6 4 0 A2" A1' A2"     0 0 0 0 0 0 5 3 1 A1" A2" A2'           86CoLe.224
15517.431000   0.020000  12 11 11 13 11 11 6 6 0 E" A1' E"       0 0 0 0 0 0 5 5 1 E" A2" E'             86CoLe.248
15518.678000   0.020000  12 13 11 12 11 12 6 4 0 A2" A1' A2"     0 0 0 0 0 0 5 3 1 A1" A2" A2'           86CoLe.225
15518.735800   0.020000  11 13 10 16 10 10 4 3 1 A2' A1' A2'     0 0 0 0 0 0 3 3 0 A2" A1' A2"           86CoLe.124
15519.154700   0.020000  11 13 11 14 11 14 4 3 0 A2" A1' A2"     0 0 0 0 0 0 3 3 1 A1" A2" A2'           86CoLe.122
15520.928000   0.020000  14 10 11 10 10 10 6 4 1 A2' A1' A2'     0 0 0 0 0 0 5 3 0 A2" A1' A2"           86CoLe.226
15520.418300   0.020000  14 10 11 10 10 10 6 5 1 E" A1' E"       0 0 0 0 0 0 5 4 0 E' A1' E'             86CoLe.238
15520.808100   0.020000  12 13 11 12 11 12 4 0 1 E' A1' E'       0 0 0 0 0 0 3 1 0 E" A1' E"             86CoLe.84 
15520.078600   0.020000  14 10 11 10 10 10 6 6 1 E' A1' E'       0 0 0 0 0 0 5 5 0 E" A1' E"             86CoLe.249
15520.711100   0.020000  12 13 11 12 11 12 6 6 1 E' A1' E'       0 0 0 0 0 0 5 5 0 E" A1' E"             86CoLe.250
15522.190400   0.020000  12 13 11 12 11 12 5 1 0 A2' A1' A2'     0 0 0 0 0 0 4 0 1 A1' A2" A2"           86CoLe.132
15522.672000   0.020000  12 13 11 12 11 12 6 4 1 A2' A1' A2'     0 0 0 0 0 0 5 3 0 A2" A1' A2"           86CoLe.227
15524.072000   0.020000  14 10 11 10 10 10 6 3 1 E" A1' E"       0 0 0 0 0 0 5 2 0 E' A1' E'             86CoLe.206
15525.877400   0.020000  14 10 11 10 10 10 7 6 0 E" A1' E"       0 0 0 0 0 0 6 5 1 E" A2" E'             86CoLe.282
15526.054700   0.020000  12 13 11 12 11 12 7 6 0 E" A1' E"       0 0 0 0 0 0 6 5 1 E" A2" E'             86CoLe.283
15526.520600   0.020000  14 10 11 10 10 10 7 7 0 A2' A1' A2'     0 0 0 0 0 0 6 6 1 A1' A2" A2"           86CoLe.295
15527.127000   0.020000  14 10 11 10 10 10 7 4 0 A2" A1' A2"     0 0 0 0 0 0 6 3 1 A1" A2" A2'           86CoLe.269
15528.696200   0.020000  10 13 10 18 10 16 5 3 1 A2' A1' A2'     0 0 0 0 0 0 4 3 0 A2" A1' A2"           86CoLe.180
15529.058700   0.020000  14 10 11 10 10 10 7 6 1 E' A1' E'       0 0 0 0 0 0 6 5 0 E" A1' E"             86CoLe.284
15529.562500   0.020000  12 13 11 12 11 12 7 6 1 E' A1' E'       0 0 0 0 0 0 6 5 0 E" A1' E"             86CoLe.285
15529.661100   0.020000  14 10 11 10 10 10 7 7 1 A2" A1' A2"     0 0 0 0 0 0 6 6 0 A2' A1' A2'           86CoLe.296
15530.345200   0.020000  12 13 11 12 11 12 7 7 1 A2" A1' A2"     0 0 0 0 0 0 6 6 0 A2' A1' A2'           86CoLe.297
15530.700000   0.020000  12 13 11 12 11 12 5 3 1 A2" A1' A2"     0 0 0 0 0 0 4 3 1 A1" A2" A2'           86CoLe.178
15530.748400   0.020000  12 11 11 13 11 11 7 7 1 A2" A1' A2"     0 0 0 0 0 0 6 6 0 A2' A1' A2'           86CoLe.298
15531.363000   0.020000  12 11 11 13 11 11 5 3 1 A2" A1' A2"     0 0 0 0 0 0 4 3 1 A1" A2" A2'           86CoLe.179
15532.067000   0.020000  14 10 11 10 10 10 6 0 1 A2" A1' A2"     0 0 0 0 0 0 5 0 0 A2' A1' A2'           86CoLe.198
15534.944000   0.020000  14 10 11 10 10 10 8 7 0 A2' A1' A2'     0 0 0 0 0 0 7 6 1 A1' A2" A2"           86CoLe.317
15535.612600   0.020000  14 10 11 10 10 10 5 4 0 E' A1' E'       0 0 0 0 0 0 4 4 1 E' A2" E"             86CoLe.194
15539.002000   0.020000  14 10 11 10 10 10 6 1 1 A2" A1' A2"     0 0 0 0 0 0 5 0 0 A2' A1' A2'           86CoLe.197
15539.929000   0.020000  14 10 11 10 10 10 6 2 0 E' A1' E'       0 0 0 0 0 0 5 2 1 E' A2" E"             86CoLe.207
15540.382000   0.020000  14 10 11 10 10 10 8 6 1 E' A1' E'       0 0 0 0 0 0 7 5 0 E" A1' E"             86CoLe.313
15541.030000   0.020000  14 10 11 10 10 10 6 3 0 A2" A1' A2"     0 0 0 0 0 0 5 3 1 A1" A2" A2'           86CoLe.228
15549.454800   0.020000  12 13 11 12 11 12 6 5 1 E' A1' E'       0 0 0 0 0 0 5 5 0 E" A1' E"             86CoLe.252
15549.176200   0.020000  14 10 11 10 10 10 7 3 0 A2" A1' A2"     0 0 0 0 0 0 6 3 1 A1" A2" A2'           86CoLe.270
15552.508100   0.020000  12 11 11 13 11 11 6 5 0 E" A1' E"       0 0 0 0 0 0 5 5 1 E" A2" E'             86CoLe.251