15431.5980 0.02 0.02 4 0 1 0 1 0 0 0 a  E"  551 0 0 0 0 0 0 1 1 a  E' 1  86CoLe.10 15448.561356 False
15434.9250 0.02 0.02 0 9 0 3 0 1 0 0 s  E'  591 0 0 0 0 0 0 1 1 s  E" 1  86CoLe.11 15451.097993 False
15406.8700 0.02 0.02 5 0 0 0 0 0 1 1 a  E' 1698 0 0 0 0 0 0 2 1 s  E" 2  86CoLe.36 15462.808733 False
15446.6370 0.02 0.02 5 0 0 0 0 0 1 1 a  E' 1698 0 0 0 0 0 0 1 1 s  E" 1  86CoLe.13 15462.809993 False
15402.9957 0.02 0.02 4 0 1 0 1 0 1 1 a A2'  917 0 0 0 0 0 0 2 0 a A2" 1  86CoLe.26 15463.408718  True
15462.6180 0.02 0.02 4 0 1 0 1 0 1 1 a A2'  917 0 0 0 0 0 0 0 0 a A2" 1   86CoLe.1 15463.411403  True
15403.1287 0.02 0.02 4 0 1 0 1 0 1 1 a A2'  918 0 0 0 0 0 0 2 0 a A2" 1  86CoLe.27 15463.541718 False
15462.7490 0.02 0.02 4 0 1 0 1 0 1 1 a A2'  918 0 0 0 0 0 0 0 0 a A2" 1   86CoLe.2 15463.542403 False
15418.3939 0.02 0.02 2 1 1 3 1 3 1 1 a  E' 1700 0 0 0 0 0 0 2 2 a  E" 1  86CoLe.51 15463.981180 False
15408.7310 0.02 0.02 0 8 2 0 0 0 1 1 s  E" 1741 0 0 0 0 0 0 2 1 a  E' 2  86CoLe.35 15465.440227 False
15448.4810 0.02 0.02 0 8 2 0 0 0 1 1 s  E" 1741 0 0 0 0 0 0 1 1 a  E' 1  86CoLe.12 15465.444356 False
15448.5580 0.02 0.02 4 0 1 0 1 0 1 0 a  E" 1741 0 0 0 0 0 0 1 1 a  E' 1  86CoLe.14 15465.521356 False
15408.8150 0.02 0.02 4 0 1 0 1 0 1 0 a  E" 1741 0 0 0 0 0 0 2 1 a  E' 2  86CoLe.37 15465.524227 False
15405.6720 0.02 0.02 4 0 1 0 1 0 1 1 a A2'  918 0 0 0 0 0 0 2 0 a A2" 1  86CoLe.28 15466.085018 False
15465.2949 0.02 0.02 4 0 1 0 1 0 1 1 a A2'  919 0 0 0 0 0 0 0 0 a A2" 1   86CoLe.3 15466.088303 False
15421.6826 0.02 0.02 5 0 0 0 0 0 1 1 s  E" 1739 0 0 0 0 0 0 2 2 s  E' 1  86CoLe.52 15466.478578  True
15446.9263 0.02 0.02 4 0 1 0 1 0 1 1 s A2"  805 0 0 0 0 0 0 1 0 s A2' 1   86CoLe.6 15466.816186  True
15422.1293 0.02 0.02 0 8 2 0 0 0 1 1 s  E" 1742 0 0 0 0 0 0 2 2 s  E' 1  86CoLe.53 15466.925278 False
15410.2410 0.02 0.02 4 0 1 0 1 0 1 0 a  E" 1741 0 0 0 0 0 0 2 1 a  E' 2  86CoLe.38 15466.950227  True
15449.9880 0.02 0.02 4 0 1 0 1 0 1 0 a  E" 1741 0 0 0 0 0 0 1 1 a  E' 1  86CoLe.15 15466.951356  True
15410.5960 0.02 0.02 4 0 1 0 1 0 1 0 a  E" 1742 0 0 0 0 0 0 2 1 a  E' 2  86CoLe.39 15467.305227 False
15450.3460 0.02 0.02 4 0 1 0 1 0 1 0 a  E" 1742 0 0 0 0 0 0 1 1 a  E' 1  86CoLe.16 15467.309356 False
15451.2560 0.02 0.02 0 9 0 3 0 1 1 0 s  E' 1701 0 0 0 0 0 0 1 1 s  E" 1  86CoLe.17 15467.428993 False
15408.7299 0.02 0.02 0 8 2 0 0 0 1 0 s A2'  919 0 0 0 0 0 0 2 0 a A2" 1  86CoLe.29 15469.142918 False
15468.3535 0.02 0.02 0 8 2 0 0 0 1 0 s A2'  919 0 0 0 0 0 0 0 0 a A2" 1   86CoLe.4 15469.146903 False
15453.7170 0.02 0.02 4 0 1 0 1 0 1 0 s  E' 1700 0 0 0 0 0 0 1 1 s  E" 1  86CoLe.18 15469.889993  True
15413.9527 0.02 0.02 4 0 1 0 1 0 1 0 s  E' 1700 0 0 0 0 0 0 2 1 s  E" 2  86CoLe.40 15469.891433  True
15412.7770 0.02 0.02 0 8 2 0 0 0 1 0 s A2'  920 0 0 0 0 0 0 2 0 a A2" 1  86CoLe.30 15473.190018 False
15472.4004 0.02 0.02 0 8 2 0 0 0 1 0 s A2'  920 0 0 0 0 0 0 0 0 a A2" 1   86CoLe.5 15473.193803 False
15386.4024 0.02 0.02 0 1 1 7 1 5 2 2 a  E" 2842 0 0 0 0 0 0 3 2 s  E' 1  86CoLe.86 15490.824488 False
15404.4064 0.02 0.02 4 0 1 0 1 0 2 2 a A2" 1479 0 0 0 0 0 0 3 3 a A2' 1 86CoLe.108 15491.064203  True
15446.3160 0.02 0.02 0 1 1 7 1 5 2 2 a  E" 2842 0 0 0 0 0 0 2 2 s  E' 1  86CoLe.55 15491.111978 False
15434.6374 0.02 0.02 4 0 1 0 1 0 2 2 a  E" 2838 0 0 0 0 0 0 2 1 a  E' 2  86CoLe.41 15491.346627  True
15474.3858 0.02 0.02 4 0 1 0 1 0 2 2 a  E" 2838 0 0 0 0 0 0 1 1 a  E' 1  86CoLe.19 15491.349156  True
15375.7290 0.02 0.02 0 1 1 7 1 5 2 2 a  E" 2843 0 0 0 0 0 0 3 1 a  E' 2  86CoLe.70 15492.007295 False
15387.9057 0.02 0.02 0 8 2 0 0 0 2 2 s  E' 2884 0 0 0 0 0 0 3 2 a  E" 1  86CoLe.85 15493.089455 False
15447.5028 0.02 0.02 0 8 2 0 0 0 2 2 s  E' 2884 0 0 0 0 0 0 2 2 a  E" 1  86CoLe.54 15493.090080 False
15477.5711 0.02 0.02 0 8 2 0 0 0 2 2 s  E' 2884 0 0 0 0 0 0 1 1 s  E" 1  86CoLe.20 15493.744093 False
15477.7892 0.02 0.02 4 0 1 0 1 0 2 2 s  E' 2880 0 0 0 0 0 0 1 1 s  E" 1  86CoLe.21 15493.962193  True
15378.4289 0.02 0.02 4 0 1 0 1 0 2 2 s  E' 2880 0 0 0 0 0 0 3 1 s  E" 2  86CoLe.71 15493.965531  True
15408.2347 0.02 0.02 4 0 1 0 1 0 2 2 s A2' 1369 0 0 0 0 0 0 3 3 s A2" 1 86CoLe.109 15494.096281  True
15439.3680 0.02 0.02 0 8 2 0 0 0 2 2 s  E' 2884 0 0 0 0 0 0 2 1 s  E" 2  86CoLe.42 15495.306733 False
15479.1377 0.02 0.02 0 8 2 0 0 0 2 2 s  E' 2884 0 0 0 0 0 0 1 1 s  E" 1  86CoLe.22 15495.310693 False
15382.6833 0.02 0.02 4 0 1 0 1 0 2 1 a  E' 2889 0 0 0 0 0 0 3 1 s  E" 2  86CoLe.73 15498.219931 False
15482.4430 0.02 0.02 2 4 0 3 0 3 2 1 a  E' 2889 0 0 0 0 0 0 1 1 s  E" 1  86CoLe.24 15498.615993 False
15444.1648 0.02 0.02 5 0 0 0 0 0 2 1 s  E" 2851 0 0 0 0 0 0 2 1 a  E' 2  86CoLe.43 15500.874027 False
15483.9286 0.02 0.02 5 0 0 0 0 0 2 1 s  E" 2851 0 0 0 0 0 0 1 1 a  E' 1  86CoLe.23 15500.891956 False
15384.6156 0.02 0.02 5 0 0 0 0 0 2 1 s  E" 2851 0 0 0 0 0 0 3 1 a  E' 2  86CoLe.72 15500.893895 False
15455.5781 0.02 0.02 5 0 0 0 0 0 2 1 s  E' 2888 0 0 0 0 0 0 2 2 a  E" 1  86CoLe.56 15501.165380  True
15395.9825 0.02 0.02 5 0 0 0 0 0 2 1 s  E' 2888 0 0 0 0 0 0 3 2 a  E" 1  86CoLe.87 15501.166255  True
15382.6830 0.02 0.02 0 9 0 3 0 1 2 1 s A2" 1483 0 0 0 0 0 0 3 0 s A2' 2  86CoLe.64 15501.920859 False
15482.0441 0.02 0.02 0 9 0 3 0 1 2 1 s A2" 1483 0 0 0 0 0 0 1 0 s A2' 1   86CoLe.7 15501.933986 False
15441.5525 0.02 0.02 0 1 1 7 1 3 2 1 a A2' 1375 0 0 0 0 0 0 2 0 a A2" 1  86CoLe.31 15501.965518 False
15482.4971 0.02 0.02 5 0 0 0 0 0 2 1 a A2" 1484 0 0 0 0 0 0 1 0 s A2' 1   86CoLe.8 15502.386986  True
15383.1510 0.02 0.02 5 0 0 0 0 0 2 1 a A2" 1484 0 0 0 0 0 0 3 0 s A2' 2  86CoLe.65 15502.388859  True
15483.2830 0.02 0.02 1 1 1 5 1 3 2 1 s A2" 1485 0 0 0 0 0 0 1 0 s A2' 1   86CoLe.9 15503.172886 False
15383.9360 0.02 0.02 1 1 1 5 1 3 2 1 s A2" 1485 0 0 0 0 0 0 3 0 s A2' 2  86CoLe.66 15503.173859 False
15486.8545 0.02 0.02 4 0 1 0 1 0 2 0 a  E" 2852 0 0 0 0 0 0 1 1 a  E' 1  86CoLe.25 15503.817856  True
15387.5417 0.02 0.02 4 0 1 0 1 0 2 0 a  E" 2852 0 0 0 0 0 0 3 1 a  E' 2  86CoLe.74 15503.819995  True
15447.1130 0.02 0.02 4 0 1 0 1 0 2 0 a  E" 2852 0 0 0 0 0 0 2 1 a  E' 2  86CoLe.44 15503.822227  True
15329.2150 0.02 0.02 1 3 1 4 1 0 5 2 s  E' 6015 0 0 0 0 0 0 4 2 a  E" 2 86CoLe.156 15513.768057 False
15444.5607 0.02 0.02 5 0 0 0 0 0 3 3 a A2' 2055 0 0 0 0 0 0 3 3 s A2" 1 86CoLe.112 15530.422281  True
15365.0916 0.02 0.02 5 0 0 0 0 0 3 3 a A2' 2055 0 0 0 0 0 0 4 3 s A2" 1 86CoLe.159 15530.422702  True
15390.6596 0.02 0.02 4 0 1 0 1 0 3 3 a  E' 3968 0 0 0 0 0 0 4 4 a  E" 1 86CoLe.181 15530.822853 False
15346.5938 0.02 0.02 4 0 1 0 1 0 3 3 a  E' 3967 0 0 0 0 0 0 4 2 a  E" 2 86CoLe.140 15531.146857  True
15485.5605 0.02 0.02 4 0 1 0 1 0 3 3 a  E' 3967 0 0 0 0 0 0 2 2 a  E" 1  86CoLe.57 15531.147780  True
15425.9647 0.02 0.02 4 0 1 0 1 0 3 3 a  E' 3967 0 0 0 0 0 0 3 2 a  E" 1  86CoLe.88 15531.148455  True
15426.9111 0.02 0.02 1 4 1 3 1 1 3 3 a  E' 3969 0 0 0 0 0 0 3 2 a  E" 1  86CoLe.89 15532.094855 False
15486.5109 0.02 0.02 1 4 1 3 1 1 3 3 a  E' 3969 0 0 0 0 0 0 2 2 a  E" 1  86CoLe.58 15532.098180 False
15367.3569 0.02 0.02 5 0 0 0 0 0 3 3 s A2" 1946 0 0 0 0 0 0 4 3 a A2' 1 86CoLe.157 15533.444803  True
15446.7880 0.02 0.02 5 0 0 0 0 0 3 3 s A2" 1946 0 0 0 0 0 0 3 3 a A2' 1 86CoLe.110 15533.445803  True
15349.8688 0.02 0.02 1 3 1 4 1 4 3 3 s  E" 4014 0 0 0 0 0 0 4 2 s  E' 2 86CoLe.141 15533.697911 False
15394.3426 0.02 0.02 1 3 1 4 1 4 3 3 s  E" 4014 0 0 0 0 0 0 4 4 s  E' 1 86CoLe.182 15533.700649 False
15488.9085 0.02 0.02 1 3 1 4 1 4 3 3 s  E" 4014 0 0 0 0 0 0 2 2 s  E' 1  86CoLe.59 15533.704478 False
15394.4386 0.02 0.02 1 3 1 4 1 4 3 3 s  E" 4014 0 0 0 0 0 0 4 4 s  E' 1 86CoLe.183 15533.796649 False
15489.1266 0.02 0.02 4 0 1 0 1 0 3 3 s  E" 4005 0 0 0 0 0 0 2 2 s  E' 1  86CoLe.60 15533.922578  True
15429.5036 0.02 0.02 4 0 1 0 1 0 3 3 s  E" 4005 0 0 0 0 0 0 3 2 s  E' 1  86CoLe.90 15533.925688  True
15350.0969 0.02 0.02 4 0 1 0 1 0 3 3 s  E" 4005 0 0 0 0 0 0 4 2 s  E' 2 86CoLe.142 15533.926011  True
15447.3446 0.02 0.02 1 1 2 3 0 3 3 3 s A2" 1949 0 0 0 0 0 0 3 3 a A2' 1 86CoLe.111 15534.002403 False
15367.9289 0.02 0.02 1 1 2 3 0 3 3 3 s A2" 1949 0 0 0 0 0 0 4 3 a A2' 1 86CoLe.158 15534.016803 False
15489.3181 0.02 0.02 1 3 1 4 1 4 3 3 s  E" 4014 0 0 0 0 0 0 2 2 s  E' 1  86CoLe.61 15534.114078 False
15350.2888 0.02 0.02 1 3 1 4 1 4 3 3 s  E" 4014 0 0 0 0 0 0 4 2 s  E' 2 86CoLe.143 15534.117911 False
15361.0119 0.02 0.02 5 0 0 0 0 0 3 2 a  E" 4023 0 0 0 0 0 0 4 2 s  E' 2 86CoLe.145 15544.841011 False
15440.4260 0.02 0.02 5 0 0 0 0 0 3 2 a  E" 4023 0 0 0 0 0 0 3 2 s  E' 1  86CoLe.92 15544.848088 False
15500.5540 0.02 0.02 5 0 0 0 0 0 3 2 a  E" 4024 0 0 0 0 0 0 2 2 s  E' 1  86CoLe.63 15545.349978 False
15350.7167 0.02 0.02 5 0 0 0 0 0 3 2 a  E" 4025 0 0 0 0 0 0 4 1 a  E' 3 86CoLe.133 15546.328021 False
15459.7797 0.02 0.02 4 0 1 0 1 0 3 2 a A2" 1954 0 0 0 0 0 0 3 3 a A2' 1 86CoLe.113 15546.437503  True
15380.3504 0.02 0.02 4 0 1 0 1 0 3 2 a A2" 1954 0 0 0 0 0 0 4 3 a A2' 1 86CoLe.160 15546.438303  True
15430.2494 0.02 0.02 4 0 1 0 1 0 3 2 a  E" 4021 0 0 0 0 0 0 3 1 a  E' 2  86CoLe.75 15546.527695  True
15489.8186 0.02 0.02 4 0 1 0 1 0 3 2 a  E" 4021 0 0 0 0 0 0 2 1 a  E' 2  86CoLe.45 15546.527827  True
15460.2538 0.02 0.02 4 0 1 0 1 0 3 2 a A2" 1957 0 0 0 0 0 0 3 3 a A2' 1 86CoLe.114 15546.911603 False
15380.8253 0.02 0.02 4 0 1 0 1 0 3 2 a A2" 1957 0 0 0 0 0 0 4 3 a A2' 1 86CoLe.161 15546.913203 False
15442.7729 0.02 0.02 0 9 0 3 0 1 3 2 s  E' 3986 0 0 0 0 0 0 3 2 a  E" 1  86CoLe.91 15547.956655 False
15363.4054 0.02 0.02 0 9 0 3 0 1 3 2 s  E' 3986 0 0 0 0 0 0 4 2 a  E" 2 86CoLe.144 15547.958457 False
15502.3745 0.02 0.02 0 9 0 3 0 1 3 2 s  E' 3986 0 0 0 0 0 0 2 2 a  E" 1  86CoLe.62 15547.961780 False
15462.8467 0.02 0.02 4 0 1 0 1 0 3 2 s A2' 2060 0 0 0 0 0 0 3 3 s A2" 1 86CoLe.115 15548.708281  True
15383.3808 0.02 0.02 4 0 1 0 1 0 3 2 s A2' 2060 0 0 0 0 0 0 4 3 s A2" 1 86CoLe.162 15548.711902  True
15493.4822 0.02 0.02 4 0 1 0 1 0 3 2 s  E' 3980 0 0 0 0 0 0 2 1 s  E" 2  86CoLe.46 15549.420933  True
15433.8846 0.02 0.02 4 0 1 0 1 0 3 2 s  E' 3980 0 0 0 0 0 0 3 1 s  E" 2  86CoLe.76 15549.421231  True
15447.7738 0.02 0.02 4 0 1 0 1 0 3 1 a  E' 3992 0 0 0 0 0 0 3 2 a  E" 1  86CoLe.93 15552.957555 False
15368.4090 0.02 0.02 4 0 1 0 1 0 3 1 a  E' 3992 0 0 0 0 0 0 4 2 a  E" 2 86CoLe.146 15552.962057 False
15437.4286 0.02 0.02 4 0 1 0 1 0 3 1 a  E' 3992 0 0 0 0 0 0 3 1 s  E" 2  86CoLe.77 15552.965231 False
15497.1800 0.02 0.02 4 0 1 0 1 0 3 1 a  E' 3993 0 0 0 0 0 0 2 1 s  E" 2  86CoLe.49 15553.118733 False
15493.3511 0.02 0.02 4 0 1 0 1 0 3 1 a A2' 2067 0 0 0 0 0 0 2 0 a A2" 1  86CoLe.32 15553.764118  True
15354.7030 0.02 0.02 4 0 1 0 1 0 3 1 a A2' 2069 0 0 0 0 0 0 4 0 a A2" 2 86CoLe.125 15553.996937 False
15499.4074 0.02 0.02 5 0 0 0 0 0 3 1 s  E" 4041 0 0 0 0 0 0 2 1 a  E' 2  86CoLe.47 15556.116627 False
15451.7218 0.02 0.02 5 0 0 0 0 0 3 1 s  E" 4041 0 0 0 0 0 0 3 2 s  E' 1  86CoLe.96 15556.143888 False
15372.3148 0.02 0.02 5 0 0 0 0 0 3 1 s  E" 4041 0 0 0 0 0 0 4 2 s  E' 2 86CoLe.148 15556.143911 False
15373.2548 0.02 0.02 1 4 1 3 1 1 3 1 a  E' 4000 0 0 0 0 0 0 4 2 a  E" 2 86CoLe.147 15557.807857 False
15452.6242 0.02 0.02 1 4 1 3 1 1 3 1 a  E' 4000 0 0 0 0 0 0 3 2 a  E" 1  86CoLe.95 15557.807955 False
15363.7048 0.02 0.02 4 0 1 0 1 0 3 0 a  E" 4045 0 0 0 0 0 0 4 1 a  E' 3 86CoLe.134 15559.316121 False
15443.4190 0.02 0.02 4 0 1 0 1 0 3 0 a  E" 4045 0 0 0 0 0 0 3 1 a  E' 2  86CoLe.78 15559.697295 False
15499.4070 0.02 0.02 1 1 2 3 0 3 3 0 s A2' 2073 0 0 0 0 0 0 2 0 a A2" 1  86CoLe.33 15559.820018 False
15360.5301 0.02 0.02 1 1 2 3 0 3 3 0 s A2' 2073 0 0 0 0 0 0 4 0 a A2" 2 86CoLe.126 15559.824037 False
15440.6900 0.02 0.02 1 3 1 4 1 4 3 1 s A2" 1962 0 0 0 0 0 0 3 0 s A2' 2  86CoLe.67 15559.927859 False
15443.7120 0.02 0.02 4 0 1 0 1 0 3 0 s  E" 4042 0 0 0 0 0 0 3 1 a  E' 2  86CoLe.79 15559.990295  True
15364.5791 0.02 0.02 4 0 1 0 1 0 3 0 a  E" 4045 0 0 0 0 0 0 4 1 a  E' 3 86CoLe.135 15560.190421 False
15503.7000 0.02 0.02 1 1 2 3 0 3 3 1 s  E" 4045 0 0 0 0 0 0 2 1 a  E' 2  86CoLe.48 15560.409227 False
15362.5458 0.02 0.02 1 1 2 3 0 3 3 0 s A2' 2075 0 0 0 0 0 0 4 0 a A2" 2 86CoLe.127 15561.839737 False
15501.5260 0.02 0.02 5 0 0 0 0 0 3 0 s A2' 2070 0 0 0 0 0 0 2 0 a A2" 1  86CoLe.34 15561.939018  True
15446.5737 0.02 0.02 4 0 1 0 1 0 3 0 s  E' 3997 0 0 0 0 0 0 3 1 s  E" 2  86CoLe.80 15562.110331  True
15506.1773 0.02 0.02 4 0 1 0 1 0 3 0 s  E' 3997 0 0 0 0 0 0 2 1 s  E" 2  86CoLe.50 15562.116033  True
15367.7053 0.02 0.02 0 8 2 0 2 0 3 0 s  E' 4004 0 0 0 0 0 0 4 1 s  E" 3 86CoLe.136 15562.611657 False
15494.4896 0.02 0.02 4 0 1 0 1 0 4 4 a A2" 2608 0 0 0 0 0 0 3 3 a A2' 1 86CoLe.116 15581.147403 False
15415.0604 0.02 0.02 4 0 1 0 1 0 4 4 a A2" 2608 0 0 0 0 0 0 4 3 a A2' 1 86CoLe.163 15581.148303 False
15315.9340 0.02 0.02 4 0 1 0 1 0 4 4 a A2" 2608 0 0 0 0 0 0 5 3 a A2' 1 86CoLe.208 15581.160657 False
15315.9340 0.02 0.02 4 0 1 0 1 0 4 4 a A2" 2608 0 0 0 0 0 0 5 3 a A2' 1 86CoLe.209 15581.160657 False
15442.7090 0.02 0.02 5 0 0 0 0 0 4 4 a  E" 5094 0 0 0 0 0 0 4 4 s  E' 1 86CoLe.186 15582.067049 False
15442.9216 0.02 0.02 5 0 0 0 0 0 4 4 a  E" 5094 0 0 0 0 0 0 4 4 s  E' 1 86CoLe.187 15582.279649 False
15343.6301 0.02 0.02 5 0 0 0 0 0 4 4 a  E" 5094 0 0 0 0 0 0 5 4 s  E' 2 86CoLe.229 15582.282767 False
15376.5550 0.02 0.02 5 0 0 0 0 0 4 4 a  E" 5094 0 0 0 0 0 0 5 5 a  E' 1 86CoLe.239 15582.642480  True
15443.4744 0.02 0.02 1 1 0 7 0 1 4 4 a  E" 5095 0 0 0 0 0 0 4 4 s  E' 1 86CoLe.188 15582.832449 False
15417.4594 0.02 0.02 4 0 1 0 1 0 4 4 a A2" 2607 0 0 0 0 0 0 4 3 a A2' 1 86CoLe.164 15583.547303  True
15496.8896 0.02 0.02 4 0 1 0 1 0 4 4 a A2" 2607 0 0 0 0 0 0 3 3 a A2' 1 86CoLe.117 15583.547403  True
15318.3226 0.02 0.02 4 0 1 0 1 0 4 4 a A2" 2607 0 0 0 0 0 0 5 3 a A2' 1 86CoLe.210 15583.549257  True
15497.1374 0.02 0.02 1 4 1 3 1 1 4 4 a A2" 2610 0 0 0 0 0 0 3 3 a A2' 1 86CoLe.118 15583.795203 False
15318.5707 0.02 0.02 1 4 1 3 1 1 4 4 a A2" 2610 0 0 0 0 0 0 5 3 a A2' 1 86CoLe.211 15583.797357 False
15417.7098 0.02 0.02 1 4 1 3 1 1 4 4 a A2" 2610 0 0 0 0 0 0 4 3 a A2' 1 86CoLe.165 15583.797703 False
15498.1924 0.02 0.02 4 0 1 0 1 0 4 4 s A2' 2503 0 0 0 0 0 0 3 3 s A2" 1 86CoLe.119 15584.053981 False
15444.5607 0.02 0.02 1 3 1 4 1 4 4 4 s  E' 5138 0 0 0 0 0 0 4 4 a  E" 1 86CoLe.184 15584.723953 False
15444.9117 0.02 0.02 1 3 1 4 1 4 4 4 s  E' 5139 0 0 0 0 0 0 4 4 a  E" 1 86CoLe.185 15585.074953 False
15380.2903 0.02 0.02 1 3 1 4 1 4 4 4 s  E' 5139 0 0 0 0 0 0 5 5 s  E" 1 86CoLe.240 15585.559448 False
15321.1009 0.02 0.02 4 0 1 0 1 0 4 4 s A2' 2499 0 0 0 0 0 0 5 3 s A2" 1 86CoLe.212 15585.617557  True
15420.2888 0.02 0.02 4 0 1 0 1 0 4 4 s A2' 2499 0 0 0 0 0 0 4 3 s A2" 1 86CoLe.166 15585.619902  True
15499.7588 0.02 0.02 4 0 1 0 1 0 4 4 s A2' 2499 0 0 0 0 0 0 3 3 s A2" 1 86CoLe.120 15585.620381  True
15501.2346 0.02 0.02 1 3 0 6 0 4 4 4 s A2' 2504 0 0 0 0 0 0 3 3 s A2" 1 86CoLe.121 15587.096181 False
15336.8499 0.02 0.02 5 0 0 0 0 0 4 3 a A2' 2512 0 0 0 0 0 0 5 3 s A2" 1 86CoLe.214 15601.366557 False
15515.5150 0.02 0.02 5 0 0 0 0 0 4 3 a A2' 2514 0 0 0 0 0 0 3 3 s A2" 1 86CoLe.123 15601.376581  True
15436.0463 0.02 0.02 5 0 0 0 0 0 4 3 a A2' 2514 0 0 0 0 0 0 4 3 s A2" 1 86CoLe.168 15601.377402  True
15364.5003 0.02 0.02 4 0 1 0 1 0 4 3 a  E' 5156 0 0 0 0 0 0 5 4 a  E" 2 86CoLe.230 15603.908591  True
15498.7250 0.02 0.02 4 0 1 0 1 0 4 3 a  E' 5156 0 0 0 0 0 0 3 2 a  E" 1  86CoLe.97 15603.908755  True
15463.7458 0.02 0.02 4 0 1 0 1 0 4 3 a  E' 5156 0 0 0 0 0 0 4 4 a  E" 1 86CoLe.189 15603.909053  True
15320.2949 0.02 0.02 4 0 1 0 1 0 4 3 a  E' 5156 0 0 0 0 0 0 5 2 a  E" 3 86CoLe.202 15603.911621  True
15419.3600 0.02 0.02 4 0 1 0 1 0 4 3 a  E' 5156 0 0 0 0 0 0 4 2 a  E" 2 86CoLe.149 15603.913057  True
15498.8849 0.02 0.02 0 1 1 7 1 5 4 3 a  E' 5162 0 0 0 0 0 0 3 2 a  E" 1  86CoLe.98 15604.068655 False
15320.4550 0.02 0.02 0 1 1 7 1 5 4 3 a  E' 5162 0 0 0 0 0 0 5 2 a  E" 3 86CoLe.203 15604.071721 False
15419.5206 0.02 0.02 0 1 1 7 1 5 4 3 a  E' 5162 0 0 0 0 0 0 4 2 a  E" 2 86CoLe.150 15604.073657 False
15499.1661 0.02 0.02 0 1 1 7 1 5 4 3 a  E' 5163 0 0 0 0 0 0 3 2 a  E" 1  86CoLe.99 15604.349855 False
15464.1890 0.02 0.02 0 1 1 7 1 5 4 3 a  E' 5163 0 0 0 0 0 0 4 4 a  E" 1 86CoLe.190 15604.352253 False
15364.9515 0.02 0.02 0 1 1 7 1 5 4 3 a  E' 5163 0 0 0 0 0 0 5 4 a  E" 2 86CoLe.231 15604.359791 False
15518.7358 0.02 0.02 5 0 0 0 0 0 4 3 a A2' 2515 0 0 0 0 0 0 3 3 s A2" 1 86CoLe.124 15604.597381 False
15340.2785 0.02 0.02 5 0 0 0 0 0 4 3 a A2' 2515 0 0 0 0 0 0 5 3 s A2" 1 86CoLe.215 15604.795157 False
15439.4781 0.02 0.02 5 0 0 0 0 0 4 3 a A2' 2515 0 0 0 0 0 0 4 3 s A2" 1 86CoLe.169 15604.809202 False
15500.0500 0.02 0.02 0 1 1 7 1 5 4 3 a  E' 5163 0 0 0 0 0 0 3 2 a  E" 1 86CoLe.100 15605.233755 False
15519.1547 0.02 0.02 5 0 0 0 0 0 4 3 s A2" 2621 0 0 0 0 0 0 3 3 a A2' 1 86CoLe.122 15605.812503  True
15340.5895 0.02 0.02 5 0 0 0 0 0 4 3 s A2" 2621 0 0 0 0 0 0 5 3 a A2' 1 86CoLe.213 15605.816157  True
15439.7296 0.02 0.02 5 0 0 0 0 0 4 3 s A2" 2621 0 0 0 0 0 0 4 3 a A2' 1 86CoLe.167 15605.817503  True
15422.5490 0.02 0.02 0 8 2 0 2 0 4 3 s  E" 5122 0 0 0 0 0 0 4 2 s  E' 2 86CoLe.151 15606.378111 False
15501.9569 0.02 0.02 0 8 2 0 2 0 4 3 s  E" 5122 0 0 0 0 0 0 3 2 s  E' 1 86CoLe.101 15606.378988 False
15467.5863 0.02 0.02 4 0 1 0 1 0 4 3 s  E" 5115 0 0 0 0 0 0 4 4 s  E' 1 86CoLe.191 15606.944349  True
15368.2929 0.02 0.02 4 0 1 0 1 0 4 3 s  E" 5115 0 0 0 0 0 0 5 4 s  E' 2 86CoLe.232 15606.945567  True
15502.5237 0.02 0.02 4 0 1 0 1 0 4 3 s  E" 5115 0 0 0 0 0 0 3 2 s  E' 1 86CoLe.102 15606.945788  True
15324.6200 0.02 0.02 4 0 1 0 1 0 4 3 s  E" 5116 0 0 0 0 0 0 5 2 s  E' 3 86CoLe.204 15607.557199  True
15503.1353 0.02 0.02 4 0 1 0 1 0 4 3 s  E" 5116 0 0 0 0 0 0 3 2 s  E' 1 86CoLe.103 15607.557388  True
15423.7288 0.02 0.02 4 0 1 0 1 0 4 3 s  E" 5116 0 0 0 0 0 0 4 2 s  E' 2 86CoLe.152 15607.557911  True
15503.5600 0.02 0.02 0 8 2 0 2 0 4 3 s  E" 5123 0 0 0 0 0 0 3 2 s  E' 1 86CoLe.104 15607.982088 False
15433.0951 0.02 0.02 4 0 1 0 1 0 4 2 a  E" 5137 0 0 0 0 0 0 4 2 s  E' 2 86CoLe.154 15616.924211 False
15512.5023 0.02 0.02 4 0 1 0 1 0 4 2 a  E" 5137 0 0 0 0 0 0 3 2 s  E' 1 86CoLe.107 15616.924388 False
15451.6093 0.02 0.02 4 0 1 0 1 0 4 2 s A2' 2525 0 0 0 0 0 0 4 3 s A2" 1 86CoLe.171 15616.940402 False
15353.4099 0.02 0.02 4 0 1 0 1 0 4 2 a A2" 2631 0 0 0 0 0 0 5 3 a A2' 1 86CoLe.216 15618.636557  True
15452.5499 0.02 0.02 4 0 1 0 1 0 4 2 a A2" 2631 0 0 0 0 0 0 4 3 a A2' 1 86CoLe.170 15618.637803  True
15324.5290 0.02 0.02 4 0 1 0 1 0 4 2 a  E" 5136 0 0 0 0 0 0 5 1 a  E' 4 86CoLe.199 15619.159056  True
15423.5505 0.02 0.02 4 0 1 0 1 0 4 2 a  E" 5136 0 0 0 0 0 0 4 1 a  E' 3 86CoLe.137 15619.161821  True
15502.8848 0.02 0.02 4 0 1 0 1 0 4 2 a  E" 5136 0 0 0 0 0 0 3 1 a  E' 2  86CoLe.81 15619.163095  True
15514.8477 0.02 0.02 1 1 2 3 0 3 4 2 s  E' 5184 0 0 0 0 0 0 3 2 a  E" 1 86CoLe.105 15620.031455 False
15435.4884 0.02 0.02 1 1 2 3 0 3 4 2 s  E' 5184 0 0 0 0 0 0 4 2 a  E" 2 86CoLe.153 15620.041457 False
15456.3559 0.02 0.02 0 1 1 7 1 5 4 2 s A2' 2527 0 0 0 0 0 0 4 3 s A2" 1 86CoLe.172 15621.687002 False
15357.1746 0.02 0.02 0 1 1 7 1 5 4 2 s A2' 2527 0 0 0 0 0 0 5 3 s A2" 1 86CoLe.217 15621.691257 False
15517.1956 0.02 0.02 1 1 2 3 0 3 4 2 s  E' 5188 0 0 0 0 0 0 3 2 a  E" 1 86CoLe.106 15622.379355 False
15427.5065 0.02 0.02 4 0 1 0 1 0 4 2 s  E' 5179 0 0 0 0 0 0 4 1 s  E" 3 86CoLe.138 15622.412857  True
15328.4458 0.02 0.02 4 0 1 0 1 0 4 2 s  E' 5179 0 0 0 0 0 0 5 1 s  E" 4 86CoLe.200 15622.414120  True
15506.8784 0.02 0.02 4 0 1 0 1 0 4 2 s  E' 5179 0 0 0 0 0 0 3 1 s  E" 2  86CoLe.82 15622.415031  True
15457.7650 0.02 0.02 4 0 1 0 1 0 4 2 s A2' 2524 0 0 0 0 0 0 4 3 s A2" 1 86CoLe.173 15623.096102  True
15358.5799 0.02 0.02 4 0 1 0 1 0 4 2 s A2' 2524 0 0 0 0 0 0 5 3 s A2" 1 86CoLe.218 15623.096557  True
15510.5519 0.02 0.02 1 1 1 5 1 3 4 2 s  E' 5194 0 0 0 0 0 0 3 1 s  E" 2  86CoLe.83 15626.088531 False
15508.3310 0.02 0.02 4 0 1 0 1 0 4 0 s A2" 2637 0 0 0 0 0 0 3 0 s A2' 2  86CoLe.69 15627.568859  True
15329.9274 0.02 0.02 4 0 1 0 1 0 4 0 s A2" 2637 0 0 0 0 0 0 5 0 s A2' 2 86CoLe.196 15627.569218  True
15428.6300 0.02 0.02 4 0 1 0 1 0 4 1 a A2' 2530 0 0 0 0 0 0 4 0 a A2" 2 86CoLe.128 15627.923937 False
15429.0657 0.02 0.02 4 0 1 0 1 0 4 1 a A2' 2530 0 0 0 0 0 0 4 0 a A2" 2 86CoLe.129 15628.359637 False
15514.5090 0.02 0.02 5 0 0 0 0 0 4 1 a A2" 2641 0 0 0 0 0 0 3 0 s A2' 2  86CoLe.68 15633.746859  True
15336.1062 0.02 0.02 5 0 0 0 0 0 4 1 a A2" 2641 0 0 0 0 0 0 5 0 s A2' 2 86CoLe.195 15633.748018  True
15342.3672 0.02 0.02 0 1 1 7 1 5 4 0 s  E' 5207 0 0 0 0 0 0 5 1 s  E" 4 86CoLe.201 15636.335520 False
15441.4330 0.02 0.02 0 1 1 7 1 5 4 0 s  E' 5207 0 0 0 0 0 0 4 1 s  E" 3 86CoLe.139 15636.339357 False
15520.8081 0.02 0.02 0 1 1 7 1 5 4 0 s  E' 5207 0 0 0 0 0 0 3 1 s  E" 2  86CoLe.84 15636.344731 False
15439.6200 0.02 0.02 4 0 1 0 1 0 5 5 a  E' 6202 0 0 0 0 0 0 5 5 s  E" 1 86CoLe.242 15644.889148 False
15440.4308 0.02 0.02 5 0 0 0 0 0 5 5 a  E' 6205 0 0 0 0 0 0 5 5 s  E" 1 86CoLe.243 15645.699948 False
15362.0045 0.02 0.02 4 0 1 0 1 0 5 5 a A2' 3162 0 0 0 0 0 0 6 6 a A2" 1 86CoLe.286 15646.414799  True
15506.4178 0.02 0.02 4 0 1 0 1 0 5 5 a  E' 6202 0 0 0 0 0 0 4 4 a  E" 1 86CoLe.192 15646.581053  True
15407.1790 0.02 0.02 4 0 1 0 1 0 5 5 a  E' 6202 0 0 0 0 0 0 5 4 a  E" 2 86CoLe.233 15646.587291  True
15364.9800 0.02 0.02 0 1 1 7 1 5 5 5 s A2" 3059 0 0 0 0 0 0 6 6 s A2' 1 86CoLe.287 15648.554520 False
15442.5879 0.02 0.02 0 3 2 4 0 2 5 5 s  E" 6251 0 0 0 0 0 0 5 5 a  E' 1 86CoLe.241 15648.675380 False
15510.3190 0.02 0.02 4 0 1 0 1 0 5 5 s  E" 6244 0 0 0 0 0 0 4 4 s  E' 1 86CoLe.193 15649.677049  True
15366.1108 0.02 0.02 4 0 1 0 1 0 5 5 s A2" 3055 0 0 0 0 0 0 6 6 s A2' 1 86CoLe.288 15649.685320  True
15411.3260 0.02 0.02 0 3 2 4 0 2 5 5 s  E" 6253 0 0 0 0 0 0 5 4 s  E' 2 86CoLe.234 15649.978667 False
15507.7140 0.02 0.02 1 1 1 5 1 3 5 4 s A2' 3183 0 0 0 0 0 0 4 3 s A2" 1 86CoLe.175 15673.045102 False
15408.5301 0.02 0.02 1 1 1 5 1 3 5 4 s A2' 3183 0 0 0 0 0 0 5 3 s A2" 1 86CoLe.220 15673.046757 False
15409.4619 0.02 0.02 1 1 1 5 1 3 5 4 s A2' 3183 0 0 0 0 0 0 5 3 s A2" 1 86CoLe.221 15673.978557 False
15508.6480 0.02 0.02 1 1 1 5 1 3 5 4 s A2' 3183 0 0 0 0 0 0 4 3 s A2" 1 86CoLe.176 15673.979102 False
15508.2030 0.02 0.02 4 0 1 0 1 0 5 4 a A2" 3078 0 0 0 0 0 0 4 3 a A2' 1 86CoLe.174 15674.290903  True
15290.3152 0.02 0.02 4 0 1 0 1 0 5 4 a A2" 3078 0 0 0 0 0 0 6 3 a A2' 2 86CoLe.259 15674.292728  True
15468.2353 0.02 0.02 4 0 1 0 1 0 5 4 a  E" 6280 0 0 0 0 0 0 5 5 a  E' 1 86CoLe.244 15674.322780  True
15349.2030 0.02 0.02 4 0 1 0 1 0 5 4 a  E" 6280 0 0 0 0 0 0 6 5 a  E' 1 86CoLe.275 15674.330275  True
15409.6420 0.02 0.02 4 0 1 0 1 0 5 4 a A2" 3080 0 0 0 0 0 0 5 3 a A2' 1 86CoLe.219 15674.868657 False
15535.6126 0.02 0.02 0 8 2 0 0 0 5 4 s  E' 6244 0 0 0 0 0 0 4 4 a  E" 1 86CoLe.194 15675.775853 False
15436.3717 0.02 0.02 0 8 2 0 0 0 5 4 s  E' 6244 0 0 0 0 0 0 5 4 a  E" 2 86CoLe.235 15675.779991 False
15352.9979 0.02 0.02 0 8 2 0 0 0 5 4 s  E' 6246 0 0 0 0 0 0 6 5 s  E" 1 86CoLe.276 15677.366903 False
15472.1062 0.02 0.02 0 8 2 0 0 0 5 4 s  E' 6246 0 0 0 0 0 0 5 5 s  E" 1 86CoLe.245 15677.375348 False
15294.6621 0.02 0.02 4 0 1 0 1 0 5 4 s A2' 3181 0 0 0 0 0 0 6 3 s A2" 2 86CoLe.260 15677.980588  True
15413.4654 0.02 0.02 4 0 1 0 1 0 5 4 s A2' 3181 0 0 0 0 0 0 5 3 s A2" 1 86CoLe.222 15677.982057  True
15512.6524 0.02 0.02 4 0 1 0 1 0 5 4 s A2' 3181 0 0 0 0 0 0 4 3 s A2" 1 86CoLe.177 15677.983502  True
15310.7029 0.02 0.02 5 0 0 0 0 0 5 3 a A2' 3202 0 0 0 0 0 0 6 3 s A2" 2 86CoLe.263 15694.021388  True
15528.6962 0.02 0.02 5 0 0 0 0 0 5 3 a A2' 3202 0 0 0 0 0 0 4 3 s A2" 1 86CoLe.180 15694.027302  True
15292.4646 0.02 0.02 4 0 1 0 1 0 5 3 a  E' 6271 0 0 0 0 0 0 6 2 a  E" 3 86CoLe.256 15694.742423  True
15411.1307 0.02 0.02 4 0 1 0 1 0 5 3 a  E' 6271 0 0 0 0 0 0 5 2 a  E" 3 86CoLe.205 15694.747421  True
15510.1950 0.02 0.02 4 0 1 0 1 0 5 3 a  E' 6271 0 0 0 0 0 0 4 2 a  E" 2 86CoLe.155 15694.748057  True
15530.7000 0.02 0.02 1 1 2 3 0 3 5 3 s A2" 3095 0 0 0 0 0 0 4 3 a A2' 1 86CoLe.178 15696.787903 False
15312.8145 0.02 0.02 1 1 2 3 0 3 5 3 s A2" 3095 0 0 0 0 0 0 6 3 a A2' 2 86CoLe.261 15696.792028 False
15313.4720 0.02 0.02 5 0 0 0 0 0 5 3 s A2" 3093 0 0 0 0 0 0 6 3 a A2' 2 86CoLe.262 15697.449528  True
15531.3630 0.02 0.02 5 0 0 0 0 0 5 3 s A2" 3093 0 0 0 0 0 0 4 3 a A2' 1 86CoLe.179 15697.450903  True
15432.2253 0.02 0.02 5 0 0 0 0 0 5 3 s A2" 3093 0 0 0 0 0 0 5 3 a A2' 1 86CoLe.223 15697.451957  True
15311.4959 0.02 0.02 3 1 0 3 0 3 5 2 s  E' 6305 0 0 0 0 0 0 6 2 a  E" 3 86CoLe.257 15713.773723 False
15517.0559 0.02 0.02 2 1 1 3 1 1 5 1 a A2' 3218 0 0 0 0 0 0 4 0 a A2" 2 86CoLe.130 15716.349837 False
15299.9670 0.02 0.02 1 4 1 3 1 3 5 1 a A2' 3218 0 0 0 0 0 0 6 0 a A2" 3 86CoLe.253 15716.854810 False
15300.1462 0.02 0.02 4 0 1 0 1 0 5 1 a A2' 3216 0 0 0 0 0 0 6 0 a A2" 3 86CoLe.254 15717.034010  True
15515.1096 0.02 0.02 4 0 1 0 1 0 6 6 a  E" 7288 0 0 0 0 0 0 5 5 a  E' 1 86CoLe.246 15721.197080 False
15304.5880 0.02 0.02 5 0 0 0 0 0 5 0 s A2' 3222 0 0 0 0 0 0 6 0 a A2" 3 86CoLe.255 15721.475810 False
15437.9029 0.02 0.02 5 0 0 0 0 0 6 6 a A2" 3709 0 0 0 0 0 0 6 6 s A2' 1 86CoLe.291 15721.477420 False
15522.1904 0.02 0.02 1 4 1 3 1 3 5 1 a A2' 3222 0 0 0 0 0 0 4 0 a A2" 2 86CoLe.132 15721.484337 False
15438.1880 0.02 0.02 5 0 0 0 0 0 6 6 a A2" 3710 0 0 0 0 0 0 6 6 s A2' 1 86CoLe.292 15721.762520 False
15516.4559 0.02 0.02 4 0 1 0 1 0 6 6 a  E" 7290 0 0 0 0 0 0 5 5 a  E' 1 86CoLe.247 15722.543380 False
15397.4185 0.02 0.02 4 0 1 0 1 0 6 6 a  E" 7290 0 0 0 0 0 0 6 5 a  E' 1 86CoLe.277 15722.545775 False
15517.4310 0.02 0.02 4 0 1 0 1 0 6 6 a  E" 7291 0 0 0 0 0 0 5 5 a  E' 1 86CoLe.248 15723.518480 False
15440.5128 0.02 0.02 0 1 1 7 1 1 6 6 s A2' 3607 0 0 0 0 0 0 6 6 a A2" 1 86CoLe.289 15724.923099 False
15440.7467 0.02 0.02 0 1 1 7 1 1 6 6 s A2' 3608 0 0 0 0 0 0 6 6 a A2" 1 86CoLe.290 15725.156999 False
15400.9777 0.02 0.02 4 0 1 0 1 0 6 6 s  E' 7327 0 0 0 0 0 0 6 5 s  E" 1 86CoLe.278 15725.346703  True
15520.0786 0.02 0.02 4 0 1 0 1 0 6 6 s  E' 7327 0 0 0 0 0 0 5 5 s  E" 1 86CoLe.249 15725.347748  True
15401.6079 0.02 0.02 0 3 2 4 0 2 6 6 s  E' 7342 0 0 0 0 0 0 6 5 s  E" 1 86CoLe.279 15725.976903 False
15520.7111 0.02 0.02 0 3 2 4 0 2 6 6 s  E' 7342 0 0 0 0 0 0 5 5 s  E" 1 86CoLe.250 15725.980248 False
15430.3487 0.02 0.02 5 0 0 0 0 0 6 5 a  E' 7387 0 0 0 0 0 0 6 5 s  E" 1 86CoLe.281 15754.717703 False
15549.4548 0.02 0.02 5 0 0 0 0 0 6 5 a  E' 7387 0 0 0 0 0 0 5 5 s  E" 1 86CoLe.252 15754.723948 False
15396.9434 0.02 0.02 1 4 1 3 1 1 6 5 a  E' 7389 0 0 0 0 0 0 6 4 a  E" 2 86CoLe.271 15755.227985 False
15515.8215 0.02 0.02 1 4 1 3 1 1 6 5 a  E' 7389 0 0 0 0 0 0 5 4 a  E" 2 86CoLe.236 15755.229791 False
15259.3950 0.02 0.02 4 0 1 0 1 0 6 5 a  E' 7386 0 0 0 0 0 0 7 4 a  E" 3 86CoLe.310 15756.071242  True
15516.6653 0.02 0.02 4 0 1 0 1 0 6 5 a  E' 7386 0 0 0 0 0 0 5 4 a  E" 2 86CoLe.237 15756.073591  True
15397.7975 0.02 0.02 4 0 1 0 1 0 6 5 a  E' 7386 0 0 0 0 0 0 6 4 a  E" 2 86CoLe.272 15756.082085  True
15472.7086 0.02 0.02 4 0 1 0 1 0 6 5 a A2' 3633 0 0 0 0 0 0 6 6 a A2" 1 86CoLe.293 15757.118899 False
15333.8980 0.02 0.02 4 0 1 0 1 0 6 5 a A2' 3633 0 0 0 0 0 0 7 6 a A2" 1 86CoLe.314 15757.121023 False
15552.5081 0.02 0.02 0 8 2 0 2 0 6 5 s  E" 7349 0 0 0 0 0 0 5 5 a  E' 1 86CoLe.251 15758.595580 False
15433.4720 0.02 0.02 0 8 2 0 2 0 6 5 s  E" 7349 0 0 0 0 0 0 6 5 a  E' 1 86CoLe.280 15758.599275 False
15401.4862 0.02 0.02 4 0 1 0 1 0 6 5 s  E" 7340 0 0 0 0 0 0 6 4 s  E' 2 86CoLe.273 15759.070480  True
15520.4183 0.02 0.02 4 0 1 0 1 0 6 5 s  E" 7340 0 0 0 0 0 0 5 4 s  E' 2 86CoLe.238 15759.070967  True
15336.7060 0.02 0.02 4 0 1 0 1 0 6 5 s A2" 3736 0 0 0 0 0 0 7 6 s A2' 1 86CoLe.315 15759.164329  True
15475.5943 0.02 0.02 4 0 1 0 1 0 6 5 s A2" 3736 0 0 0 0 0 0 6 6 s A2' 1 86CoLe.294 15759.168820  True
15398.4428 0.02 0.02 4 0 1 0 1 0 6 4 a A2" 3761 0 0 0 0 0 0 6 3 a A2' 2 86CoLe.264 15782.420328  True
15517.1950 0.02 0.02 4 0 1 0 1 0 6 4 a A2" 3761 0 0 0 0 0 0 5 3 a A2' 1 86CoLe.224 15782.421657  True
15260.2009 0.02 0.02 4 0 1 0 1 0 6 4 a A2" 3761 0 0 0 0 0 0 7 3 a A2' 2 86CoLe.303 15782.423879  True
15518.6780 0.02 0.02 4 0 1 0 1 0 6 4 a A2" 3764 0 0 0 0 0 0 5 3 a A2' 1 86CoLe.225 15783.904657 False
15261.6845 0.02 0.02 4 0 1 0 1 0 6 4 a A2" 3764 0 0 0 0 0 0 7 3 a A2' 2 86CoLe.304 15783.907479 False
15399.9362 0.02 0.02 4 0 1 0 1 0 6 4 a A2" 3764 0 0 0 0 0 0 6 3 a A2' 2 86CoLe.265 15783.913728 False
15520.9280 0.02 0.02 4 0 1 0 1 0 6 4 s A2' 3656 0 0 0 0 0 0 5 3 s A2" 1 86CoLe.226 15785.444657 False
15402.1298 0.02 0.02 4 0 1 0 1 0 6 4 s A2' 3656 0 0 0 0 0 0 6 3 s A2" 2 86CoLe.266 15785.448288 False
15263.8276 0.02 0.02 4 0 1 0 1 0 6 4 s A2' 3656 0 0 0 0 0 0 7 3 s A2" 2 86CoLe.305 15785.449585 False
15403.8677 0.02 0.02 4 0 1 0 1 0 6 4 s A2' 3657 0 0 0 0 0 0 6 3 s A2" 2 86CoLe.267 15787.186188 False
15522.6720 0.02 0.02 4 0 1 0 1 0 6 4 s A2' 3657 0 0 0 0 0 0 5 3 s A2" 1 86CoLe.227 15787.188657 False
15265.5694 0.02 0.02 4 0 1 0 1 0 6 4 s A2' 3657 0 0 0 0 0 0 7 3 s A2" 2 86CoLe.306 15787.191385 False
15284.0288 0.02 0.02 5 0 0 0 0 0 6 3 s A2" 3781 0 0 0 0 0 0 7 3 a A2' 2 86CoLe.307 15806.251779  True
15541.0300 0.02 0.02 5 0 0 0 0 0 6 3 s A2" 3781 0 0 0 0 0 0 5 3 a A2' 1 86CoLe.228 15806.256657  True
15422.2829 0.02 0.02 5 0 0 0 0 0 6 3 s A2" 3781 0 0 0 0 0 0 6 3 a A2' 2 86CoLe.268 15806.260428  True
15267.1533 0.02 0.02 0 1 1 7 1 5 6 3 s  E" 7434 0 0 0 0 0 0 7 2 s  E' 4 86CoLe.301 15806.998277 False
15405.3596 0.02 0.02 0 1 1 7 1 5 6 3 s  E" 7434 0 0 0 0 0 0 6 2 s  E' 3 86CoLe.258 15807.007497 False
15524.0720 0.02 0.02 0 1 1 7 1 5 6 3 s  E" 7434 0 0 0 0 0 0 5 2 s  E' 3 86CoLe.206 15807.009199 False
15449.5140 0.02 0.02 0 1 1 7 1 5 6 3 s  E" 7434 0 0 0 0 0 0 6 4 s  E' 2 86CoLe.274 15807.098280 False
15311.0639 0.02 0.02 0 1 1 7 1 5 6 3 s  E" 7434 0 0 0 0 0 0 7 4 s  E' 3 86CoLe.311 15807.099083 False
15435.3332 0.02 0.02 4 0 1 0 1 0 7 7 a  E' 8364 0 0 0 0 0 0 7 7 s  E" 1 86CoLe.321 15809.582519 False
15435.4880 0.02 0.02 5 0 0 0 0 0 7 7 a  E' 8365 0 0 0 0 0 0 7 7 s  E" 1 86CoLe.322 15809.737319 False
15526.5206 0.02 0.02 4 0 1 0 1 0 7 7 a A2' 4247 0 0 0 0 0 0 6 6 a A2" 1 86CoLe.295 15810.930899  True
15436.9832 0.02 0.02 0 1 4 0 4 0 7 7 s  E" 8411 0 0 0 0 0 0 7 7 a  E' 1 86CoLe.318 15812.090285 False
15390.7649 0.02 0.02 4 0 1 0 1 0 7 7 s A2" 4141 0 0 0 0 0 0 7 6 s A2' 1 86CoLe.316 15813.223229  True
15529.6611 0.02 0.02 4 0 1 0 1 0 7 7 s A2" 4141 0 0 0 0 0 0 6 6 s A2' 1 86CoLe.296 15813.235620  True
15438.6448 0.02 0.02 0 1 4 0 4 0 7 7 s  E" 8414 0 0 0 0 0 0 7 7 a  E' 1 86CoLe.319 15813.751885 False
15438.7600 0.02 0.02 0 1 4 0 4 0 7 7 s  E" 8414 0 0 0 0 0 0 7 7 a  E' 1 86CoLe.320 15813.867085 False
15530.3452 0.02 0.02 2 1 1 3 1 3 7 7 s A2" 4146 0 0 0 0 0 0 6 6 s A2' 1 86CoLe.297 15813.919720 False
15530.7484 0.02 0.02 2 1 0 5 0 1 7 7 s A2" 4147 0 0 0 0 0 0 6 6 s A2' 1 86CoLe.298 15814.322920 False
15539.9290 0.02 0.02 0 1 1 7 1 5 6 2 s  E' 7519 0 0 0 0 0 0 5 2 a  E" 3 86CoLe.207 15823.545721 False
15283.1286 0.02 0.02 0 1 1 7 1 5 6 2 s  E' 7519 0 0 0 0 0 0 7 2 a  E" 4 86CoLe.302 15823.550359 False
15275.3133 0.02 0.02 5 0 0 0 0 0 6 0 a A2" 3808 0 0 0 0 0 0 7 0 s A2' 3 86CoLe.300 15829.706442 False
15532.0670 0.02 0.02 5 0 0 0 0 0 6 0 a A2" 3808 0 0 0 0 0 0 5 0 s A2' 2 86CoLe.198 15829.708818 False
15282.2494 0.02 0.02 0 9 0 3 0 1 6 1 s A2" 3818 0 0 0 0 0 0 7 0 s A2' 3 86CoLe.299 15836.642542 False
15539.0020 0.02 0.02 0 9 0 3 0 1 6 1 s A2" 3818 0 0 0 0 0 0 5 0 s A2' 2 86CoLe.197 15836.643818 False
15291.7153 0.02 0.02 3 1 0 3 0 3 6 1 a  E' 7555 0 0 0 0 0 0 7 1 s  E" 5 86CoLe.312 15842.473972 False
15525.8774 0.02 0.02 4 0 1 0 1 0 7 6 a  E" 8486 0 0 0 0 0 0 6 5 a  E' 1 86CoLe.282 15851.004675 False
15526.0547 0.02 0.02 4 0 1 0 1 0 7 6 a  E" 8481 0 0 0 0 0 0 6 5 a  E' 1 86CoLe.283 15851.181975  True
15529.0587 0.02 0.02 5 0 0 0 0 0 7 6 s  E' 8434 0 0 0 0 0 0 6 5 s  E" 1 86CoLe.284 15853.427703  True
15529.5625 0.02 0.02 0 1 4 0 4 0 7 6 s  E' 8447 0 0 0 0 0 0 6 5 s  E" 1 86CoLe.285 15853.931503 False
15527.1270 0.02 0.02 4 0 1 0 1 0 7 4 a A2" 4241 0 0 0 0 0 0 6 3 a A2' 2 86CoLe.269 15911.104528 False
15388.8828 0.02 0.02 4 0 1 0 1 0 7 4 a A2" 4241 0 0 0 0 0 0 7 3 a A2' 2 86CoLe.308 15911.105779 False
15410.9270 0.02 0.02 0 8 1 2 1 2 7 3 s A2" 4267 0 0 0 0 0 0 7 3 a A2' 2 86CoLe.309 15933.149979 False
15549.1762 0.02 0.02 0 8 1 2 1 2 7 3 s A2" 4267 0 0 0 0 0 0 6 3 a A2' 2 86CoLe.270 15933.153728 False
15376.6880 0.02 0.02 4 0 1 0 1 0 8 7 a A2' 4716 0 0 0 0 0 0 8 6 a A2" 1 86CoLe.324 15958.158964 False
15534.9440 0.02 0.02 4 0 1 0 1 0 8 7 a A2' 4716 0 0 0 0 0 0 7 6 a A2" 1 86CoLe.317 15958.167023 False
15382.3287 0.02 0.02 0 8 1 2 1 2 8 6 s  E' 9665 0 0 0 0 0 0 8 5 s  E" 3 86CoLe.323 16003.394303 False
15540.3820 0.02 0.02 0 8 1 2 1 2 8 6 s  E' 9665 0 0 0 0 0 0 7 5 s  E" 2 86CoLe.313 16003.395153 False