15431.59800 0.020 0.020 4 0 1 0 1 0 0 0 a  E"  -100 0 0 0 0 0 0 1 1 a  E' 1      86CoLe.10
15434.92500 0.020 0.020 0 9 0 3 0 1 0 0 s  E'  -100 0 0 0 0 0 0 1 1 s  E" 1      86CoLe.11
15446.92630 0.020 0.020 4 0 1 0 1 0 1 1 s A2"   805 0 0 0 0 0 0 1 0 s A2' 1       86CoLe.6
15446.96660 0.024 0.024 4 0 1 0 1 0 1 1 s A2"   805 0 0 0 0 0 0 1 0 s A2' 1 18ZoCoOvKy.145
18102.89173 0.034 0.034 6 0 0 0 0 0 1 1 s A2"  1648 0 0 0 0 0 0 1 0 s A2' 1 18ZoCoOvKy.292
15402.99570 0.020 0.020 4 0 1 0 1 0 1 1 a A2'   917 0 0 0 0 0 0 2 0 a A2" 1      86CoLe.26
15462.61800 0.020 0.020 4 0 1 0 1 0 1 1 a A2'   917 0 0 0 0 0 0 0 0 a A2" 1       86CoLe.1
15403.03610 0.024 0.024 4 0 1 0 1 0 1 1 a A2'   917 0 0 0 0 0 0 2 0 a A2" 1  18ZoCoOvKy.85
15462.66090 0.024 0.024 4 0 1 0 1 0 1 1 a A2'   917 0 0 0 0 0 0 0 0 a A2" 1 18ZoCoOvKy.159
15403.12870 0.020 0.020 4 0 1 0 1 0 1 1 a A2'  -101 0 0 0 0 0 0 2 0 a A2" 1      86CoLe.27
15462.74900 0.020 0.020 4 0 1 0 1 0 1 1 a A2'  -101 0 0 0 0 0 0 0 0 a A2" 1       86CoLe.2
15405.67200 0.020 0.020 4 0 1 0 1 0 1 1 a A2'  -102 0 0 0 0 0 0 2 0 a A2" 1      86CoLe.28
15465.29490 0.020 0.020 4 0 1 0 1 0 1 1 a A2'  -102 0 0 0 0 0 0 0 0 a A2" 1       86CoLe.3
15408.72990 0.020 0.020 0 8 2 0 0 0 1 0 s A2'  -103 0 0 0 0 0 0 2 0 a A2" 1      86CoLe.29
15468.35350 0.020 0.020 0 8 2 0 0 0 1 0 s A2'  -103 0 0 0 0 0 0 0 0 a A2" 1       86CoLe.4
15412.77700 0.020 0.020 0 8 2 0 0 0 1 0 s A2'  -104 0 0 0 0 0 0 2 0 a A2" 1      86CoLe.30
15472.40040 0.020 0.020 0 8 2 0 0 0 1 0 s A2'  -104 0 0 0 0 0 0 0 0 a A2" 1       86CoLe.5
18053.35859 0.034 0.034 5 0 1 0 1 0 1 1 a A2'  1794 0 0 0 0 0 0 2 0 a A2" 1 18ZoCoOvKy.258
18112.98280 0.034 0.034 5 0 1 0 1 0 1 1 a A2'  1794 0 0 0 0 0 0 0 0 a A2" 1 18ZoCoOvKy.296
18116.69618 0.034 0.034 5 0 1 0 1 0 1 1 a A2'  1795 0 0 0 0 0 0 0 0 a A2" 1 18ZoCoOvKy.298
18057.08438 0.034 0.034 5 0 1 0 1 0 1 1 a A2'  1795 0 0 0 0 0 0 2 0 a A2" 1 18ZoCoOvKy.260
18122.15086 0.034 0.034 6 0 0 0 0 0 1 0 s A2'  1799 0 0 0 0 0 0 0 0 a A2" 1 18ZoCoOvKy.299
18122.95826 0.034 0.034 6 0 0 0 0 0 1 1 a A2'  1797 0 0 0 0 0 0 0 0 a A2" 1 18ZoCoOvKy.300
15408.73100 0.020 0.020 0 8 2 0 0 0 1 1 s  E"  -100 0 0 0 0 0 0 2 1 a  E' 2      86CoLe.35
15448.48100 0.020 0.020 0 8 2 0 0 0 1 1 s  E"  -100 0 0 0 0 0 0 1 1 a  E' 1      86CoLe.12
15448.55800 0.020 0.020 4 0 1 0 1 0 1 0 a  E"  -101 0 0 0 0 0 0 1 1 a  E' 1      86CoLe.14
15408.81500 0.020 0.020 4 0 1 0 1 0 1 0 a  E"  -101 0 0 0 0 0 0 2 1 a  E' 2      86CoLe.37
15421.68260 0.020 0.020 4 0 1 0 1 0 1 1 s  E"  1738 0 0 0 0 0 0 2 2 s  E' 1      86CoLe.52
15421.72240 0.024 0.024 4 0 1 0 1 0 1 1 s  E"  1738 0 0 0 0 0 0 2 2 s  E' 1 18ZoCoOvKy.108
15421.72240 0.024 0.024 5 0 0 0 0 0 1 1 s  E"  1739 0 0 0 0 0 0 2 2 s  E' 1 18ZoCoOvKy.107
15449.55650 0.024 0.024 4 0 1 0 1 0 1 1 s  E"  1738 0 0 0 0 0 0 1 1 a  E' 1 18ZoCoOvKy.149
15449.55650 0.024 0.024 5 0 0 0 0 0 1 1 s  E"  1739 0 0 0 0 0 0 1 1 a  E' 1 18ZoCoOvKy.148
15422.12930 0.020 0.020 0 8 2 0 0 0 1 1 s  E"  -103 0 0 0 0 0 0 2 2 s  E' 1      86CoLe.53
15410.24100 0.020 0.020 4 0 1 0 1 0 1 0 a  E"  1741 0 0 0 0 0 0 2 1 a  E' 2      86CoLe.38
15449.98800 0.020 0.020 4 0 1 0 1 0 1 0 a  E"  1741 0 0 0 0 0 0 1 1 a  E' 1      86CoLe.15
15410.28030 0.024 0.024 4 0 1 0 1 0 1 0 a  E"  1741 0 0 0 0 0 0 2 1 a  E' 2  18ZoCoOvKy.92
15450.03150 0.024 0.024 4 0 1 0 1 0 1 0 a  E"  1741 0 0 0 0 0 0 1 1 a  E' 1 18ZoCoOvKy.150
15410.59600 0.020 0.020 4 0 1 0 1 0 1 0 a  E"  -104 0 0 0 0 0 0 2 1 a  E' 2      86CoLe.39
15450.34600 0.020 0.020 4 0 1 0 1 0 1 0 a  E"  -104 0 0 0 0 0 0 1 1 a  E' 1      86CoLe.16
15406.87000 0.020 0.020 5 0 0 0 0 0 1 1 a  E'  -100 0 0 0 0 0 0 2 1 s  E" 2      86CoLe.36
15446.63700 0.020 0.020 5 0 0 0 0 0 1 1 a  E'  -100 0 0 0 0 0 0 1 1 s  E" 1      86CoLe.13
15418.39390 0.020 0.020 2 1 1 3 1 3 1 1 a  E'  -101 0 0 0 0 0 0 2 2 a  E" 1      86CoLe.51
15451.25600 0.020 0.020 0 9 0 3 0 1 1 0 s  E'  -102 0 0 0 0 0 0 1 1 s  E" 1      86CoLe.17
15453.71700 0.020 0.020 4 0 1 0 1 0 1 0 s  E'  1700 0 0 0 0 0 0 1 1 s  E" 1      86CoLe.18
15413.95270 0.020 0.020 4 0 1 0 1 0 1 0 s  E'  1700 0 0 0 0 0 0 2 1 s  E" 2      86CoLe.40
15453.75860 0.024 0.024 4 0 1 0 1 0 1 0 s  E'  1700 0 0 0 0 0 0 1 1 s  E" 1 18ZoCoOvKy.153
15413.99410 0.024 0.024 4 0 1 0 1 0 1 0 s  E'  1700 0 0 0 0 0 0 2 1 s  E" 2  18ZoCoOvKy.98
15404.40640 0.020 0.020 4 0 1 0 1 0 2 2 a A2"  1479 0 0 0 0 0 0 3 3 a A2' 1     86CoLe.108
15471.21260 0.024 0.024 4 0 1 0 1 0 2 2 a A2"  1479 0 0 0 0 0 0 1 0 s A2' 1 18ZoCoOvKy.165
15404.44980 0.024 0.024 4 0 1 0 1 0 2 2 a A2"  1479 0 0 0 0 0 0 3 3 a A2' 1  18ZoCoOvKy.86
15382.68300 0.020 0.020 0 9 0 3 0 1 2 1 s A2"  -101 0 0 0 0 0 0 3 0 s A2' 2      86CoLe.64
15482.04410 0.020 0.020 0 9 0 3 0 1 2 1 s A2"  -101 0 0 0 0 0 0 1 0 s A2' 1       86CoLe.7
15482.49710 0.020 0.020 4 0 1 0 1 0 2 1 s A2"  1482 0 0 0 0 0 0 1 0 s A2' 1       86CoLe.8
15383.15100 0.020 0.020 4 0 1 0 1 0 2 1 s A2"  1482 0 0 0 0 0 0 3 0 s A2' 2      86CoLe.65
15482.53940 0.024 0.024 4 0 1 0 1 0 2 1 s A2"  1482 0 0 0 0 0 0 1 0 s A2' 1 18ZoCoOvKy.174
15482.53940 0.024 0.024 5 0 0 0 0 0 2 0 a A2"  1484 0 0 0 0 0 0 1 0 s A2' 1 18ZoCoOvKy.173
15383.19180 0.024 0.024 4 0 1 0 1 0 2 1 s A2"  1482 0 0 0 0 0 0 3 0 s A2' 2  18ZoCoOvKy.60
15383.19180 0.024 0.024 5 0 0 0 0 0 2 0 a A2"  1484 0 0 0 0 0 0 3 0 s A2' 2  18ZoCoOvKy.59
15415.78800 0.024 0.024 4 0 1 0 1 0 2 1 s A2"  1482 0 0 0 0 0 0 3 3 a A2' 1 18ZoCoOvKy.101
15483.28300 0.020 0.020 1 1 1 5 1 3 2 1 s A2"  -103 0 0 0 0 0 0 1 0 s A2' 1       86CoLe.9
15383.93600 0.020 0.020 1 1 1 5 1 3 2 1 s A2"  -103 0 0 0 0 0 0 3 0 s A2' 2      86CoLe.66
18138.61399 0.034 0.034 5 0 1 0 1 0 2 1 s A2"  2932 0 0 0 0 0 0 1 0 s A2' 1 18ZoCoOvKy.304
18039.26629 0.034 0.034 5 0 1 0 1 0 2 1 s A2"  2932 0 0 0 0 0 0 3 0 s A2' 2 18ZoCoOvKy.254
18071.84765 0.034 0.034 6 0 0 0 0 0 2 1 s A2"  2941 0 0 0 0 0 0 3 3 a A2' 1 18ZoCoOvKy.271
18077.75279 0.034 0.034 5 0 1 0 1 0 2 2 a A2"  2937 0 0 0 0 0 0 3 3 a A2' 1 18ZoCoOvKy.276
18144.52175 0.034 0.034 5 0 1 0 1 0 2 2 a A2"  2937 0 0 0 0 0 0 1 0 s A2' 1 18ZoCoOvKy.307
18153.82996 0.034 0.034 6 0 0 0 0 0 2 0 a A2"  2946 0 0 0 0 0 0 1 0 s A2' 1 18ZoCoOvKy.314
18054.53763 0.034 0.034 6 0 0 0 0 0 2 0 a A2"  2946 0 0 0 0 0 0 3 0 s A2' 2 18ZoCoOvKy.259
15408.23470 0.020 0.020 4 0 1 0 1 0 2 2 s A2'  1369 0 0 0 0 0 0 3 3 s A2" 1     86CoLe.109
15408.27610 0.024 0.024 4 0 1 0 1 0 2 2 s A2'  1369 0 0 0 0 0 0 3 3 s A2" 1  18ZoCoOvKy.90
15439.77210 0.024 0.024 4 0 1 0 1 0 2 1 a A2'  1374 0 0 0 0 0 0 2 0 a A2" 1 18ZoCoOvKy.133
15440.93780 0.024 0.024 4 0 1 0 1 0 2 1 a A2'  1374 0 0 0 0 0 0 2 0 a A2" 1 18ZoCoOvKy.138
15415.50300 0.024 0.024 4 0 1 0 1 0 2 1 a A2'  1374 0 0 0 0 0 0 3 3 s A2" 1 18ZoCoOvKy.100
15441.55250 0.020 0.020 0 1 1 7 1 3 2 1 a A2'  -103 0 0 0 0 0 0 2 0 a A2" 1      86CoLe.31
18064.50618 0.034 0.034 6 0 0 0 0 0 2 2 s A2'  2777 0 0 0 0 0 0 3 3 s A2" 1 18ZoCoOvKy.266
18089.95567 0.034 0.034 6 0 0 0 0 0 2 2 s A2'  2777 0 0 0 0 0 0 2 0 a A2" 1 18ZoCoOvKy.279
18097.11756 0.034 0.034 5 0 1 0 1 0 2 1 a A2'  2780 0 0 0 0 0 0 2 0 a A2" 1 18ZoCoOvKy.285
18071.67140 0.034 0.034 5 0 1 0 1 0 2 1 a A2'  2780 0 0 0 0 0 0 3 3 s A2" 1 18ZoCoOvKy.270
15386.40240 0.020 0.020 0 1 1 7 1 5 2 2 a  E"  -100 0 0 0 0 0 0 3 2 s  E' 1      86CoLe.86
15446.31600 0.020 0.020 0 1 1 7 1 5 2 2 a  E"  -101 0 0 0 0 0 0 2 2 s  E' 1      86CoLe.55
15434.63740 0.020 0.020 4 0 1 0 1 0 2 2 a  E"  2838 0 0 0 0 0 0 2 1 a  E' 2      86CoLe.41
15474.38580 0.020 0.020 4 0 1 0 1 0 2 2 a  E"  2838 0 0 0 0 0 0 1 1 a  E' 1      86CoLe.19
15434.68140 0.024 0.024 4 0 1 0 1 0 2 2 a  E"  2838 0 0 0 0 0 0 2 1 a  E' 2 18ZoCoOvKy.128
15375.11380 0.024 0.024 4 0 1 0 1 0 2 2 a  E"  2838 0 0 0 0 0 0 3 1 a  E' 2  18ZoCoOvKy.53
15474.42950 0.024 0.024 4 0 1 0 1 0 2 2 a  E"  2838 0 0 0 0 0 0 1 1 a  E' 1 18ZoCoOvKy.167
15375.72900 0.020 0.020 0 1 1 7 1 5 2 2 a  E"  -103 0 0 0 0 0 0 3 1 a  E' 2      86CoLe.70
15444.16480 0.020 0.020 5 0 0 0 0 0 2 1 s  E"  -104 0 0 0 0 0 0 2 1 a  E' 2      86CoLe.43
15483.92860 0.020 0.020 5 0 0 0 0 0 2 1 s  E"  -104 0 0 0 0 0 0 1 1 a  E' 1      86CoLe.23
15384.61560 0.020 0.020 5 0 0 0 0 0 2 1 s  E"  -104 0 0 0 0 0 0 3 1 a  E' 2      86CoLe.72
15398.48460 0.024 0.024 4 0 1 0 1 0 2 1 s  E"  2846 0 0 0 0 0 0 3 2 s  E' 1  18ZoCoOvKy.81
15458.11530 0.024 0.024 4 0 1 0 1 0 2 1 s  E"  2846 0 0 0 0 0 0 2 2 s  E' 1 18ZoCoOvKy.156
15486.85450 0.020 0.020 4 0 1 0 1 0 2 0 a  E"  2852 0 0 0 0 0 0 1 1 a  E' 1      86CoLe.25
15387.54170 0.020 0.020 4 0 1 0 1 0 2 0 a  E"  2852 0 0 0 0 0 0 3 1 a  E' 2      86CoLe.74
15447.11300 0.020 0.020 4 0 1 0 1 0 2 0 a  E"  2852 0 0 0 0 0 0 2 1 a  E' 2      86CoLe.44
15387.58460 0.024 0.024 4 0 1 0 1 0 2 0 a  E"  2852 0 0 0 0 0 0 3 1 a  E' 2  18ZoCoOvKy.65
15447.15390 0.024 0.024 4 0 1 0 1 0 2 0 a  E"  2852 0 0 0 0 0 0 2 1 a  E' 2 18ZoCoOvKy.146
15486.90030 0.024 0.024 4 0 1 0 1 0 2 0 a  E"  2852 0 0 0 0 0 0 1 1 a  E' 1 18ZoCoOvKy.178
18135.30002 0.034 0.034 5 0 1 0 1 0 2 0 a  E"  5674 0 0 0 0 0 0 1 1 a  E' 1 18ZoCoOvKy.302
18095.56506 0.034 0.034 5 0 1 0 1 0 2 0 a  E"  5674 0 0 0 0 0 0 2 1 a  E' 2 18ZoCoOvKy.280
18122.95826 0.034 0.034 5 0 1 0 1 0 2 0 a  E"  5701 0 0 0 0 0 0 2 1 a  E' 2 18ZoCoOvKy.301
18063.39528 0.034 0.034 5 0 1 0 1 0 2 0 a  E"  5701 0 0 0 0 0 0 3 1 a  E' 2 18ZoCoOvKy.265
15387.90570 0.020 0.020 0 8 2 0 0 0 2 2 s  E'  -100 0 0 0 0 0 0 3 2 a  E" 1      86CoLe.85
15447.50280 0.020 0.020 0 8 2 0 0 0 2 2 s  E'  -100 0 0 0 0 0 0 2 2 a  E" 1      86CoLe.54
15477.57110 0.020 0.020 0 8 2 0 0 0 2 2 s  E'  -101 0 0 0 0 0 0 1 1 s  E" 1      86CoLe.20
15477.78920 0.020 0.020 4 0 1 0 1 0 2 2 s  E'  2880 0 0 0 0 0 0 1 1 s  E" 1      86CoLe.21
15378.42890 0.020 0.020 4 0 1 0 1 0 2 2 s  E'  2880 0 0 0 0 0 0 3 1 s  E" 2      86CoLe.71
15438.05900 0.024 0.024 4 0 1 0 1 0 2 2 s  E'  2880 0 0 0 0 0 0 2 1 s  E" 2 18ZoCoOvKy.132
15378.46570 0.024 0.024 4 0 1 0 1 0 2 2 s  E'  2880 0 0 0 0 0 0 3 1 s  E" 2  18ZoCoOvKy.55
15477.82990 0.024 0.024 4 0 1 0 1 0 2 2 s  E'  2880 0 0 0 0 0 0 1 1 s  E" 1 18ZoCoOvKy.171
15439.36800 0.020 0.020 0 8 2 0 0 0 2 2 s  E'  -103 0 0 0 0 0 0 2 1 s  E" 2      86CoLe.42
15479.13770 0.020 0.020 0 8 2 0 0 0 2 2 s  E'  -103 0 0 0 0 0 0 1 1 s  E" 1      86CoLe.22
15382.68330 0.020 0.020 4 0 1 0 1 0 2 1 a  E'  -104 0 0 0 0 0 0 3 1 s  E" 2      86CoLe.73
15482.44300 0.020 0.020 2 4 0 3 0 3 2 1 a  E'  -105 0 0 0 0 0 0 1 1 s  E" 1      86CoLe.24
15455.57810 0.020 0.020 5 0 0 0 0 0 2 1 s  E'  2888 0 0 0 0 0 0 2 2 a  E" 1      86CoLe.56
15395.98250 0.020 0.020 5 0 0 0 0 0 2 1 s  E'  2888 0 0 0 0 0 0 3 2 a  E" 1      86CoLe.87
15385.67180 0.024 0.024 5 0 0 0 0 0 2 1 s  E'  2888 0 0 0 0 0 0 3 1 s  E" 2  18ZoCoOvKy.63
15455.62140 0.024 0.024 4 0 1 0 1 0 2 1 a  E'  2888 0 0 0 0 0 0 2 2 a  E" 1 18ZoCoOvKy.154
15396.02580 0.024 0.024 5 0 0 0 0 0 2 1 a  E'  2888 0 0 0 0 0 0 3 2 a  E" 1  18ZoCoOvKy.78
15390.55480 0.024 0.024 4 0 1 0 1 0 2 0 s  E'  2893 0 0 0 0 0 0 3 1 s  E" 2  18ZoCoOvKy.70
15450.15310 0.024 0.024 4 0 1 0 1 0 2 0 s  E'  2893 0 0 0 0 0 0 2 1 s  E" 2 18ZoCoOvKy.151
18099.25274 0.034 0.034 6 0 0 0 0 0 2 2 s  E'  5769 0 0 0 0 0 0 2 2 a  E" 1 18ZoCoOvKy.288
18102.70777 0.034 0.034 6 0 0 0 0 0 2 2 s  E'  5774 0 0 0 0 0 0 2 2 a  E" 1 18ZoCoOvKy.291
18043.11149 0.034 0.034 6 0 0 0 0 0 2 2 s  E'  5774 0 0 0 0 0 0 3 2 a  E" 1 18ZoCoOvKy.255
15367.35690 0.020 0.020 5 0 0 0 0 0 3 3 s A2"  1946 0 0 0 0 0 0 4 3 a A2' 1     86CoLe.157
15446.78800 0.020 0.020 5 0 0 0 0 0 3 3 s A2"  1946 0 0 0 0 0 0 3 3 a A2' 1     86CoLe.110
15446.83060 0.024 0.024 5 0 0 0 0 0 3 3 s A2"  1946 0 0 0 0 0 0 3 3 a A2' 1 18ZoCoOvKy.144
15414.25100 0.024 0.024 5 0 0 0 0 0 3 3 s A2"  1946 0 0 0 0 0 0 3 0 s A2' 2  18ZoCoOvKy.99
15367.40130 0.024 0.024 5 0 0 0 0 0 3 3 s A2"  1946 0 0 0 0 0 0 4 3 a A2' 1  18ZoCoOvKy.48
15447.34460 0.020 0.020 1 1 2 3 0 3 3 3 s A2"  -101 0 0 0 0 0 0 3 3 a A2' 1     86CoLe.111
15367.92890 0.020 0.020 1 1 2 3 0 3 3 3 s A2"  -101 0 0 0 0 0 0 4 3 a A2' 1     86CoLe.158
15459.77970 0.020 0.020 4 0 1 0 1 0 3 2 a A2"  1954 0 0 0 0 0 0 3 3 a A2' 1     86CoLe.113
15380.35040 0.020 0.020 4 0 1 0 1 0 3 2 a A2"  1954 0 0 0 0 0 0 4 3 a A2' 1     86CoLe.160
15380.39300 0.024 0.024 4 0 1 0 1 0 3 2 a A2"  1954 0 0 0 0 0 0 4 3 a A2' 1  18ZoCoOvKy.57
15380.39300 0.024 0.024 4 0 1 0 1 0 3 2 a A2"  1954 0 0 0 0 0 0 4 3 a A2' 1  18ZoCoOvKy.58
15459.82340 0.024 0.024 4 0 1 0 1 0 3 2 a A2"  1954 0 0 0 0 0 0 3 3 a A2' 1 18ZoCoOvKy.157
15459.82340 0.024 0.024 4 0 1 0 1 0 3 2 a A2"  1954 0 0 0 0 0 0 3 3 a A2' 1 18ZoCoOvKy.158
15427.24950 0.024 0.024 4 0 1 0 1 0 3 2 a A2"  1954 0 0 0 0 0 0 3 0 s A2' 2 18ZoCoOvKy.115
15427.24950 0.024 0.024 4 0 1 0 1 0 3 2 a A2"  1954 0 0 0 0 0 0 3 0 s A2' 2 18ZoCoOvKy.116
15460.25380 0.020 0.020 4 0 1 0 1 0 3 2 a A2"  -103 0 0 0 0 0 0 3 3 a A2' 1     86CoLe.114
15380.82530 0.020 0.020 4 0 1 0 1 0 3 2 a A2"  -103 0 0 0 0 0 0 4 3 a A2' 1     86CoLe.161
15440.69000 0.020 0.020 1 3 1 4 1 4 3 1 s A2"  -104 0 0 0 0 0 0 3 0 s A2' 2      86CoLe.67
15441.59450 0.024 0.024 4 0 1 0 1 0 3 1 s A2"  1960 0 0 0 0 0 0 3 0 s A2' 2 18ZoCoOvKy.139
18098.58021 0.034 0.034 6 0 0 0 0 0 3 3 s A2"  3924 0 0 0 0 0 0 3 3 a A2' 1 18ZoCoOvKy.287
18019.16007 0.034 0.034 6 0 0 0 0 0 3 3 s A2"  3924 0 0 0 0 0 0 4 3 a A2' 1 18ZoCoOvKy.246
18021.05157 0.034 0.034 6 0 0 0 0 0 3 3 s A2"  3925 0 0 0 0 0 0 4 3 a A2' 1 18ZoCoOvKy.248
18100.49069 0.034 0.034 6 0 0 0 0 0 3 3 s A2"  3925 0 0 0 0 0 0 3 3 a A2' 1 18ZoCoOvKy.290
18096.79285 0.034 0.034 5 0 1 0 1 0 3 2 a A2"  3952 0 0 0 0 0 0 3 0 s A2' 2 18ZoCoOvKy.283
18050.25736 0.034 0.034 5 0 1 0 1 0 3 1 s A2"  3948 0 0 0 0 0 0 4 3 a A2' 1 18ZoCoOvKy.256
18097.11756 0.034 0.034 5 0 1 0 1 0 3 1 s A2"  3948 0 0 0 0 0 0 3 0 s A2' 2 18ZoCoOvKy.284
18050.68134 0.034 0.034 5 0 1 0 1 0 3 2 a A2"  3952 0 0 0 0 0 0 4 3 a A2' 1 18ZoCoOvKy.257
15444.56070 0.020 0.020 5 0 0 0 0 0 3 3 a A2'  2055 0 0 0 0 0 0 3 3 s A2" 1     86CoLe.112
15365.09160 0.020 0.020 5 0 0 0 0 0 3 3 a A2'  2055 0 0 0 0 0 0 4 3 s A2" 1     86CoLe.159
15365.13290 0.024 0.024 5 0 0 0 0 0 3 3 a A2'  2055 0 0 0 0 0 0 4 3 s A2" 1  18ZoCoOvKy.44
15444.60370 0.024 0.024 5 0 0 0 0 0 3 3 a A2'  2055 0 0 0 0 0 0 3 3 s A2" 1 18ZoCoOvKy.141
15462.84670 0.020 0.020 4 0 1 0 1 0 3 2 s A2'  2060 0 0 0 0 0 0 3 3 s A2" 1     86CoLe.115
15383.38080 0.020 0.020 4 0 1 0 1 0 3 2 s A2'  2060 0 0 0 0 0 0 4 3 s A2" 1     86CoLe.162
15462.88860 0.024 0.024 4 0 1 0 1 0 3 2 s A2'  2060 0 0 0 0 0 0 3 3 s A2" 1 18ZoCoOvKy.160
15383.42060 0.024 0.024 4 0 1 0 1 0 3 2 s A2'  2060 0 0 0 0 0 0 4 3 s A2" 1  18ZoCoOvKy.62
15488.33880 0.024 0.024 4 0 1 0 1 0 3 2 s A2'  2060 0 0 0 0 0 0 2 0 a A2" 1 18ZoCoOvKy.179
15493.35110 0.020 0.020 4 0 1 0 1 0 3 1 a A2'  2067 0 0 0 0 0 0 2 0 a A2" 1      86CoLe.32
15493.39340 0.024 0.024 4 0 1 0 1 0 3 1 a A2'  2067 0 0 0 0 0 0 2 0 a A2" 1 18ZoCoOvKy.183
15354.51320 0.024 0.024 4 0 1 0 1 0 3 1 a A2'  2067 0 0 0 0 0 0 4 0 a A2" 2  18ZoCoOvKy.38
15388.48290 0.024 0.024 4 0 1 0 1 0 3 1 a A2'  2067 0 0 0 0 0 0 4 3 s A2" 1  18ZoCoOvKy.68
15354.70300 0.020 0.020 4 0 1 0 1 0 3 1 a A2'  -103 0 0 0 0 0 0 4 0 a A2" 2     86CoLe.125
15499.40700 0.020 0.020 1 1 2 3 0 3 3 0 s A2'  -104 0 0 0 0 0 0 2 0 a A2" 1      86CoLe.33
15360.53010 0.020 0.020 1 1 2 3 0 3 3 0 s A2'  -104 0 0 0 0 0 0 4 0 a A2" 2     86CoLe.126
15362.54580 0.020 0.020 1 1 2 3 0 3 3 0 s A2'  -105 0 0 0 0 0 0 4 0 a A2" 2     86CoLe.127
15501.52600 0.020 0.020 5 0 0 0 0 0 3 0 s A2'  2070 0 0 0 0 0 0 2 0 a A2" 1      86CoLe.34
15501.56820 0.024 0.024 5 0 0 0 0 0 3 0 s A2'  2070 0 0 0 0 0 0 2 0 a A2" 1 18ZoCoOvKy.190
15362.68850 0.024 0.024 5 0 0 0 0 0 3 0 s A2'  2070 0 0 0 0 0 0 4 0 a A2" 2  18ZoCoOvKy.41
18038.54259 0.034 0.034 5 0 1 0 1 0 3 2 s A2'  4090 0 0 0 0 0 0 4 3 s A2" 1 18ZoCoOvKy.253
18143.46866 0.034 0.034 5 0 1 0 1 0 3 2 s A2'  4090 0 0 0 0 0 0 2 0 a A2" 1 18ZoCoOvKy.306
18149.21709 0.034 0.034 5 0 1 0 1 0 3 1 a A2'  4094 0 0 0 0 0 0 2 0 a A2" 1 18ZoCoOvKy.311
18010.33950 0.034 0.034 5 0 1 0 1 0 3 1 a A2'  4094 0 0 0 0 0 0 4 0 a A2" 2 18ZoCoOvKy.242
18156.24002 0.034 0.034 6 0 0 0 0 0 3 0 s A2'  4102 0 0 0 0 0 0 2 0 a A2" 1 18ZoCoOvKy.316
18017.35979 0.034 0.034 6 0 0 0 0 0 3 0 s A2'  4102 0 0 0 0 0 0 4 0 a A2" 2 18ZoCoOvKy.244
18163.73367 0.034 0.034 6 0 0 0 0 0 3 1 a A2'  4108 0 0 0 0 0 0 2 0 a A2" 1 18ZoCoOvKy.321
18024.85852 0.034 0.034 6 0 0 0 0 0 3 1 a A2'  4108 0 0 0 0 0 0 4 0 a A2" 2 18ZoCoOvKy.250
15429.54280 0.024 0.024 4 0 1 0 1 0 3 3 s  E"  3962 0 0 0 0 0 0 2 2 s  E' 1 18ZoCoOvKy.120
15390.70340 0.024 0.024 5 0 0 0 0 0 3 3 s  E"  4006 0 0 0 0 0 0 4 4 s  E' 1  18ZoCoOvKy.71
15349.86880 0.020 0.020 1 3 1 4 1 4 3 3 s  E"  -102 0 0 0 0 0 0 4 2 s  E' 2     86CoLe.141
15394.34260 0.020 0.020 1 3 1 4 1 4 3 3 s  E"  -102 0 0 0 0 0 0 4 4 s  E' 1     86CoLe.182
15488.90850 0.020 0.020 1 3 1 4 1 4 3 3 s  E"  -102 0 0 0 0 0 0 2 2 s  E' 1      86CoLe.59
15394.43860 0.020 0.020 1 3 1 4 1 4 3 3 s  E"  -103 0 0 0 0 0 0 4 4 s  E' 1     86CoLe.183
15489.12660 0.020 0.020 4 0 1 0 1 0 3 3 s  E"  4006 0 0 0 0 0 0 2 2 s  E' 1      86CoLe.60
15429.50360 0.020 0.020 4 0 1 0 1 0 3 3 s  E"  4006 0 0 0 0 0 0 3 2 s  E' 1      86CoLe.90
15350.09690 0.020 0.020 4 0 1 0 1 0 3 3 s  E"  4006 0 0 0 0 0 0 4 2 s  E' 2     86CoLe.142
15489.16770 0.024 0.024 4 0 1 0 1 0 3 3 s  E"  4006 0 0 0 0 0 0 2 2 s  E' 1 18ZoCoOvKy.181
15489.16770 0.024 0.024 4 0 1 0 1 0 3 3 s  E"  4005 0 0 0 0 0 0 2 2 s  E' 1 18ZoCoOvKy.180
15350.13460 0.024 0.024 4 0 1 0 1 0 3 3 s  E"  4005 0 0 0 0 0 0 4 2 s  E' 2  18ZoCoOvKy.32
15350.13460 0.024 0.024 4 0 1 0 1 0 3 3 s  E"  4006 0 0 0 0 0 0 4 2 s  E' 2  18ZoCoOvKy.33
15429.54280 0.024 0.024 4 0 1 0 1 0 3 3 s  E"  4006 0 0 0 0 0 0 3 2 s  E' 1 18ZoCoOvKy.121
15489.31810 0.020 0.020 1 3 1 4 1 4 3 3 s  E"  -105 0 0 0 0 0 0 2 2 s  E' 1      86CoLe.61
15350.28880 0.020 0.020 1 3 1 4 1 4 3 3 s  E"  -105 0 0 0 0 0 0 4 2 s  E' 2     86CoLe.143
15361.01190 0.020 0.020 5 0 0 0 0 0 3 2 a  E"  -106 0 0 0 0 0 0 4 2 s  E' 2     86CoLe.145
15440.42600 0.020 0.020 5 0 0 0 0 0 3 2 a  E"  -106 0 0 0 0 0 0 3 2 s  E' 1      86CoLe.92
15500.55400 0.020 0.020 5 0 0 0 0 0 3 2 a  E"  -107 0 0 0 0 0 0 2 2 s  E' 1      86CoLe.63
15350.71670 0.020 0.020 5 0 0 0 0 0 3 2 a  E"  -108 0 0 0 0 0 0 4 1 a  E' 3     86CoLe.133
15430.24940 0.020 0.020 4 0 1 0 1 0 3 2 a  E"  4021 0 0 0 0 0 0 3 1 a  E' 2      86CoLe.75
15489.81860 0.020 0.020 4 0 1 0 1 0 3 2 a  E"  4021 0 0 0 0 0 0 2 1 a  E' 2      86CoLe.45
15350.95900 0.024 0.024 4 0 1 0 1 0 3 2 a  E"  4021 0 0 0 0 0 0 4 1 a  E' 3  18ZoCoOvKy.34
15430.29210 0.024 0.024 4 0 1 0 1 0 3 2 a  E"  4021 0 0 0 0 0 0 3 1 a  E' 2 18ZoCoOvKy.123
15489.86210 0.024 0.024 4 0 1 0 1 0 3 2 a  E"  4021 0 0 0 0 0 0 2 1 a  E' 2 18ZoCoOvKy.182
15499.40740 0.020 0.020 5 0 0 0 0 0 3 1 s  E"  -110 0 0 0 0 0 0 2 1 a  E' 2      86CoLe.47
15451.72180 0.020 0.020 5 0 0 0 0 0 3 1 s  E"  -110 0 0 0 0 0 0 3 2 s  E' 1      86CoLe.96
15372.31480 0.020 0.020 5 0 0 0 0 0 3 1 s  E"  -110 0 0 0 0 0 0 4 2 s  E' 2     86CoLe.148
15363.70480 0.020 0.020 4 0 1 0 1 0 3 0 a  E"  -111 0 0 0 0 0 0 4 1 a  E' 3     86CoLe.134
15443.41900 0.020 0.020 4 0 1 0 1 0 3 0 a  E"  -112 0 0 0 0 0 0 3 1 a  E' 2      86CoLe.78
15443.71200 0.020 0.020 4 0 1 0 1 0 3 0 s  E"  4042 0 0 0 0 0 0 3 1 a  E' 2      86CoLe.79
15443.75410 0.024 0.024 4 0 1 0 1 0 3 0 s  E"  4042 0 0 0 0 0 0 3 1 a  E' 2 18ZoCoOvKy.140
15364.42110 0.024 0.024 4 0 1 0 1 0 3 0 a  E"  4042 0 0 0 0 0 0 4 1 a  E' 3  18ZoCoOvKy.42
15364.57910 0.020 0.020 4 0 1 0 1 0 3 0 a  E"  -114 0 0 0 0 0 0 4 1 a  E' 3     86CoLe.135
15503.70000 0.020 0.020 1 1 2 3 0 3 3 1 s  E"  -115 0 0 0 0 0 0 2 1 a  E' 2      86CoLe.48
15379.24610 0.024 0.024 4 0 1 0 1 0 3 1 s  E"  4031 0 0 0 0 0 0 4 2 s  E' 2  18ZoCoOvKy.56
18085.84790 0.034 0.034 5 0 1 0 1 0 3 3 s  E"  8038 0 0 0 0 0 0 3 2 s  E' 1 18ZoCoOvKy.277
18145.47613 0.034 0.034 5 0 1 0 1 0 3 3 s  E"  8038 0 0 0 0 0 0 2 2 s  E' 1 18ZoCoOvKy.308
18159.17773 0.034 0.034 5 0 1 0 1 0 3 2 a  E"  8086 0 0 0 0 0 0 2 1 a  E' 2 18ZoCoOvKy.319
18099.61923 0.034 0.034 5 0 1 0 1 0 3 2 a  E"  8086 0 0 0 0 0 0 3 1 a  E' 2 18ZoCoOvKy.289
18171.88492 0.034 0.034 6 0 0 0 0 0 3 2 a  E"  8093 0 0 0 0 0 0 2 2 s  E' 1 18ZoCoOvKy.326
18032.85392 0.034 0.034 6 0 0 0 0 0 3 2 a  E"  8093 0 0 0 0 0 0 4 2 s  E' 2 18ZoCoOvKy.252
18113.95438 0.034 0.034 5 0 1 0 1 0 3 0 a  E"  8107 0 0 0 0 0 0 3 1 a  E' 2 18ZoCoOvKy.297
18173.53087 0.034 0.034 5 0 1 0 1 0 3 0 a  E"  8107 0 0 0 0 0 0 2 1 a  E' 2 18ZoCoOvKy.328
15390.65960 0.020 0.020 4 0 1 0 1 0 3 3 a  E'  -100 0 0 0 0 0 0 4 4 a  E" 1     86CoLe.181
15346.59380 0.020 0.020 4 0 1 0 1 0 3 3 a  E'  3967 0 0 0 0 0 0 4 2 a  E" 2     86CoLe.140
15485.56050 0.020 0.020 4 0 1 0 1 0 3 3 a  E'  3967 0 0 0 0 0 0 2 2 a  E" 1      86CoLe.57
15425.96470 0.020 0.020 4 0 1 0 1 0 3 3 a  E'  3967 0 0 0 0 0 0 3 2 a  E" 1      86CoLe.88
15485.60440 0.024 0.024 4 0 1 0 1 0 3 3 a  E'  3967 0 0 0 0 0 0 2 2 a  E" 1 18ZoCoOvKy.176
15426.00860 0.024 0.024 4 0 1 0 1 0 3 3 a  E'  3967 0 0 0 0 0 0 3 2 a  E" 1 18ZoCoOvKy.114
15346.64140 0.024 0.024 4 0 1 0 1 0 3 3 a  E'  3967 0 0 0 0 0 0 4 2 a  E" 2  18ZoCoOvKy.29
15426.91110 0.020 0.020 1 4 1 3 1 1 3 3 a  E'  -102 0 0 0 0 0 0 3 2 a  E" 1      86CoLe.89
15486.51090 0.020 0.020 1 4 1 3 1 1 3 3 a  E'  -102 0 0 0 0 0 0 2 2 a  E" 1      86CoLe.58
15442.77290 0.020 0.020 0 9 0 3 0 1 3 2 s  E'  -103 0 0 0 0 0 0 3 2 a  E" 1      86CoLe.91
15363.40540 0.020 0.020 0 9 0 3 0 1 3 2 s  E'  -103 0 0 0 0 0 0 4 2 a  E" 2     86CoLe.144
15502.37450 0.020 0.020 0 9 0 3 0 1 3 2 s  E'  -103 0 0 0 0 0 0 2 2 a  E" 1      86CoLe.62
15493.48220 0.020 0.020 4 0 1 0 1 0 3 2 s  E'  3980 0 0 0 0 0 0 2 1 s  E" 2      86CoLe.46
15433.88460 0.020 0.020 4 0 1 0 1 0 3 2 s  E'  3980 0 0 0 0 0 0 3 1 s  E" 2      86CoLe.76
15493.52290 0.024 0.024 4 0 1 0 1 0 3 2 s  E'  3980 0 0 0 0 0 0 2 1 s  E" 2 18ZoCoOvKy.184
15433.92690 0.024 0.024 4 0 1 0 1 0 3 2 s  E'  3980 0 0 0 0 0 0 3 1 s  E" 2 18ZoCoOvKy.127
15447.77380 0.020 0.020 4 0 1 0 1 0 3 1 a  E'  -105 0 0 0 0 0 0 3 2 a  E" 1      86CoLe.93
15368.40900 0.020 0.020 4 0 1 0 1 0 3 1 a  E'  -105 0 0 0 0 0 0 4 2 a  E" 2     86CoLe.146
15437.42860 0.020 0.020 4 0 1 0 1 0 3 1 a  E'  -105 0 0 0 0 0 0 3 1 s  E" 2      86CoLe.77
15497.18000 0.020 0.020 4 0 1 0 1 0 3 1 a  E'  -106 0 0 0 0 0 0 2 1 s  E" 2      86CoLe.49
15373.25480 0.020 0.020 1 4 1 3 1 1 3 1 a  E'  -107 0 0 0 0 0 0 4 2 a  E" 2     86CoLe.147
15452.62420 0.020 0.020 1 4 1 3 1 1 3 1 a  E'  -107 0 0 0 0 0 0 3 2 a  E" 1      86CoLe.95
15446.57370 0.020 0.020 4 0 1 0 1 0 3 0 s  E'  3997 0 0 0 0 0 0 3 1 s  E" 2      86CoLe.80
15506.17730 0.020 0.020 4 0 1 0 1 0 3 0 s  E'  3997 0 0 0 0 0 0 2 1 s  E" 2      86CoLe.50
15446.61560 0.024 0.024 4 0 1 0 1 0 3 0 s  E'  3997 0 0 0 0 0 0 3 1 s  E" 2 18ZoCoOvKy.143
15367.24670 0.024 0.024 4 0 1 0 1 0 3 0 s  E'  3997 0 0 0 0 0 0 4 1 s  E" 3  18ZoCoOvKy.47
15506.21510 0.024 0.024 4 0 1 0 1 0 3 0 s  E'  3997 0 0 0 0 0 0 2 1 s  E" 2 18ZoCoOvKy.196
15367.70530 0.020 0.020 0 8 2 0 2 0 3 0 s  E'  -109 0 0 0 0 0 0 4 1 s  E" 3     86CoLe.136
18142.49121 0.034 0.034 6 0 0 0 0 0 3 3 a  E'  7929 0 0 0 0 0 0 2 1 s  E" 2 18ZoCoOvKy.305
18058.27309 0.034 0.034 6 0 0 0 0 0 3 3 a  E'  7929 0 0 0 0 0 0 4 4 a  E" 1 18ZoCoOvKy.263
18154.87596 0.034 0.034 5 0 1 0 1 0 3 3 a  E'  7950 0 0 0 0 0 0 2 2 a  E" 1 18ZoCoOvKy.315
18095.87883 0.034 0.034 5 0 1 0 1 0 3 3 a  E'  7951 0 0 0 0 0 0 3 2 a  E" 1 18ZoCoOvKy.281
18007.59557 0.034 0.034 6 0 0 0 0 0 3 2 s  E'  7962 0 0 0 0 0 0 4 1 s  E" 3 18ZoCoOvKy.241
18156.92309 0.034 0.034 6 0 0 0 0 0 3 2 s  E'  7962 0 0 0 0 0 0 2 2 a  E" 1 18ZoCoOvKy.318
18146.58070 0.034 0.034 6 0 0 0 0 0 3 2 s  E'  7962 0 0 0 0 0 0 2 1 s  E" 2 18ZoCoOvKy.310
15494.48960 0.020 0.020 4 0 1 0 1 0 4 4 a A2"  -100 0 0 0 0 0 0 3 3 a A2' 1     86CoLe.116
15415.06040 0.020 0.020 4 0 1 0 1 0 4 4 a A2"  -100 0 0 0 0 0 0 4 3 a A2' 1     86CoLe.163
15315.93400 0.020 0.020 4 0 1 0 1 0 4 4 a A2"  -100 0 0 0 0 0 0 5 3 a A2' 1     86CoLe.209
15315.93400 0.020 0.020 4 0 1 0 1 0 4 4 a A2"  -100 0 0 0 0 0 0 5 3 a A2' 1     86CoLe.208
15417.45940 0.020 0.020 4 0 1 0 1 0 4 4 a A2"  2607 0 0 0 0 0 0 4 3 a A2' 1     86CoLe.164
15496.88960 0.020 0.020 4 0 1 0 1 0 4 4 a A2"  2607 0 0 0 0 0 0 3 3 a A2' 1     86CoLe.117
15318.32260 0.020 0.020 4 0 1 0 1 0 4 4 a A2"  2607 0 0 0 0 0 0 5 3 a A2' 1     86CoLe.210
15318.35770 0.024 0.024 4 0 1 0 1 0 4 4 a A2"  2607 0 0 0 0 0 0 5 3 a A2' 1  18ZoCoOvKy.13
15496.93370 0.024 0.024 4 0 1 0 1 0 4 4 a A2"  2607 0 0 0 0 0 0 3 3 a A2' 1 18ZoCoOvKy.186
15417.50460 0.024 0.024 4 0 1 0 1 0 4 4 a A2"  2607 0 0 0 0 0 0 4 3 a A2' 1 18ZoCoOvKy.102
15497.13740 0.020 0.020 1 4 1 3 1 1 4 4 a A2"  -102 0 0 0 0 0 0 3 3 a A2' 1     86CoLe.118
15318.57070 0.020 0.020 1 4 1 3 1 1 4 4 a A2"  -102 0 0 0 0 0 0 5 3 a A2' 1     86CoLe.211
15417.70980 0.020 0.020 1 4 1 3 1 1 4 4 a A2"  -102 0 0 0 0 0 0 4 3 a A2' 1     86CoLe.165
15519.15470 0.020 0.020 5 0 0 0 0 0 4 3 s A2"  2621 0 0 0 0 0 0 3 3 a A2' 1     86CoLe.122
15340.58950 0.020 0.020 5 0 0 0 0 0 4 3 s A2"  2621 0 0 0 0 0 0 5 3 a A2' 1     86CoLe.213
15439.72960 0.020 0.020 5 0 0 0 0 0 4 3 s A2"  2621 0 0 0 0 0 0 4 3 a A2' 1     86CoLe.167
15340.62960 0.024 0.024 5 0 0 0 0 0 4 3 s A2"  2621 0 0 0 0 0 0 5 3 a A2' 1  18ZoCoOvKy.28
15519.19900 0.024 0.024 5 0 0 0 0 0 4 3 s A2"  2621 0 0 0 0 0 0 3 3 a A2' 1 18ZoCoOvKy.216
15439.77210 0.024 0.024 5 0 0 0 0 0 4 3 s A2"  2621 0 0 0 0 0 0 4 3 a A2' 1 18ZoCoOvKy.134
15353.40990 0.020 0.020 4 0 1 0 1 0 4 2 a A2"  2631 0 0 0 0 0 0 5 3 a A2' 1     86CoLe.216
15452.54990 0.020 0.020 4 0 1 0 1 0 4 2 a A2"  2631 0 0 0 0 0 0 4 3 a A2' 1     86CoLe.170
15321.03230 0.024 0.024 4 0 1 0 1 0 4 2 a A2"  2631 0 0 0 0 0 0 5 0 s A2' 2  18ZoCoOvKy.15
15353.45260 0.024 0.024 4 0 1 0 1 0 4 2 a A2"  2631 0 0 0 0 0 0 5 3 a A2' 1  18ZoCoOvKy.37
15452.59230 0.024 0.024 4 0 1 0 1 0 4 2 a A2"  2631 0 0 0 0 0 0 4 3 a A2' 1 18ZoCoOvKy.152
15499.45000 0.024 0.024 4 0 1 0 1 0 4 2 a A2"  2631 0 0 0 0 0 0 3 0 s A2' 2 18ZoCoOvKy.188
15508.33100 0.020 0.020 4 0 1 0 1 0 4 0 s A2"  2637 0 0 0 0 0 0 3 0 s A2' 2      86CoLe.69
15329.92740 0.020 0.020 4 0 1 0 1 0 4 0 s A2"  2637 0 0 0 0 0 0 5 0 s A2' 2     86CoLe.196
15508.37310 0.024 0.024 4 0 1 0 1 0 4 1 s A2"  2637 0 0 0 0 0 0 3 0 s A2' 2 18ZoCoOvKy.200
15329.96930 0.024 0.024 4 0 1 0 1 0 4 1 s A2"  2637 0 0 0 0 0 0 5 0 s A2' 2  18ZoCoOvKy.20
15514.50900 0.020 0.020 5 0 0 0 0 0 4 1 a A2"  2641 0 0 0 0 0 0 3 0 s A2' 2      86CoLe.68
15336.10620 0.020 0.020 5 0 0 0 0 0 4 1 a A2"  2641 0 0 0 0 0 0 5 0 s A2' 2     86CoLe.195
15467.69890 0.024 0.024 5 0 0 0 0 0 4 0 a A2"  2641 0 0 0 0 0 0 4 3 a A2' 1 18ZoCoOvKy.163
15336.14590 0.024 0.024 5 0 0 0 0 0 4 0 a A2"  2641 0 0 0 0 0 0 5 0 s A2' 2  18ZoCoOvKy.21
15368.56180 0.024 0.024 5 0 0 0 0 0 4 0 a A2"  2641 0 0 0 0 0 0 5 3 a A2' 1  18ZoCoOvKy.51
15514.55120 0.024 0.024 5 0 0 0 0 0 4 0 a A2"  2641 0 0 0 0 0 0 3 0 s A2' 2 18ZoCoOvKy.209
18145.71726 0.034 0.034 5 0 1 0 1 0 4 4 a A2"  5181 0 0 0 0 0 0 3 3 a A2' 1 18ZoCoOvKy.309
18066.29972 0.034 0.034 5 0 1 0 1 0 4 4 a A2"  5181 0 0 0 0 0 0 4 3 a A2' 1 18ZoCoOvKy.267
18150.69335 0.034 0.034 5 0 1 0 1 0 4 4 a A2"  5183 0 0 0 0 0 0 3 3 a A2' 1 18ZoCoOvKy.312
18071.26358 0.034 0.034 5 0 1 0 1 0 4 4 a A2"  5183 0 0 0 0 0 0 4 3 a A2' 1 18ZoCoOvKy.269
18175.61770 0.034 0.034 6 0 0 0 0 0 4 3 s A2"  5211 0 0 0 0 0 0 3 3 a A2' 1 18ZoCoOvKy.329
18010.75075 0.034 0.034 5 0 1 0 1 0 4 2 a A2"  5224 0 0 0 0 0 0 5 3 a A2' 1 18ZoCoOvKy.243
18109.94024 0.034 0.034 5 0 1 0 1 0 4 2 a A2"  5227 0 0 0 0 0 0 4 3 a A2' 1 18ZoCoOvKy.295
18161.85471 0.034 0.034 5 0 1 0 1 0 4 1 s A2"  5237 0 0 0 0 0 0 3 0 s A2' 2 18ZoCoOvKy.320
17983.45240 0.034 0.034 5 0 1 0 1 0 4 1 s A2"  5237 0 0 0 0 0 0 5 0 s A2' 2 18ZoCoOvKy.238
18025.24918 0.034 0.034 5 0 1 0 1 0 4 2 a A2"  5245 0 0 0 0 0 0 5 3 a A2' 1 18ZoCoOvKy.251
18171.23895 0.034 0.034 5 0 1 0 1 0 4 2 a A2"  5245 0 0 0 0 0 0 3 0 s A2' 2 18ZoCoOvKy.325
18184.24734 0.034 0.034 6 0 0 0 0 0 4 0 a A2"  5260 0 0 0 0 0 0 3 0 s A2' 2 18ZoCoOvKy.335
18005.85093 0.034 0.034 6 0 0 0 0 0 4 0 a A2"  5260 0 0 0 0 0 0 5 0 s A2' 2 18ZoCoOvKy.240
18096.18260 0.034 0.034 6 0 0 0 0 0 4 3 s A2"  5331 0 0 0 0 0 0 5 3 a A2' 1 18ZoCoOvKy.282
15498.19240 0.020 0.020 4 0 1 0 1 0 4 4 s A2'  -100 0 0 0 0 0 0 3 3 s A2" 1     86CoLe.119
15321.10090 0.020 0.020 4 0 1 0 1 0 4 4 s A2'  2499 0 0 0 0 0 0 5 3 s A2" 1     86CoLe.212
15420.28880 0.020 0.020 4 0 1 0 1 0 4 4 s A2'  2499 0 0 0 0 0 0 4 3 s A2" 1     86CoLe.166
15499.75880 0.020 0.020 4 0 1 0 1 0 4 4 s A2'  2499 0 0 0 0 0 0 3 3 s A2" 1     86CoLe.120
15420.32940 0.024 0.024 4 0 1 0 1 0 4 4 s A2'  2499 0 0 0 0 0 0 4 3 s A2" 1 18ZoCoOvKy.105
15499.79950 0.024 0.024 4 0 1 0 1 0 4 4 s A2'  2499 0 0 0 0 0 0 3 3 s A2" 1 18ZoCoOvKy.189
15501.23460 0.020 0.020 1 3 0 6 0 4 4 4 s A2'  -102 0 0 0 0 0 0 3 3 s A2" 1     86CoLe.121
15336.84990 0.020 0.020 5 0 0 0 0 0 4 3 a A2'  -103 0 0 0 0 0 0 5 3 s A2" 1     86CoLe.214
15515.51500 0.020 0.020 5 0 0 0 0 0 4 3 a A2'  2514 0 0 0 0 0 0 3 3 s A2" 1     86CoLe.123
15436.04630 0.020 0.020 5 0 0 0 0 0 4 3 a A2'  2514 0 0 0 0 0 0 4 3 s A2" 1     86CoLe.168
15515.55700 0.024 0.024 5 0 0 0 0 0 4 3 a A2'  2514 0 0 0 0 0 0 3 3 s A2" 1 18ZoCoOvKy.210
15436.08810 0.024 0.024 5 0 0 0 0 0 4 3 a A2'  2514 0 0 0 0 0 0 4 3 s A2" 1 18ZoCoOvKy.130
15336.90440 0.024 0.024 5 0 0 0 0 0 4 3 a A2'  2514 0 0 0 0 0 0 5 3 s A2" 1  18ZoCoOvKy.26
15518.73580 0.020 0.020 5 0 0 0 0 0 4 3 a A2'  -104 0 0 0 0 0 0 3 3 s A2" 1     86CoLe.124
15340.27850 0.020 0.020 5 0 0 0 0 0 4 3 a A2'  -105 0 0 0 0 0 0 5 3 s A2" 1     86CoLe.215
15439.47810 0.020 0.020 5 0 0 0 0 0 4 3 a A2'  -105 0 0 0 0 0 0 4 3 s A2" 1     86CoLe.169
15451.60930 0.020 0.020 4 0 1 0 1 0 4 2 s A2'  -106 0 0 0 0 0 0 4 3 s A2" 1     86CoLe.171
15456.35590 0.020 0.020 0 1 1 7 1 5 4 2 s A2'  -107 0 0 0 0 0 0 4 3 s A2" 1     86CoLe.172
15357.17460 0.020 0.020 0 1 1 7 1 5 4 2 s A2'  -107 0 0 0 0 0 0 5 3 s A2" 1     86CoLe.217
15457.76500 0.020 0.020 4 0 1 0 1 0 4 2 s A2'  2524 0 0 0 0 0 0 4 3 s A2" 1     86CoLe.173
15358.57990 0.020 0.020 4 0 1 0 1 0 4 2 s A2'  2524 0 0 0 0 0 0 5 3 s A2" 1     86CoLe.218
15423.84060 0.024 0.024 4 0 1 0 1 0 4 2 s A2'  2524 0 0 0 0 0 0 4 0 a A2" 2 18ZoCoOvKy.112
15457.80660 0.024 0.024 4 0 1 0 1 0 4 2 s A2'  2524 0 0 0 0 0 0 4 3 s A2" 1 18ZoCoOvKy.155
15358.62180 0.024 0.024 4 0 1 0 1 0 4 2 s A2'  2524 0 0 0 0 0 0 5 3 s A2" 1  18ZoCoOvKy.39
15428.63000 0.020 0.020 4 0 1 0 1 0 4 1 a A2'  -109 0 0 0 0 0 0 4 0 a A2" 2     86CoLe.128
15429.06570 0.020 0.020 4 0 1 0 1 0 4 1 a A2'  -110 0 0 0 0 0 0 4 0 a A2" 2     86CoLe.129
15365.69510 0.024 0.024 4 0 1 0 1 0 4 1 a A2'  2531 0 0 0 0 0 0 5 3 s A2" 1  18ZoCoOvKy.45
15430.91920 0.024 0.024 4 0 1 0 1 0 4 1 a A2'  2531 0 0 0 0 0 0 4 0 a A2" 2 18ZoCoOvKy.124
18074.18986 0.034 0.034 5 0 1 0 1 0 4 4 s A2'  5035 0 0 0 0 0 0 4 3 s A2" 1 18ZoCoOvKy.273
18153.66587 0.034 0.034 5 0 1 0 1 0 4 4 s A2'  5035 0 0 0 0 0 0 3 3 s A2" 1 18ZoCoOvKy.313
18188.36570 0.034 0.034 6 0 0 0 0 0 4 3 a A2'  5078 0 0 0 0 0 0 3 3 s A2" 1 18ZoCoOvKy.337
18108.89855 0.034 0.034 6 0 0 0 0 0 4 3 a A2'  5078 0 0 0 0 0 0 4 3 s A2" 1 18ZoCoOvKy.294
18086.99737 0.034 0.034 5 0 1 0 1 0 4 1 a A2'  5088 0 0 0 0 0 0 4 0 a A2" 2 18ZoCoOvKy.278
18021.78305 0.034 0.034 5 0 1 0 1 0 4 1 a A2'  5088 0 0 0 0 0 0 5 3 s A2" 1 18ZoCoOvKy.249
15442.70900 0.020 0.020 5 0 0 0 0 0 4 4 a  E"  -100 0 0 0 0 0 0 4 4 s  E' 1     86CoLe.186
15442.92160 0.020 0.020 5 0 0 0 0 0 4 4 a  E"  -101 0 0 0 0 0 0 4 4 s  E' 1     86CoLe.187
15343.63010 0.020 0.020 5 0 0 0 0 0 4 4 a  E"  -101 0 0 0 0 0 0 5 4 s  E' 2     86CoLe.229
15376.55500 0.020 0.020 5 0 0 0 0 0 4 4 a  E"  5094 0 0 0 0 0 0 5 5 a  E' 1     86CoLe.239
15376.59510 0.024 0.024 5 0 0 0 0 0 4 4 a  E"  5094 0 0 0 0 0 0 5 5 a  E' 1  18ZoCoOvKy.54
15443.47440 0.020 0.020 1 1 0 7 0 1 4 4 a  E"  -103 0 0 0 0 0 0 4 4 s  E' 1     86CoLe.188
15422.54900 0.020 0.020 0 8 2 0 2 0 4 3 s  E"  -104 0 0 0 0 0 0 4 2 s  E' 2     86CoLe.151
15501.95690 0.020 0.020 0 8 2 0 2 0 4 3 s  E"  -104 0 0 0 0 0 0 3 2 s  E' 1     86CoLe.101
15467.58630 0.020 0.020 4 0 1 0 1 0 4 3 s  E"  5115 0 0 0 0 0 0 4 4 s  E' 1     86CoLe.191
15368.29290 0.020 0.020 4 0 1 0 1 0 4 3 s  E"  5115 0 0 0 0 0 0 5 4 s  E' 2     86CoLe.232
15502.52370 0.020 0.020 4 0 1 0 1 0 4 3 s  E"  5115 0 0 0 0 0 0 3 2 s  E' 1     86CoLe.102
15368.33340 0.024 0.024 4 0 1 0 1 0 4 3 s  E"  5115 0 0 0 0 0 0 5 4 s  E' 2  18ZoCoOvKy.50
15502.56410 0.024 0.024 4 0 1 0 1 0 4 3 s  E"  5115 0 0 0 0 0 0 3 2 s  E' 1 18ZoCoOvKy.192
15467.62930 0.024 0.024 4 0 1 0 1 0 4 3 s  E"  5115 0 0 0 0 0 0 4 4 s  E' 1 18ZoCoOvKy.162
15324.62000 0.020 0.020 4 0 1 0 1 0 4 3 s  E"  5116 0 0 0 0 0 0 5 2 s  E' 3     86CoLe.204
15503.13530 0.020 0.020 4 0 1 0 1 0 4 3 s  E"  5116 0 0 0 0 0 0 3 2 s  E' 1     86CoLe.103
15423.72880 0.020 0.020 4 0 1 0 1 0 4 3 s  E"  5116 0 0 0 0 0 0 4 2 s  E' 2     86CoLe.152
15503.17650 0.024 0.024 4 0 1 0 1 0 4 3 s  E"  5116 0 0 0 0 0 0 3 2 s  E' 1 18ZoCoOvKy.194
15368.94640 0.024 0.024 4 0 1 0 1 0 4 3 s  E"  5116 0 0 0 0 0 0 5 4 s  E' 2  18ZoCoOvKy.52
15423.77010 0.024 0.024 4 0 1 0 1 0 4 3 s  E"  5116 0 0 0 0 0 0 4 2 s  E' 2 18ZoCoOvKy.111
15324.66260 0.024 0.024 4 0 1 0 1 0 4 3 s  E"  5116 0 0 0 0 0 0 5 2 s  E' 3  18ZoCoOvKy.16
15503.56000 0.020 0.020 0 8 2 0 2 0 4 3 s  E"  -107 0 0 0 0 0 0 3 2 s  E' 1     86CoLe.104
15433.09510 0.020 0.020 4 0 1 0 1 0 4 2 a  E"  -108 0 0 0 0 0 0 4 2 s  E' 2     86CoLe.154
15512.50230 0.020 0.020 4 0 1 0 1 0 4 2 a  E"  -108 0 0 0 0 0 0 3 2 s  E' 1     86CoLe.107
15324.52900 0.020 0.020 4 0 1 0 1 0 4 2 a  E"  5136 0 0 0 0 0 0 5 1 a  E' 4     86CoLe.199
15423.55050 0.020 0.020 4 0 1 0 1 0 4 2 a  E"  5136 0 0 0 0 0 0 4 1 a  E' 3     86CoLe.137
15502.88480 0.020 0.020 4 0 1 0 1 0 4 2 a  E"  5136 0 0 0 0 0 0 3 1 a  E' 2      86CoLe.81
15423.59150 0.024 0.024 4 0 1 0 1 0 4 2 a  E"  5136 0 0 0 0 0 0 4 1 a  E' 3 18ZoCoOvKy.110
15502.92700 0.024 0.024 4 0 1 0 1 0 4 2 a  E"  5136 0 0 0 0 0 0 3 1 a  E' 2 18ZoCoOvKy.193
15336.50820 0.024 0.024 4 0 1 0 1 0 4 0 a  E"  5156 0 0 0 0 0 0 5 1 a  E' 4  18ZoCoOvKy.22
15435.52850 0.024 0.024 4 0 1 0 1 0 4 0 a  E"  5156 0 0 0 0 0 0 4 1 a  E' 3 18ZoCoOvKy.129
18104.63799 0.034 0.034 6 0 0 0 0 0 4 0 a  E" 10322 0 0 0 0 0 0 4 1 a  E' 3 18ZoCoOvKy.293
18183.97629 0.034 0.034 5 0 1 0 1 0 4 0 a  E" 10322 0 0 0 0 0 0 3 1 a  E' 2 18ZoCoOvKy.334
15444.56070 0.020 0.020 1 3 1 4 1 4 4 4 s  E'  -100 0 0 0 0 0 0 4 4 a  E" 1     86CoLe.184
15444.91170 0.020 0.020 1 3 1 4 1 4 4 4 s  E'  -101 0 0 0 0 0 0 4 4 a  E" 1     86CoLe.185
15380.29030 0.020 0.020 1 3 1 4 1 4 4 4 s  E'  -102 0 0 0 0 0 0 5 5 s  E" 1     86CoLe.240
15448.52250 0.024 0.024 4 0 1 0 1 0 4 4 s  E'  5132 0 0 0 0 0 0 4 4 a  E" 1 18ZoCoOvKy.147
15383.42060 0.024 0.024 4 0 1 0 1 0 4 4 s  E'  5132 0 0 0 0 0 0 5 5 s  E" 1  18ZoCoOvKy.61
15364.50030 0.020 0.020 4 0 1 0 1 0 4 3 a  E'  5156 0 0 0 0 0 0 5 4 a  E" 2     86CoLe.230
15498.72500 0.020 0.020 4 0 1 0 1 0 4 3 a  E'  5156 0 0 0 0 0 0 3 2 a  E" 1      86CoLe.97
15463.74580 0.020 0.020 4 0 1 0 1 0 4 3 a  E'  5156 0 0 0 0 0 0 4 4 a  E" 1     86CoLe.189
15320.29490 0.020 0.020 4 0 1 0 1 0 4 3 a  E'  5156 0 0 0 0 0 0 5 2 a  E" 3     86CoLe.202
15419.36000 0.020 0.020 4 0 1 0 1 0 4 3 a  E'  5156 0 0 0 0 0 0 4 2 a  E" 2     86CoLe.149
15364.54340 0.024 0.024 4 0 1 0 1 0 4 3 a  E'  5156 0 0 0 0 0 0 5 4 a  E" 2  18ZoCoOvKy.43
15498.76800 0.024 0.024 4 0 1 0 1 0 4 3 s  E'  5156 0 0 0 0 0 0 3 2 a  E" 1 18ZoCoOvKy.187
15320.33550 0.024 0.024 4 0 1 0 1 0 4 3 a  E'  5156 0 0 0 0 0 0 5 2 a  E" 3  18ZoCoOvKy.14
15419.39980 0.024 0.024 4 0 1 0 1 0 4 3 a  E'  5156 0 0 0 0 0 0 4 2 a  E" 2 18ZoCoOvKy.103
15463.79470 0.024 0.024 4 0 1 0 1 0 4 3 a  E'  5156 0 0 0 0 0 0 4 4 a  E" 1 18ZoCoOvKy.161
15498.88490 0.020 0.020 0 1 1 7 1 5 4 3 a  E'  -105 0 0 0 0 0 0 3 2 a  E" 1      86CoLe.98
15320.45500 0.020 0.020 0 1 1 7 1 5 4 3 a  E'  -105 0 0 0 0 0 0 5 2 a  E" 3     86CoLe.203
15419.52060 0.020 0.020 0 1 1 7 1 5 4 3 a  E'  -105 0 0 0 0 0 0 4 2 a  E" 2     86CoLe.150
15499.16610 0.020 0.020 0 1 1 7 1 5 4 3 a  E'  -106 0 0 0 0 0 0 3 2 a  E" 1      86CoLe.99
15464.18900 0.020 0.020 0 1 1 7 1 5 4 3 a  E'  -106 0 0 0 0 0 0 4 4 a  E" 1     86CoLe.190
15364.95150 0.020 0.020 0 1 1 7 1 5 4 3 a  E'  -106 0 0 0 0 0 0 5 4 a  E" 2     86CoLe.231
15500.05000 0.020 0.020 0 1 1 7 1 5 4 3 a  E'  -107 0 0 0 0 0 0 3 2 a  E" 1     86CoLe.100
15368.33340 0.024 0.024 4 0 1 0 1 0 4 3 a  E'  5158 0 0 0 0 0 0 5 4 a  E" 2  18ZoCoOvKy.49
15502.56410 0.024 0.024 4 0 1 0 1 0 4 3 a  E'  5158 0 0 0 0 0 0 3 2 a  E" 1 18ZoCoOvKy.191
15514.84770 0.020 0.020 1 1 2 3 0 3 4 2 s  E'  -109 0 0 0 0 0 0 3 2 a  E" 1     86CoLe.105
15435.48840 0.020 0.020 1 1 2 3 0 3 4 2 s  E'  -109 0 0 0 0 0 0 4 2 a  E" 2     86CoLe.153
15516.23230 0.024 0.024 5 0 0 0 0 0 4 2 s  E'  5177 0 0 0 0 0 0 3 2 a  E" 1 18ZoCoOvKy.212
15505.88130 0.024 0.024 5 0 0 0 0 0 4 2 s  E'  5177 0 0 0 0 0 0 3 1 s  E" 2 18ZoCoOvKy.195
15327.44990 0.024 0.024 5 0 0 0 0 0 4 2 s  E'  5177 0 0 0 0 0 0 5 1 s  E" 4  18ZoCoOvKy.18
15517.19560 0.020 0.020 1 1 2 3 0 3 4 2 s  E'  -111 0 0 0 0 0 0 3 2 a  E" 1     86CoLe.106
15427.50650 0.020 0.020 4 0 1 0 1 0 4 2 s  E'  5179 0 0 0 0 0 0 4 1 s  E" 3     86CoLe.138
15328.44580 0.020 0.020 4 0 1 0 1 0 4 2 s  E'  5179 0 0 0 0 0 0 5 1 s  E" 4     86CoLe.200
15506.87840 0.020 0.020 4 0 1 0 1 0 4 2 s  E'  5179 0 0 0 0 0 0 3 1 s  E" 2      86CoLe.82
15427.54670 0.024 0.024 4 0 1 0 1 0 4 2 s  E'  5179 0 0 0 0 0 0 4 1 s  E" 3 18ZoCoOvKy.117
15328.48690 0.024 0.024 4 0 1 1 0 0 4 2 s  E'  5179 0 0 0 0 0 0 5 1 s  E" 4  18ZoCoOvKy.19
15506.91900 0.024 0.024 4 0 1 0 1 0 4 2 s  E'  5179 0 0 0 0 0 0 3 1 s  E" 2 18ZoCoOvKy.198
15440.47190 0.024 0.024 4 0 1 0 1 0 4 1 a  E'  5190 0 0 0 0 0 0 4 2 a  E" 2 18ZoCoOvKy.137
15510.55190 0.020 0.020 1 1 1 5 1 3 4 2 s  E'  -113 0 0 0 0 0 0 3 1 s  E" 2      86CoLe.83
15342.36720 0.020 0.020 0 1 1 7 1 5 4 0 s  E'  -114 0 0 0 0 0 0 5 1 s  E" 4     86CoLe.201
15441.43300 0.020 0.020 0 1 1 7 1 5 4 0 s  E'  -114 0 0 0 0 0 0 4 1 s  E" 3     86CoLe.139
15520.80810 0.020 0.020 0 1 1 7 1 5 4 0 s  E'  -114 0 0 0 0 0 0 3 1 s  E" 2      86CoLe.84
15509.48610 0.024 0.024 4 0 1 0 1 0 4 1 a  E'  5282 0 0 0 0 0 0 4 2 a  E" 2 18ZoCoOvKy.201
17983.24891 0.034 0.034 5 0 1 0 1 0 4 3 a  E' 10370 0 0 0 0 0 0 5 1 s  E" 4 18ZoCoOvKy.237
18172.03951 0.034 0.034 5 0 1 0 1 0 4 3 a  E' 10370 0 0 0 0 0 0 3 2 a  E" 1 18ZoCoOvKy.327
15364.98000 0.020 0.020 0 1 1 7 1 5 5 5 s A2"  -100 0 0 0 0 0 0 6 6 s A2' 1     86CoLe.287
15366.11080 0.020 0.020 4 0 1 0 1 0 5 5 s A2"  3055 0 0 0 0 0 0 6 6 s A2' 1     86CoLe.288
15483.63810 0.024 0.024 4 0 1 0 1 0 5 5 s A2"  3055 0 0 0 0 0 0 4 3 a A2' 1 18ZoCoOvKy.175
15366.15320 0.024 0.024 4 0 1 0 1 0 5 5 s A2"  3055 0 0 0 0 0 0 6 6 s A2' 1  18ZoCoOvKy.46
15508.20300 0.020 0.020 4 0 1 0 1 0 5 4 a A2"  3078 0 0 0 0 0 0 4 3 a A2' 1     86CoLe.174
15290.31520 0.020 0.020 4 0 1 0 1 0 5 4 a A2"  3078 0 0 0 0 0 0 6 3 a A2' 2     86CoLe.259
15409.10690 0.024 0.024 4 0 1 0 1 0 5 4 a A2"  3078 0 0 0 0 0 0 5 3 a A2' 1  18ZoCoOvKy.91
15508.24600 0.024 0.024 4 0 1 0 1 0 5 4 a A2"  3078 0 0 0 0 0 0 4 3 a A2' 1 18ZoCoOvKy.199
15290.35790 0.024 0.024 4 0 1 0 1 0 5 4 a A2"  3078 0 0 0 0 0 0 6 3 a A2' 2   18ZoCoOvKy.3
15409.64200 0.020 0.020 4 0 1 0 1 0 5 4 a A2"  -103 0 0 0 0 0 0 5 3 a A2' 1     86CoLe.219
15530.70000 0.020 0.020 1 1 2 3 0 3 5 3 s A2"  -104 0 0 0 0 0 0 4 3 a A2' 1     86CoLe.178
15312.81450 0.020 0.020 1 1 2 3 0 3 5 3 s A2"  -104 0 0 0 0 0 0 6 3 a A2' 2     86CoLe.261
15313.47200 0.020 0.020 5 0 0 0 0 0 5 3 s A2"  3093 0 0 0 0 0 0 6 3 a A2' 2     86CoLe.262
15531.36300 0.020 0.020 5 0 0 0 0 0 5 3 s A2"  3093 0 0 0 0 0 0 4 3 a A2' 1     86CoLe.179
15432.22530 0.020 0.020 5 0 0 0 0 0 5 3 s A2"  3093 0 0 0 0 0 0 5 3 a A2' 1     86CoLe.223
15432.25950 0.024 0.024 5 0 0 0 0 0 5 3 s A2"  3093 0 0 0 0 0 0 5 3 a A2' 1 18ZoCoOvKy.125
15531.40600 0.024 0.024 5 0 0 0 0 0 5 3 s A2"  3093 0 0 0 0 0 0 4 3 a A2' 1 18ZoCoOvKy.229
15428.67120 0.024 0.024 4 0 1 0 1 0 5 1 s A2"  3116 0 0 0 0 0 0 5 0 s A2' 2 18ZoCoOvKy.118
18156.73939 0.034 0.034 5 0 1 0 1 0 5 4 a A2"  6181 0 0 0 0 0 0 4 3 a A2' 1 18ZoCoOvKy.317
18057.60273 0.034 0.034 5 0 1 0 1 0 5 4 a A2"  6181 0 0 0 0 0 0 5 3 a A2' 1 18ZoCoOvKy.262
18076.96660 0.034 0.034 6 0 0 0 0 0 5 4 a A2"  6204 0 0 0 0 0 0 5 3 a A2' 1 18ZoCoOvKy.275
18176.11658 0.034 0.034 6 0 0 0 0 0 5 4 a A2"  6204 0 0 0 0 0 0 4 3 a A2' 1 18ZoCoOvKy.331
15362.00450 0.020 0.020 4 0 1 0 1 0 5 5 a A2'  3162 0 0 0 0 0 0 6 6 a A2" 1     86CoLe.286
15481.12420 0.024 0.024 4 0 1 0 1 0 5 5 a A2'  3162 0 0 0 0 0 0 4 3 s A2" 1 18ZoCoOvKy.172
15362.04730 0.024 0.024 4 0 1 0 1 0 5 5 a A2'  3162 0 0 0 0 0 0 6 6 a A2" 1  18ZoCoOvKy.40
15507.71400 0.020 0.020 1 1 1 5 1 3 5 4 s A2'  -101 0 0 0 0 0 0 4 3 s A2" 1     86CoLe.175
15408.53010 0.020 0.020 1 1 1 5 1 3 5 4 s A2'  -101 0 0 0 0 0 0 5 3 s A2" 1     86CoLe.220
15409.46190 0.020 0.020 1 1 1 5 1 3 5 4 s A2'  -102 0 0 0 0 0 0 5 3 s A2" 1     86CoLe.221
15508.64800 0.020 0.020 1 1 1 5 1 3 5 4 s A2'  -102 0 0 0 0 0 0 4 3 s A2" 1     86CoLe.176
15411.17310 0.024 0.024 4 0 1 0 1 0 5 4 s A2'  3180 0 0 0 0 0 0 5 3 s A2" 1  18ZoCoOvKy.95
15510.36250 0.024 0.024 4 0 1 0 1 0 5 4 s A2'  3180 0 0 0 0 0 0 4 3 s A2" 1 18ZoCoOvKy.203
15294.66210 0.020 0.020 4 0 1 0 1 0 5 4 s A2'  3181 0 0 0 0 0 0 6 3 s A2" 2     86CoLe.260
15413.46540 0.020 0.020 4 0 1 0 1 0 5 4 s A2'  3181 0 0 0 0 0 0 5 3 s A2" 1     86CoLe.222
15512.65240 0.020 0.020 4 0 1 0 1 0 5 4 s A2'  3181 0 0 0 0 0 0 4 3 s A2" 1     86CoLe.177
15294.70400 0.024 0.024 4 0 1 0 1 0 5 4 s A2'  3181 0 0 0 0 0 0 6 3 s A2" 2   18ZoCoOvKy.6
15413.50770 0.024 0.024 4 0 1 0 1 0 5 4 s A2'  3181 0 0 0 0 0 0 5 3 s A2" 1  18ZoCoOvKy.97
15512.69340 0.024 0.024 4 0 1 0 1 0 5 4 s A2'  3181 0 0 0 0 0 0 4 3 s A2" 1 18ZoCoOvKy.207
15393.61680 0.024 0.024 4 0 1 0 1 0 5 4 s A2'  3181 0 0 0 0 0 0 6 6 a A2" 1  18ZoCoOvKy.77
15310.70290 0.020 0.020 5 0 0 0 0 0 5 3 a A2'  3202 0 0 0 0 0 0 6 3 s A2" 2     86CoLe.263
15528.69620 0.020 0.020 5 0 0 0 0 0 5 3 a A2'  3202 0 0 0 0 0 0 4 3 s A2" 1     86CoLe.180
15429.54280 0.024 0.024 5 0 0 0 0 0 5 3 a A2'  3202 0 0 0 0 0 0 5 3 s A2" 1 18ZoCoOvKy.119
15310.74870 0.024 0.024 5 0 0 0 0 0 5 3 a A2'  3202 0 0 0 0 0 0 6 3 s A2" 2   18ZoCoOvKy.9
15528.73790 0.024 0.024 5 0 0 0 0 0 5 3 a A2'  3202 0 0 0 0 0 0 4 3 s A2" 1 18ZoCoOvKy.223
15326.56900 0.024 0.024 4 0 1 0 1 0 5 2 s A2'  3209 0 0 0 0 0 0 6 3 s A2" 2  18ZoCoOvKy.17
15445.37250 0.024 0.024 4 0 1 0 1 0 5 2 s A2'  3209 0 0 0 0 0 0 5 3 s A2" 1 18ZoCoOvKy.142
15510.59530 0.024 0.024 4 0 1 0 1 0 5 2 s A2'  3209 0 0 0 0 0 0 4 0 a A2" 2 18ZoCoOvKy.205
15517.05590 0.020 0.020 2 1 1 3 1 1 5 1 a A2'  -107 0 0 0 0 0 0 4 0 a A2" 2     86CoLe.130
15299.96700 0.020 0.020 1 4 1 3 1 3 5 1 a A2'  -108 0 0 0 0 0 0 6 0 a A2" 3     86CoLe.253
15300.14620 0.020 0.020 4 0 1 0 1 0 5 1 a A2'  3216 0 0 0 0 0 0 6 0 a A2" 3     86CoLe.254
15300.18700 0.024 0.024 4 0 1 0 1 0 5 1 a A2'  3216 0 0 0 0 0 0 6 0 a A2" 3   18ZoCoOvKy.7
15517.78250 0.024 0.024 4 0 1 0 1 0 5 1 a A2'  3216 0 0 0 0 0 0 4 0 a A2" 2 18ZoCoOvKy.214
15522.19040 0.020 0.020 1 4 1 3 1 3 5 1 a A2'  -110 0 0 0 0 0 0 4 0 a A2" 2     86CoLe.132
18018.21479 0.034 0.034 5 0 1 0 1 0 5 5 a A2'  6295 0 0 0 0 0 0 6 6 a A2" 1 18ZoCoOvKy.245
18137.30546 0.034 0.034 5 0 1 0 1 0 5 5 a A2'  6295 0 0 0 0 0 0 4 3 s A2" 1 18ZoCoOvKy.303
18071.95631 0.034 0.034 5 0 1 0 1 0 5 4 s A2'  6337 0 0 0 0 0 0 5 3 s A2" 1 18ZoCoOvKy.272
18171.14277 0.034 0.034 5 0 1 0 1 0 5 4 s A2'  6337 0 0 0 0 0 0 4 3 s A2" 1 18ZoCoOvKy.324
17976.39734 0.034 0.034 5 0 1 0 1 0 5 1 a A2'  6419 0 0 0 0 0 0 6 0 a A2" 3 18ZoCoOvKy.236
18193.99940 0.034 0.034 5 0 1 0 1 0 5 1 a A2'  6419 0 0 0 0 0 0 4 0 a A2" 2 18ZoCoOvKy.338
15442.58790 0.020 0.020 0 3 2 4 0 2 5 5 s  E"  -100 0 0 0 0 0 0 5 5 a  E' 1     86CoLe.241
15510.31900 0.020 0.020 4 0 1 0 1 0 5 5 s  E"  6244 0 0 0 0 0 0 4 4 s  E' 1     86CoLe.193
15510.36250 0.024 0.024 4 0 1 0 1 0 5 5 s  E"  6244 0 0 0 0 0 0 4 4 s  E' 1 18ZoCoOvKy.204
15411.07230 0.024 0.024 4 0 1 0 1 0 5 5 s  E"  6244 0 0 0 0 0 0 5 4 s  E' 2  18ZoCoOvKy.93
15411.32600 0.020 0.020 0 3 2 4 0 2 5 5 s  E"  -102 0 0 0 0 0 0 5 4 s  E' 2     86CoLe.234
15468.23530 0.020 0.020 4 0 1 0 1 0 5 4 a  E"  6280 0 0 0 0 0 0 5 5 a  E' 1     86CoLe.244
15349.20300 0.020 0.020 4 0 1 0 1 0 5 4 a  E"  6280 0 0 0 0 0 0 6 5 a  E' 1     86CoLe.275
15468.28080 0.024 0.024 4 0 1 0 1 0 5 4 a  E"  6280 0 0 0 0 0 0 5 5 a  E' 1 18ZoCoOvKy.164
15349.24560 0.024 0.024 4 0 1 0 1 0 5 4 a  E"  6280 0 0 0 0 0 0 6 5 a  E' 1  18ZoCoOvKy.31
15437.84130 0.024 0.024 4 0 1 0 1 0 5 4 s  E"  6280 0 0 0 0 0 1 5 4 s  E' 2 18ZoCoOvKy.131
15514.08870 0.024 0.024 4 0 1 0 1 0 5 3 s  E"  6315 0 0 0 0 0 0 4 2 s  E' 2 18ZoCoOvKy.208
15429.69960 0.024 0.024 4 0 1 0 1 0 5 0 a  E"  6367 0 0 0 0 0 0 5 1 a  E' 4 18ZoCoOvKy.122
15311.10140 0.024 0.024 4 0 1 0 1 0 5 0 a  E"  6367 0 0 0 0 0 0 6 1 a  E' 4  18ZoCoOvKy.10
18069.55137 0.034 0.034 5 0 1 0 1 0 5 5 s  E" 12595 0 0 0 0 0 0 5 4 s  E' 2 18ZoCoOvKy.268
18168.85207 0.034 0.034 5 0 1 0 1 0 5 5 s  E" 12595 0 0 0 0 0 0 4 4 s  E' 1 18ZoCoOvKy.323
15329.21500 0.020 0.020 1 3 1 4 1 0 5 2 s  E'  -100 0 0 0 0 0 0 4 2 a  E" 2     86CoLe.156
15439.62000 0.020 0.020 4 0 1 0 1 0 5 5 a  E'  -101 0 0 0 0 0 0 5 5 s  E" 1     86CoLe.242
15440.43080 0.020 0.020 5 0 0 0 0 0 5 5 a  E'  -102 0 0 0 0 0 0 5 5 s  E" 1     86CoLe.243
15506.41780 0.020 0.020 4 0 1 0 1 0 5 5 a  E'  6202 0 0 0 0 0 0 4 4 a  E" 1     86CoLe.192
15407.17900 0.020 0.020 4 0 1 0 1 0 5 5 a  E'  6202 0 0 0 0 0 0 5 4 a  E" 2     86CoLe.233
15506.46100 0.024 0.024 4 0 1 0 1 0 5 5 a  E'  6202 0 0 0 0 0 0 4 4 a  E" 1 18ZoCoOvKy.197
15407.22030 0.024 0.024 4 0 1 0 1 0 5 5 a  E'  6202 0 0 0 0 0 0 5 4 a  E" 2  18ZoCoOvKy.89
15535.61260 0.020 0.020 0 8 2 0 0 0 5 4 s  E'  -104 0 0 0 0 0 0 4 4 a  E" 1     86CoLe.194
15436.37170 0.020 0.020 0 8 2 0 0 0 5 4 s  E'  -104 0 0 0 0 0 0 5 4 a  E" 2     86CoLe.235
15471.98250 0.024 0.024 4 0 1 0 1 0 5 4 s  E'  6237 0 0 0 0 0 0 5 5 s  E" 1 18ZoCoOvKy.166
15352.88400 0.024 0.024 4 0 1 0 1 0 5 4 s  E'  6237 0 0 0 0 0 0 6 5 s  E" 1  18ZoCoOvKy.36
15352.99790 0.020 0.020 0 8 2 0 0 0 5 4 s  E'  -106 0 0 0 0 0 0 6 5 s  E" 1     86CoLe.276
15472.10620 0.020 0.020 0 8 2 0 0 0 5 4 s  E'  -106 0 0 0 0 0 0 5 5 s  E" 1     86CoLe.245
15292.46460 0.020 0.020 4 0 1 0 1 0 5 3 a  E'  6271 0 0 0 0 0 0 6 2 a  E" 3     86CoLe.256
15411.13070 0.020 0.020 4 0 1 0 1 0 5 3 a  E'  6271 0 0 0 0 0 0 5 2 a  E" 3     86CoLe.205
15510.19500 0.020 0.020 4 0 1 0 1 0 5 3 a  E'  6271 0 0 0 0 0 0 4 2 a  E" 2     86CoLe.155
15292.51040 0.024 0.024 4 0 1 0 1 0 5 3 a  E'  6271 0 0 0 0 0 0 6 2 a  E" 3   18ZoCoOvKy.4
15411.17310 0.024 0.024 4 0 1 0 1 0 5 3 a  E'  6271 0 0 0 0 0 0 5 2 a  E" 3  18ZoCoOvKy.94
15510.23680 0.024 0.024 4 0 1 0 1 0 5 3 a  E'  6271 0 0 0 0 0 0 4 2 a  E" 2 18ZoCoOvKy.202
15336.74750 0.024 0.024 4 0 1 0 1 0 5 3 a  E'  6272 0 0 0 0 0 0 6 4 a  E" 2  18ZoCoOvKy.23
15511.52180 0.024 0.024 4 0 1 0 1 0 5 3 a  E'  6272 0 0 0 0 0 0 4 2 a  E" 2 18ZoCoOvKy.206
15337.79190 0.024 0.024 4 0 1 0 1 0 5 3 a  E'  6272 0 0 0 0 0 0 6 4 a  E" 2  18ZoCoOvKy.27
15412.45990 0.024 0.024 4 0 1 0 1 0 5 3 a  E'  6272 0 0 0 0 0 0 5 2 a  E" 3  18ZoCoOvKy.96
15311.49590 0.020 0.020 3 1 0 3 0 3 5 2 s  E'  -110 0 0 0 0 0 0 6 2 a  E" 3     86CoLe.257
15315.27080 0.024 0.024 4 0 1 0 1 0 5 0 s  E'  6318 0 0 0 0 0 0 6 1 s  E" 4  18ZoCoOvKy.12
15433.92690 0.024 0.024 4 0 1 0 1 0 5 0 s  E'  6318 0 0 0 0 0 0 5 1 s  E" 4 18ZoCoOvKy.126
18076.64171 0.034 0.034 5 0 1 0 1 0 5 5 a  E' 12424 0 0 0 0 0 0 5 4 a  E" 2 18ZoCoOvKy.274
18175.88944 0.034 0.034 5 0 1 0 1 0 5 5 a  E' 12424 0 0 0 0 0 0 4 4 a  E" 1 18ZoCoOvKy.330
15437.90290 0.020 0.020 5 0 0 0 0 0 6 6 a A2"  -100 0 0 0 0 0 0 6 6 s A2' 1     86CoLe.291
15438.18800 0.020 0.020 5 0 0 0 0 0 6 6 a A2"  -101 0 0 0 0 0 0 6 6 s A2' 1     86CoLe.292
15440.11100 0.024 0.024 5 0 0 0 0 0 6 6 a A2"  3709 0 0 0 0 0 0 6 6 s A2' 1 18ZoCoOvKy.135
15336.70600 0.020 0.020 4 0 1 0 1 0 6 5 s A2"  3736 0 0 0 0 0 0 7 6 s A2' 1     86CoLe.315
15475.59430 0.020 0.020 4 0 1 0 1 0 6 5 s A2"  3736 0 0 0 0 0 0 6 6 s A2' 1     86CoLe.294
15493.97520 0.024 0.024 4 0 1 0 1 0 6 5 s A2"  3736 0 0 0 0 0 0 5 3 a A2' 1 18ZoCoOvKy.185
15336.74750 0.024 0.024 4 0 1 0 1 0 6 5 s A2"  3736 0 0 0 0 0 0 7 6 s A2' 1  18ZoCoOvKy.25
15475.63190 0.024 0.024 4 0 1 0 1 0 6 5 s A2"  3736 0 0 0 0 0 0 6 6 s A2' 1 18ZoCoOvKy.169
15398.44280 0.020 0.020 4 0 1 0 1 0 6 4 a A2"  3761 0 0 0 0 0 0 6 3 a A2' 2     86CoLe.264
15517.19500 0.020 0.020 4 0 1 0 1 0 6 4 a A2"  3761 0 0 0 0 0 0 5 3 a A2' 1     86CoLe.224
15260.20090 0.020 0.020 4 0 1 0 1 0 6 4 a A2"  3761 0 0 0 0 0 0 7 3 a A2' 2     86CoLe.303
15260.23640 0.024 0.024 4 0 1 0 1 0 6 4 a A2"  3761 0 0 0 0 0 0 7 3 a A2' 2   18ZoCoOvKy.1
15398.48460 0.024 0.024 4 0 1 0 1 0 6 4 a A2"  3761 0 0 0 0 0 0 6 3 a A2' 2  18ZoCoOvKy.80
15518.67800 0.020 0.020 4 0 1 0 1 0 6 4 a A2"  -105 0 0 0 0 0 0 5 3 a A2' 1     86CoLe.225
15261.68450 0.020 0.020 4 0 1 0 1 0 6 4 a A2"  -105 0 0 0 0 0 0 7 3 a A2' 2     86CoLe.304
15399.93620 0.020 0.020 4 0 1 0 1 0 6 4 a A2"  -105 0 0 0 0 0 0 6 3 a A2' 2     86CoLe.265
15284.02880 0.020 0.020 5 0 0 0 0 0 6 3 s A2"  3781 0 0 0 0 0 0 7 3 a A2' 2     86CoLe.307
15541.03000 0.020 0.020 5 0 0 0 0 0 6 3 s A2"  3781 0 0 0 0 0 0 5 3 a A2' 1     86CoLe.228
15422.28290 0.020 0.020 5 0 0 0 0 0 6 3 s A2"  3781 0 0 0 0 0 0 6 3 a A2' 2     86CoLe.268
15422.31940 0.024 0.024 5 0 0 0 0 0 6 3 s A2"  3781 0 0 0 0 0 0 6 3 a A2' 2 18ZoCoOvKy.109
15541.07640 0.024 0.024 5 0 0 0 0 0 6 3 s A2"  3781 0 0 0 0 0 0 5 3 a A2' 1 18ZoCoOvKy.233
15292.92880 0.024 0.024 4 0 1 0 1 0 6 2 a A2"  3793 0 0 0 0 0 0 7 3 a A2' 2   18ZoCoOvKy.5
15271.54750 0.024 0.024 4 0 1 0 1 0 6 1 s A2"  3799 0 0 0 0 0 0 7 0 s A2' 3   18ZoCoOvKy.2
15528.30170 0.024 0.024 4 0 1 0 1 0 6 1 s A2"  3799 0 0 0 0 0 0 5 0 s A2' 2 18ZoCoOvKy.222
15275.31330 0.020 0.020 5 0 0 0 0 0 6 0 a A2"  -109 0 0 0 0 0 0 7 0 s A2' 3     86CoLe.300
15532.06700 0.020 0.020 5 0 0 0 0 0 6 0 a A2"  -109 0 0 0 0 0 0 5 0 s A2' 2     86CoLe.198
15282.24940 0.020 0.020 0 9 0 3 0 1 6 1 s A2"  -110 0 0 0 0 0 0 7 0 s A2' 3     86CoLe.299
15539.00200 0.020 0.020 0 9 0 3 0 1 6 1 s A2"  -110 0 0 0 0 0 0 5 0 s A2' 2     86CoLe.197
15440.51280 0.020 0.020 0 1 1 7 1 1 6 6 s A2'  -100 0 0 0 0 0 0 6 6 a A2" 1     86CoLe.289
15440.74670 0.020 0.020 0 1 1 7 1 1 6 6 s A2'  -101 0 0 0 0 0 0 6 6 a A2" 1     86CoLe.290
15472.70860 0.020 0.020 4 0 1 0 1 0 6 5 a A2'  -102 0 0 0 0 0 0 6 6 a A2" 1     86CoLe.293
15333.89800 0.020 0.020 4 0 1 0 1 0 6 5 a A2'  -102 0 0 0 0 0 0 7 6 a A2" 1     86CoLe.314
15336.74750 0.024 0.024 4 0 1 0 1 0 6 5 a A2'  3630 0 0 0 0 0 0 7 6 a A2" 1  18ZoCoOvKy.24
15475.63190 0.024 0.024 4 0 1 0 1 0 6 5 a A2'  3630 0 0 0 0 0 0 6 6 a A2" 1 18ZoCoOvKy.168
15518.72030 0.024 0.024 4 0 1 0 1 0 6 4 s A2'  3652 0 0 0 0 0 0 5 3 s A2" 1 18ZoCoOvKy.215
15400.62110 0.024 0.024 4 0 1 0 1 0 6 4 s A2'  3653 0 0 0 0 0 0 6 3 s A2" 2  18ZoCoOvKy.82
15520.92800 0.020 0.020 4 0 1 0 1 0 6 4 s A2'  -107 0 0 0 0 0 0 5 3 s A2" 1     86CoLe.226
15402.12980 0.020 0.020 4 0 1 0 1 0 6 4 s A2'  -107 0 0 0 0 0 0 6 3 s A2" 2     86CoLe.266
15263.82760 0.020 0.020 4 0 1 0 1 0 6 4 s A2'  -107 0 0 0 0 0 0 7 3 s A2" 2     86CoLe.305
15403.86770 0.020 0.020 4 0 1 0 1 0 6 4 s A2'  -108 0 0 0 0 0 0 6 3 s A2" 2     86CoLe.267
15522.67200 0.020 0.020 4 0 1 0 1 0 6 4 s A2'  -108 0 0 0 0 0 0 5 3 s A2" 1     86CoLe.227
15265.56940 0.020 0.020 4 0 1 0 1 0 6 4 s A2'  -108 0 0 0 0 0 0 7 3 s A2" 2     86CoLe.306
15540.14720 0.024 0.024 5 0 0 0 0 0 6 3 a A2'  3674 0 0 0 0 0 0 5 3 s A2" 1 18ZoCoOvKy.231
15421.34540 0.024 0.024 5 0 0 0 0 0 6 3 a A2'  3674 0 0 0 0 0 0 6 3 s A2" 2 18ZoCoOvKy.106
15406.66530 0.024 0.024 4 0 1 0 1 0 6 2 s A2'  3689 0 0 0 0 0 0 6 0 a A2" 3  18ZoCoOvKy.87
15440.23740 0.024 0.024 4 0 1 0 1 0 6 2 s A2'  3689 0 0 0 0 0 0 6 3 s A2" 2 18ZoCoOvKy.136
15301.93410 0.024 0.024 4 0 1 0 1 0 6 2 s A2'  3689 0 0 0 0 0 0 7 3 s A2" 2   18ZoCoOvKy.8
15315.27080 0.024 0.024 4 0 1 0 1 0 6 1 a A2'  3703 0 0 0 0 0 0 7 3 s A2" 2  18ZoCoOvKy.11
15420.00760 0.024 0.024 4 0 1 0 1 0 6 1 a A2'  3703 0 0 0 0 0 0 6 0 a A2" 3 18ZoCoOvKy.104
18097.64054 0.034 0.034 6 0 0 0 0 0 6 6 s A2'  7229 0 0 0 0 0 0 6 6 a A2" 1 18ZoCoOvKy.286
17958.83752 0.034 0.034 6 0 0 0 0 0 6 6 s A2'  7229 0 0 0 0 0 0 7 6 a A2" 1 18ZoCoOvKy.235
15515.10960 0.020 0.020 4 0 1 0 1 0 6 6 a  E"  -100 0 0 0 0 0 0 5 5 a  E' 1     86CoLe.246
15515.86270 0.024 0.024 4 0 1 0 1 0 6 6 a  E"  7287 0 0 0 0 0 0 5 5 a  E' 1 18ZoCoOvKy.211
15346.84810 0.024 0.024 4 0 1 0 1 0 6 6 a  E"  7287 0 0 0 0 0 0 7 7 a  E' 1  18ZoCoOvKy.30
15516.45590 0.020 0.020 4 0 1 0 1 0 6 6 a  E"  -102 0 0 0 0 0 0 5 5 a  E' 1     86CoLe.247
15397.41850 0.020 0.020 4 0 1 0 1 0 6 6 a  E"  -102 0 0 0 0 0 0 6 5 a  E' 1     86CoLe.277
15517.43100 0.020 0.020 4 0 1 0 1 0 6 6 a  E"  -103 0 0 0 0 0 0 5 5 a  E' 1     86CoLe.248
15552.50810 0.020 0.020 0 8 2 0 2 0 6 5 s  E"  -104 0 0 0 0 0 0 5 5 a  E' 1     86CoLe.251
15433.47200 0.020 0.020 0 8 2 0 2 0 6 5 s  E"  -104 0 0 0 0 0 0 6 5 a  E' 1     86CoLe.280
15401.48620 0.020 0.020 4 0 1 0 1 0 6 5 s  E"  7340 0 0 0 0 0 0 6 4 s  E' 2     86CoLe.273
15520.41830 0.020 0.020 4 0 1 0 1 0 6 5 s  E"  7340 0 0 0 0 0 0 5 4 s  E' 2     86CoLe.238
15520.46090 0.024 0.024 4 0 1 0 1 0 6 5 s  E"  7340 0 0 0 0 0 0 5 4 s  E' 2 18ZoCoOvKy.218
15401.52940 0.024 0.024 4 0 1 0 1 0 6 5 s  E"  7340 0 0 0 0 0 0 6 4 s  E' 2  18ZoCoOvKy.84
15267.15330 0.020 0.020 0 1 1 7 1 5 6 3 s  E"  -106 0 0 0 0 0 0 7 2 s  E' 4     86CoLe.301
15405.35960 0.020 0.020 0 1 1 7 1 5 6 3 s  E"  -106 0 0 0 0 0 0 6 2 s  E' 3     86CoLe.258
15524.07200 0.020 0.020 0 1 1 7 1 5 6 3 s  E"  -106 0 0 0 0 0 0 5 2 s  E' 3     86CoLe.206
15449.51400 0.020 0.020 0 1 1 7 1 5 6 3 s  E"  -107 0 0 0 0 0 0 6 4 s  E' 2     86CoLe.274
15311.06390 0.020 0.020 0 1 1 7 1 5 6 3 s  E"  -107 0 0 0 0 0 0 7 4 s  E' 3     86CoLe.311
17997.93611 0.034 0.034 5 0 1 0 1 0 6 6 a  E" 14553 0 0 0 0 0 0 7 7 a  E' 1 18ZoCoOvKy.239
18166.96540 0.034 0.034 5 0 1 0 1 0 6 6 a  E" 14553 0 0 0 0 0 0 5 5 a  E' 1 18ZoCoOvKy.322
18188.36570 0.034 0.034 5 0 1 0 1 0 6 6 a  E" 14586 0 0 0 0 0 0 5 5 a  E' 1 18ZoCoOvKy.336
18019.35680 0.034 0.034 5 0 1 0 1 0 6 6 a  E" 14586 0 0 0 0 0 0 7 7 a  E' 1 18ZoCoOvKy.247
18062.14650 0.034 0.034 5 0 1 0 1 0 6 5 s  E" 14675 0 0 0 0 0 0 6 4 s  E' 2 18ZoCoOvKy.264
18181.08590 0.034 0.034 5 0 1 0 1 0 6 5 s  E" 14675 0 0 0 0 0 0 5 4 s  E' 2 18ZoCoOvKy.333
15400.97770 0.020 0.020 4 0 1 0 1 0 6 6 s  E'  7327 0 0 0 0 0 0 6 5 s  E" 1     86CoLe.278
15520.07860 0.020 0.020 4 0 1 0 1 0 6 6 s  E'  7327 0 0 0 0 0 0 5 5 s  E" 1     86CoLe.249
15401.01780 0.024 0.024 4 0 1 0 1 0 6 6 s  E'  7327 0 0 0 0 0 0 6 5 s  E" 1  18ZoCoOvKy.83
15520.12010 0.024 0.024 4 0 1 0 1 0 6 6 s  E'  7327 0 0 0 0 0 0 5 5 s  E" 1 18ZoCoOvKy.217
15486.20340 0.024 0.024 4 0 1 0 1 0 6 6 s  E'  7329 0 0 0 0 0 0 5 4 a  E" 2 18ZoCoOvKy.177
15351.36370 0.024 0.024 4 0 1 0 1 0 6 6 s  E'  7329 0 0 0 0 0 0 7 7 s  E" 1  18ZoCoOvKy.35
15401.60790 0.020 0.020 0 3 2 4 0 2 6 6 s  E'  -102 0 0 0 0 0 0 6 5 s  E" 1     86CoLe.279
15520.71110 0.020 0.020 0 3 2 4 0 2 6 6 s  E'  -102 0 0 0 0 0 0 5 5 s  E" 1     86CoLe.250
15430.34870 0.020 0.020 5 0 0 0 0 0 6 5 a  E'  -103 0 0 0 0 0 0 6 5 s  E" 1     86CoLe.281
15549.45480 0.020 0.020 5 0 0 0 0 0 6 5 a  E'  -103 0 0 0 0 0 0 5 5 s  E" 1     86CoLe.252
15396.94340 0.020 0.020 1 4 1 3 1 1 6 5 a  E'  -104 0 0 0 0 0 0 6 4 a  E" 2     86CoLe.271
15515.82150 0.020 0.020 1 4 1 3 1 1 6 5 a  E'  -104 0 0 0 0 0 0 5 4 a  E" 2     86CoLe.236
15259.39500 0.020 0.020 4 0 1 0 1 0 6 5 a  E'  7386 0 0 0 0 0 0 7 4 a  E" 3     86CoLe.310
15516.66530 0.020 0.020 4 0 1 0 1 0 6 5 a  E'  7386 0 0 0 0 0 0 5 4 a  E" 2     86CoLe.237
15397.79750 0.020 0.020 4 0 1 0 1 0 6 5 a  E'  7386 0 0 0 0 0 0 6 4 a  E" 2     86CoLe.272
15516.70910 0.024 0.024 4 0 1 0 1 0 6 5 a  E'  7386 0 0 0 0 0 0 5 4 a  E" 2 18ZoCoOvKy.213
15397.83730 0.024 0.024 4 0 1 0 1 0 6 5 a  E'  7386 0 0 0 0 0 0 6 4 a  E" 2  18ZoCoOvKy.79
15539.92900 0.020 0.020 0 1 1 7 1 5 6 2 s  E'  -106 0 0 0 0 0 0 5 2 a  E" 3     86CoLe.207
15283.12860 0.020 0.020 0 1 1 7 1 5 6 2 s  E'  -106 0 0 0 0 0 0 7 2 a  E" 4     86CoLe.302
15291.71530 0.020 0.020 3 1 0 3 0 3 6 1 a  E'  -107 0 0 0 0 0 0 7 1 s  E" 5     86CoLe.312
18057.60273 0.034 0.034 5 0 1 0 1 0 6 6 s  E' 14660 0 0 0 0 0 0 6 5 s  E" 1 18ZoCoOvKy.261
18176.70704 0.034 0.034 5 0 1 0 1 0 6 6 s  E' 14660 0 0 0 0 0 0 5 5 s  E" 1 18ZoCoOvKy.332
15390.76490 0.020 0.020 4 0 1 0 1 0 7 7 s A2"  4141 0 0 0 0 0 0 7 6 s A2' 1     86CoLe.316
15529.66110 0.020 0.020 4 0 1 0 1 0 7 7 s A2"  4141 0 0 0 0 0 0 6 6 s A2' 1     86CoLe.296
15390.80990 0.024 0.024 4 0 1 0 1 0 7 7 s A2"  4141 0 0 0 0 0 0 7 6 s A2' 1  18ZoCoOvKy.74
15390.80990 0.024 0.024 4 0 1 0 1 0 7 7 s A2"  4141 0 0 0 0 0 0 7 6 s A2' 1  18ZoCoOvKy.73
15529.70300 0.024 0.024 4 0 1 0 1 0 7 7 s A2"  4141 0 0 0 0 0 0 6 6 s A2' 1 18ZoCoOvKy.226
15529.70300 0.024 0.024 4 0 1 0 1 0 7 7 s A2"  4141 0 0 0 0 0 0 6 6 s A2' 1 18ZoCoOvKy.227
15530.34520 0.020 0.020 2 1 1 3 1 3 7 7 s A2"  -101 0 0 0 0 0 0 6 6 s A2' 1     86CoLe.297
15530.74840 0.020 0.020 2 1 0 5 0 1 7 7 s A2"  -102 0 0 0 0 0 0 6 6 s A2' 1     86CoLe.298
15526.27080 0.024 0.024 4 0 1 0 1 0 7 4 a A2"  4237 0 0 0 0 0 0 6 3 a A2' 2 18ZoCoOvKy.220
15388.02830 0.024 0.024 4 0 1 0 1 0 7 4 a A2"  4237 0 0 0 0 0 0 7 3 a A2' 2  18ZoCoOvKy.67
15527.12700 0.020 0.020 4 0 1 0 1 0 7 4 a A2"  -104 0 0 0 0 0 0 6 3 a A2' 2     86CoLe.269
15388.88280 0.020 0.020 4 0 1 0 1 0 7 4 a A2"  -104 0 0 0 0 0 0 7 3 a A2' 2     86CoLe.308
15410.92700 0.020 0.020 0 8 1 2 1 2 7 3 s A2"  -105 0 0 0 0 0 0 7 3 a A2' 2     86CoLe.309
15549.17620 0.020 0.020 0 8 1 2 1 2 7 3 s A2"  -105 0 0 0 0 0 0 6 3 a A2' 2     86CoLe.270
15425.11680 0.024 0.024 4 0 1 0 1 0 7 2 a A2"  4284 0 0 0 0 0 0 7 3 a A2' 2 18ZoCoOvKy.113
15392.95080 0.024 0.024 4 0 1 0 1 0 7 2 a A2"  4284 0 0 0 0 0 0 7 0 s A2' 3  18ZoCoOvKy.76
15567.00370 0.024 0.024 4 0 1 0 1 0 7 1 a A2"  4302 0 0 0 0 0 0 6 3 a A2' 2 18ZoCoOvKy.234
15526.52060 0.020 0.020 4 0 1 0 1 0 7 7 a A2'  4247 0 0 0 0 0 0 6 6 a A2" 1     86CoLe.295
15526.56480 0.024 0.024 4 0 1 0 1 0 7 7 a A2'  4247 0 0 0 0 0 0 6 6 a A2" 1 18ZoCoOvKy.221
15387.75680 0.024 0.024 4 0 1 0 1 0 7 7 a A2'  4247 0 0 0 0 0 0 7 6 a A2" 1  18ZoCoOvKy.66
15530.49970 0.024 0.024 4 0 1 0 1 0 7 4 s A2'  4343 0 0 0 0 0 0 6 3 s A2" 2 18ZoCoOvKy.228
15392.20060 0.024 0.024 4 0 1 0 1 0 7 4 s A2'  4343 0 0 0 0 0 0 7 3 s A2" 2  18ZoCoOvKy.75
15540.28150 0.024 0.024 5 0 0 0 0 0 7 3 a A2'  4365 0 0 0 0 0 0 6 3 s A2" 2 18ZoCoOvKy.232
15406.90900 0.024 0.024 5 0 0 0 0 0 7 3 a A2'  4365 0 0 0 0 0 0 7 3 s A2" 2  18ZoCoOvKy.88
15533.42920 0.024 0.024 4 0 1 0 1 0 7 1 a A2'  4390 0 0 0 0 0 0 6 0 a A2" 3 18ZoCoOvKy.230
15436.98320 0.020 0.020 0 1 4 0 4 0 7 7 s  E"  -100 0 0 0 0 0 0 7 7 a  E' 1     86CoLe.318
15438.64480 0.020 0.020 0 1 4 0 4 0 7 7 s  E"  -101 0 0 0 0 0 0 7 7 a  E' 1     86CoLe.319
15438.76000 0.020 0.020 0 1 4 0 4 0 7 7 s  E"  -102 0 0 0 0 0 0 7 7 a  E' 1     86CoLe.320
15525.87740 0.020 0.020 4 0 1 0 1 0 7 6 a  E"  -103 0 0 0 0 0 0 6 5 a  E' 1     86CoLe.282
15526.05470 0.020 0.020 4 0 1 0 1 0 7 6 a  E"  8481 0 0 0 0 0 0 6 5 a  E' 1     86CoLe.283
15476.11780 0.024 0.024 4 0 1 0 1 0 7 6 a  E"  8481 0 0 0 0 0 0 7 7 a  E' 1 18ZoCoOvKy.170
15526.09830 0.024 0.024 4 0 1 0 1 0 7 6 a  E"  8481 0 0 0 0 0 0 6 5 a  E' 1 18ZoCoOvKy.219
15387.51920 0.024 0.024 4 0 1 0 1 0 7 6 a  E"  8481 0 0 0 0 0 0 7 5 a  E' 2  18ZoCoOvKy.64
15529.25720 0.024 0.024 4 0 1 0 1 0 7 5 s  E"  8543 0 0 0 0 0 0 6 4 s  E' 2 18ZoCoOvKy.225
15390.80990 0.024 0.024 4 0 1 0 1 0 7 5 s  E"  8543 0 0 0 0 0 0 7 4 s  E' 3  18ZoCoOvKy.72
15435.33320 0.020 0.020 4 0 1 0 1 0 7 7 a  E'  -100 0 0 0 0 0 0 7 7 s  E" 1     86CoLe.321
15435.48800 0.020 0.020 5 0 0 0 0 0 7 7 a  E'  -101 0 0 0 0 0 0 7 7 s  E" 1     86CoLe.322
15529.05870 0.020 0.020 5 0 0 0 0 0 7 6 s  E'  8434 0 0 0 0 0 0 6 5 s  E" 1     86CoLe.284
15529.10210 0.024 0.024 5 0 0 0 0 0 7 6 s  E'  8434 0 0 0 0 0 0 6 5 s  E" 1 18ZoCoOvKy.224
15390.45810 0.024 0.024 5 0 0 0 0 0 7 6 s  E'  8434 0 0 0 0 0 0 7 5 s  E" 2  18ZoCoOvKy.69
15529.56250 0.020 0.020 0 1 4 0 4 0 7 6 s  E'  -103 0 0 0 0 0 0 6 5 s  E" 1     86CoLe.285
15376.68800 0.020 0.020 4 0 1 0 1 0 8 7 a A2'  -100 0 0 0 0 0 0 8 6 a A2" 1     86CoLe.324
15534.94400 0.020 0.020 4 0 1 0 1 0 8 7 a A2'  -100 0 0 0 0 0 0 7 6 a A2" 1     86CoLe.317
15382.32870 0.020 0.020 0 8 1 2 1 2 8 6 s  E'  -100 0 0 0 0 0 0 8 5 s  E" 3     86CoLe.323
15540.38200 0.020 0.020 0 8 1 2 1 2 8 6 s  E'  -100 0 0 0 0 0 0 7 5 s  E" 2     86CoLe.313