15431.5980 0.02 0.02 4 0 1 0 1 0 0 0 a  E" -100 0 0 0 0 0 0 1 1 a  E' 1  86CoLe.10
15434.9250 0.02 0.02 0 9 0 3 0 1 0 0 s  E' -100 0 0 0 0 0 0 1 1 s  E" 1  86CoLe.11
15446.9263 0.02 0.02 4 0 1 0 1 0 1 1 s A2"  805 0 0 0 0 0 0 1 0 s A2' 1   86CoLe.6
15402.9957 0.02 0.02 4 0 1 0 1 0 1 1 a A2'  917 0 0 0 0 0 0 2 0 a A2" 1  86CoLe.26
15462.6180 0.02 0.02 4 0 1 0 1 0 1 1 a A2'  917 0 0 0 0 0 0 0 0 a A2" 1   86CoLe.1
15403.1287 0.02 0.02 4 0 1 0 1 0 1 1 a A2' -101 0 0 0 0 0 0 2 0 a A2" 1  86CoLe.27
15462.7490 0.02 0.02 4 0 1 0 1 0 1 1 a A2' -101 0 0 0 0 0 0 0 0 a A2" 1   86CoLe.2
15405.6720 0.02 0.02 4 0 1 0 1 0 1 1 a A2' -102 0 0 0 0 0 0 2 0 a A2" 1  86CoLe.28
15465.2949 0.02 0.02 4 0 1 0 1 0 1 1 a A2' -102 0 0 0 0 0 0 0 0 a A2" 1   86CoLe.3
15408.7299 0.02 0.02 0 8 2 0 0 0 1 0 s A2' -103 0 0 0 0 0 0 2 0 a A2" 1  86CoLe.29
15468.3535 0.02 0.02 0 8 2 0 0 0 1 0 s A2' -103 0 0 0 0 0 0 0 0 a A2" 1   86CoLe.4
15412.7770 0.02 0.02 0 8 2 0 0 0 1 0 s A2' -104 0 0 0 0 0 0 2 0 a A2" 1  86CoLe.30
15472.4004 0.02 0.02 0 8 2 0 0 0 1 0 s A2' -104 0 0 0 0 0 0 0 0 a A2" 1   86CoLe.5
15408.7310 0.02 0.02 0 8 2 0 0 0 1 1 s  E" -100 0 0 0 0 0 0 2 1 a  E' 2  86CoLe.35
15448.4810 0.02 0.02 0 8 2 0 0 0 1 1 s  E" -100 0 0 0 0 0 0 1 1 a  E' 1  86CoLe.12
15448.5580 0.02 0.02 4 0 1 0 1 0 1 0 a  E" -101 0 0 0 0 0 0 1 1 a  E' 1  86CoLe.14
15408.8150 0.02 0.02 4 0 1 0 1 0 1 0 a  E" -101 0 0 0 0 0 0 2 1 a  E' 2  86CoLe.37
15421.6826 0.02 0.02 4 0 1 0 1 0 1 1 s  E" 1738 0 0 0 0 0 0 2 2 s  E' 1  86CoLe.52
15422.1293 0.02 0.02 0 8 2 0 0 0 1 1 s  E" -103 0 0 0 0 0 0 2 2 s  E' 1  86CoLe.53
15410.2410 0.02 0.02 4 0 1 0 1 0 1 0 a  E" 1741 0 0 0 0 0 0 2 1 a  E' 2  86CoLe.38
15449.9880 0.02 0.02 4 0 1 0 1 0 1 0 a  E" 1741 0 0 0 0 0 0 1 1 a  E' 1  86CoLe.15
15410.5960 0.02 0.02 4 0 1 0 1 0 1 0 a  E" -104 0 0 0 0 0 0 2 1 a  E' 2  86CoLe.39
15450.3460 0.02 0.02 4 0 1 0 1 0 1 0 a  E" -104 0 0 0 0 0 0 1 1 a  E' 1  86CoLe.16
15406.8700 0.02 0.02 5 0 0 0 0 0 1 1 a  E' -100 0 0 0 0 0 0 2 1 s  E" 2  86CoLe.36
15446.6370 0.02 0.02 5 0 0 0 0 0 1 1 a  E' -100 0 0 0 0 0 0 1 1 s  E" 1  86CoLe.13
15418.3939 0.02 0.02 2 1 1 3 1 3 1 1 a  E' -101 0 0 0 0 0 0 2 2 a  E" 1  86CoLe.51
15451.2560 0.02 0.02 0 9 0 3 0 1 1 0 s  E' -102 0 0 0 0 0 0 1 1 s  E" 1  86CoLe.17
15453.7170 0.02 0.02 4 0 1 0 1 0 1 0 s  E' 1700 0 0 0 0 0 0 1 1 s  E" 1  86CoLe.18
15413.9527 0.02 0.02 4 0 1 0 1 0 1 0 s  E' 1700 0 0 0 0 0 0 2 1 s  E" 2  86CoLe.40
15404.4064 0.02 0.02 4 0 1 0 1 0 2 2 a A2" 1479 0 0 0 0 0 0 3 3 a A2' 1 86CoLe.108
15382.6830 0.02 0.02 0 9 0 3 0 1 2 1 s A2" -101 0 0 0 0 0 0 3 0 s A2' 2  86CoLe.64
15482.0441 0.02 0.02 0 9 0 3 0 1 2 1 s A2" -101 0 0 0 0 0 0 1 0 s A2' 1   86CoLe.7
15482.4971 0.02 0.02 4 0 1 0 1 0 2 1 s A2" 1482 0 0 0 0 0 0 1 0 s A2' 1   86CoLe.8
15383.1510 0.02 0.02 4 0 1 0 1 0 2 1 s A2" 1482 0 0 0 0 0 0 3 0 s A2' 2  86CoLe.65
15483.2830 0.02 0.02 1 1 1 5 1 3 2 1 s A2" -103 0 0 0 0 0 0 1 0 s A2' 1   86CoLe.9
15383.9360 0.02 0.02 1 1 1 5 1 3 2 1 s A2" -103 0 0 0 0 0 0 3 0 s A2' 2  86CoLe.66
15408.2347 0.02 0.02 4 0 1 0 1 0 2 2 s A2' 1369 0 0 0 0 0 0 3 3 s A2" 1 86CoLe.109
15441.5525 0.02 0.02 0 1 1 7 1 3 2 1 a A2' -103 0 0 0 0 0 0 2 0 a A2" 1  86CoLe.31
15386.4024 0.02 0.02 0 1 1 7 1 5 2 2 a  E" -100 0 0 0 0 0 0 3 2 s  E' 1  86CoLe.86
15446.3160 0.02 0.02 0 1 1 7 1 5 2 2 a  E" -101 0 0 0 0 0 0 2 2 s  E' 1  86CoLe.55
15434.6374 0.02 0.02 4 0 1 0 1 0 2 2 a  E" 2838 0 0 0 0 0 0 2 1 a  E' 2  86CoLe.41
15474.3858 0.02 0.02 4 0 1 0 1 0 2 2 a  E" 2838 0 0 0 0 0 0 1 1 a  E' 1  86CoLe.19
15375.7290 0.02 0.02 0 1 1 7 1 5 2 2 a  E" -103 0 0 0 0 0 0 3 1 a  E' 2  86CoLe.70
15444.1648 0.02 0.02 5 0 0 0 0 0 2 1 s  E" -104 0 0 0 0 0 0 2 1 a  E' 2  86CoLe.43
15483.9286 0.02 0.02 5 0 0 0 0 0 2 1 s  E" -104 0 0 0 0 0 0 1 1 a  E' 1  86CoLe.23
15384.6156 0.02 0.02 5 0 0 0 0 0 2 1 s  E" -104 0 0 0 0 0 0 3 1 a  E' 2  86CoLe.72
15486.8545 0.02 0.02 4 0 1 0 1 0 2 0 a  E" 2852 0 0 0 0 0 0 1 1 a  E' 1  86CoLe.25
15387.5417 0.02 0.02 4 0 1 0 1 0 2 0 a  E" 2852 0 0 0 0 0 0 3 1 a  E' 2  86CoLe.74
15447.1130 0.02 0.02 4 0 1 0 1 0 2 0 a  E" 2852 0 0 0 0 0 0 2 1 a  E' 2  86CoLe.44
15387.9057 0.02 0.02 0 8 2 0 0 0 2 2 s  E' -100 0 0 0 0 0 0 3 2 a  E" 1  86CoLe.85
15447.5028 0.02 0.02 0 8 2 0 0 0 2 2 s  E' -100 0 0 0 0 0 0 2 2 a  E" 1  86CoLe.54
15477.5711 0.02 0.02 0 8 2 0 0 0 2 2 s  E' -101 0 0 0 0 0 0 1 1 s  E" 1  86CoLe.20
15477.7892 0.02 0.02 4 0 1 0 1 0 2 2 s  E' 2880 0 0 0 0 0 0 1 1 s  E" 1  86CoLe.21
15378.4289 0.02 0.02 4 0 1 0 1 0 2 2 s  E' 2880 0 0 0 0 0 0 3 1 s  E" 2  86CoLe.71
15439.3680 0.02 0.02 0 8 2 0 0 0 2 2 s  E' -103 0 0 0 0 0 0 2 1 s  E" 2  86CoLe.42
15479.1377 0.02 0.02 0 8 2 0 0 0 2 2 s  E' -103 0 0 0 0 0 0 1 1 s  E" 1  86CoLe.22
15382.6833 0.02 0.02 4 0 1 0 1 0 2 1 a  E' -104 0 0 0 0 0 0 3 1 s  E" 2  86CoLe.73
15482.4430 0.02 0.02 2 4 0 3 0 3 2 1 a  E' -105 0 0 0 0 0 0 1 1 s  E" 1  86CoLe.24
15455.5781 0.02 0.02 5 0 0 0 0 0 2 1 s  E' 2888 0 0 0 0 0 0 2 2 a  E" 1  86CoLe.56
15395.9825 0.02 0.02 5 0 0 0 0 0 2 1 s  E' 2888 0 0 0 0 0 0 3 2 a  E" 1  86CoLe.87
15367.3569 0.02 0.02 5 0 0 0 0 0 3 3 s A2" 1946 0 0 0 0 0 0 4 3 a A2' 1 86CoLe.157
15446.7880 0.02 0.02 5 0 0 0 0 0 3 3 s A2" 1946 0 0 0 0 0 0 3 3 a A2' 1 86CoLe.110
15447.3446 0.02 0.02 1 1 2 3 0 3 3 3 s A2" -101 0 0 0 0 0 0 3 3 a A2' 1 86CoLe.111
15367.9289 0.02 0.02 1 1 2 3 0 3 3 3 s A2" -101 0 0 0 0 0 0 4 3 a A2' 1 86CoLe.158
15459.7797 0.02 0.02 4 0 1 0 1 0 3 2 a A2" 1954 0 0 0 0 0 0 3 3 a A2' 1 86CoLe.113
15380.3504 0.02 0.02 4 0 1 0 1 0 3 2 a A2" 1954 0 0 0 0 0 0 4 3 a A2' 1 86CoLe.160
15460.2538 0.02 0.02 4 0 1 0 1 0 3 2 a A2" -103 0 0 0 0 0 0 3 3 a A2' 1 86CoLe.114
15380.8253 0.02 0.02 4 0 1 0 1 0 3 2 a A2" -103 0 0 0 0 0 0 4 3 a A2' 1 86CoLe.161
15440.6900 0.02 0.02 1 3 1 4 1 4 3 1 s A2" -104 0 0 0 0 0 0 3 0 s A2' 2  86CoLe.67
15444.5607 0.02 0.02 5 0 0 0 0 0 3 3 a A2' 2055 0 0 0 0 0 0 3 3 s A2" 1 86CoLe.112
15365.0916 0.02 0.02 5 0 0 0 0 0 3 3 a A2' 2055 0 0 0 0 0 0 4 3 s A2" 1 86CoLe.159
15462.8467 0.02 0.02 4 0 1 0 1 0 3 2 s A2' 2060 0 0 0 0 0 0 3 3 s A2" 1 86CoLe.115
15383.3808 0.02 0.02 4 0 1 0 1 0 3 2 s A2' 2060 0 0 0 0 0 0 4 3 s A2" 1 86CoLe.162
15493.3511 0.02 0.02 4 0 1 0 1 0 3 1 a A2' 2067 0 0 0 0 0 0 2 0 a A2" 1  86CoLe.32
15354.7030 0.02 0.02 4 0 1 0 1 0 3 1 a A2' -103 0 0 0 0 0 0 4 0 a A2" 2 86CoLe.125
15499.4070 0.02 0.02 1 1 2 3 0 3 3 0 s A2' -104 0 0 0 0 0 0 2 0 a A2" 1  86CoLe.33
15360.5301 0.02 0.02 1 1 2 3 0 3 3 0 s A2' -104 0 0 0 0 0 0 4 0 a A2" 2 86CoLe.126
15362.5458 0.02 0.02 1 1 2 3 0 3 3 0 s A2' -105 0 0 0 0 0 0 4 0 a A2" 2 86CoLe.127
15501.5260 0.02 0.02 5 0 0 0 0 0 3 0 s A2' 2070 0 0 0 0 0 0 2 0 a A2" 1  86CoLe.34
15349.8688 0.02 0.02 1 3 1 4 1 4 3 3 s  E" -102 0 0 0 0 0 0 4 2 s  E' 2 86CoLe.141
15394.3426 0.02 0.02 1 3 1 4 1 4 3 3 s  E" -102 0 0 0 0 0 0 4 4 s  E' 1 86CoLe.182
15488.9085 0.02 0.02 1 3 1 4 1 4 3 3 s  E" -102 0 0 0 0 0 0 2 2 s  E' 1  86CoLe.59
15394.4386 0.02 0.02 1 3 1 4 1 4 3 3 s  E" -103 0 0 0 0 0 0 4 4 s  E' 1 86CoLe.183
15489.1266 0.02 0.02 4 0 1 0 1 0 3 3 s  E" 4006 0 0 0 0 0 0 2 2 s  E' 1  86CoLe.60
15429.5036 0.02 0.02 4 0 1 0 1 0 3 3 s  E" 4006 0 0 0 0 0 0 3 2 s  E' 1  86CoLe.90
15350.0969 0.02 0.02 4 0 1 0 1 0 3 3 s  E" 4006 0 0 0 0 0 0 4 2 s  E' 2 86CoLe.142
15489.3181 0.02 0.02 1 3 1 4 1 4 3 3 s  E" -105 0 0 0 0 0 0 2 2 s  E' 1  86CoLe.61
15350.2888 0.02 0.02 1 3 1 4 1 4 3 3 s  E" -105 0 0 0 0 0 0 4 2 s  E' 2 86CoLe.143
15361.0119 0.02 0.02 5 0 0 0 0 0 3 2 a  E" -106 0 0 0 0 0 0 4 2 s  E' 2 86CoLe.145
15440.4260 0.02 0.02 5 0 0 0 0 0 3 2 a  E" -106 0 0 0 0 0 0 3 2 s  E' 1  86CoLe.92
15500.5540 0.02 0.02 5 0 0 0 0 0 3 2 a  E" -107 0 0 0 0 0 0 2 2 s  E' 1  86CoLe.63
15350.7167 0.02 0.02 5 0 0 0 0 0 3 2 a  E" -108 0 0 0 0 0 0 4 1 a  E' 3 86CoLe.133
15430.2494 0.02 0.02 4 0 1 0 1 0 3 2 a  E" 4021 0 0 0 0 0 0 3 1 a  E' 2  86CoLe.75
15489.8186 0.02 0.02 4 0 1 0 1 0 3 2 a  E" 4021 0 0 0 0 0 0 2 1 a  E' 2  86CoLe.45
15499.4074 0.02 0.02 5 0 0 0 0 0 3 1 s  E" -110 0 0 0 0 0 0 2 1 a  E' 2  86CoLe.47
15451.7218 0.02 0.02 5 0 0 0 0 0 3 1 s  E" -110 0 0 0 0 0 0 3 2 s  E' 1  86CoLe.96
15372.3148 0.02 0.02 5 0 0 0 0 0 3 1 s  E" -110 0 0 0 0 0 0 4 2 s  E' 2 86CoLe.148
15363.7048 0.02 0.02 4 0 1 0 1 0 3 0 a  E" -111 0 0 0 0 0 0 4 1 a  E' 3 86CoLe.134
15443.4190 0.02 0.02 4 0 1 0 1 0 3 0 a  E" -112 0 0 0 0 0 0 3 1 a  E' 2  86CoLe.78
15443.7120 0.02 0.02 4 0 1 0 1 0 3 0 s  E" 4042 0 0 0 0 0 0 3 1 a  E' 2  86CoLe.79
15364.5791 0.02 0.02 4 0 1 0 1 0 3 0 a  E" -114 0 0 0 0 0 0 4 1 a  E' 3 86CoLe.135
15503.7000 0.02 0.02 1 1 2 3 0 3 3 1 s  E" -115 0 0 0 0 0 0 2 1 a  E' 2  86CoLe.48
15390.6596 0.02 0.02 4 0 1 0 1 0 3 3 a  E' -100 0 0 0 0 0 0 4 4 a  E" 1 86CoLe.181
15346.5938 0.02 0.02 4 0 1 0 1 0 3 3 a  E' 3967 0 0 0 0 0 0 4 2 a  E" 2 86CoLe.140
15485.5605 0.02 0.02 4 0 1 0 1 0 3 3 a  E' 3967 0 0 0 0 0 0 2 2 a  E" 1  86CoLe.57
15425.9647 0.02 0.02 4 0 1 0 1 0 3 3 a  E' 3967 0 0 0 0 0 0 3 2 a  E" 1  86CoLe.88
15426.9111 0.02 0.02 1 4 1 3 1 1 3 3 a  E' -102 0 0 0 0 0 0 3 2 a  E" 1  86CoLe.89
15486.5109 0.02 0.02 1 4 1 3 1 1 3 3 a  E' -102 0 0 0 0 0 0 2 2 a  E" 1  86CoLe.58
15442.7729 0.02 0.02 0 9 0 3 0 1 3 2 s  E' -103 0 0 0 0 0 0 3 2 a  E" 1  86CoLe.91
15363.4054 0.02 0.02 0 9 0 3 0 1 3 2 s  E' -103 0 0 0 0 0 0 4 2 a  E" 2 86CoLe.144
15502.3745 0.02 0.02 0 9 0 3 0 1 3 2 s  E' -103 0 0 0 0 0 0 2 2 a  E" 1  86CoLe.62
15493.4822 0.02 0.02 4 0 1 0 1 0 3 2 s  E' 3980 0 0 0 0 0 0 2 1 s  E" 2  86CoLe.46
15433.8846 0.02 0.02 4 0 1 0 1 0 3 2 s  E' 3980 0 0 0 0 0 0 3 1 s  E" 2  86CoLe.76
15447.7738 0.02 0.02 4 0 1 0 1 0 3 1 a  E' -105 0 0 0 0 0 0 3 2 a  E" 1  86CoLe.93
15368.4090 0.02 0.02 4 0 1 0 1 0 3 1 a  E' -105 0 0 0 0 0 0 4 2 a  E" 2 86CoLe.146
15437.4286 0.02 0.02 4 0 1 0 1 0 3 1 a  E' -105 0 0 0 0 0 0 3 1 s  E" 2  86CoLe.77
15497.1800 0.02 0.02 4 0 1 0 1 0 3 1 a  E' -106 0 0 0 0 0 0 2 1 s  E" 2  86CoLe.49
15373.2548 0.02 0.02 1 4 1 3 1 1 3 1 a  E' -107 0 0 0 0 0 0 4 2 a  E" 2 86CoLe.147
15452.6242 0.02 0.02 1 4 1 3 1 1 3 1 a  E' -107 0 0 0 0 0 0 3 2 a  E" 1  86CoLe.95
15446.5737 0.02 0.02 4 0 1 0 1 0 3 0 s  E' 3997 0 0 0 0 0 0 3 1 s  E" 2  86CoLe.80
15506.1773 0.02 0.02 4 0 1 0 1 0 3 0 s  E' 3997 0 0 0 0 0 0 2 1 s  E" 2  86CoLe.50
15367.7053 0.02 0.02 0 8 2 0 2 0 3 0 s  E' -109 0 0 0 0 0 0 4 1 s  E" 3 86CoLe.136
15494.4896 0.02 0.02 4 0 1 0 1 0 4 4 a A2" -100 0 0 0 0 0 0 3 3 a A2' 1 86CoLe.116
15415.0604 0.02 0.02 4 0 1 0 1 0 4 4 a A2" -100 0 0 0 0 0 0 4 3 a A2' 1 86CoLe.163
15315.9340 0.02 0.02 4 0 1 0 1 0 4 4 a A2" -100 0 0 0 0 0 0 5 3 a A2' 1 86CoLe.209
15315.9340 0.02 0.02 4 0 1 0 1 0 4 4 a A2" -100 0 0 0 0 0 0 5 3 a A2' 1 86CoLe.208
15417.4594 0.02 0.02 4 0 1 0 1 0 4 4 a A2" 2607 0 0 0 0 0 0 4 3 a A2' 1 86CoLe.164
15496.8896 0.02 0.02 4 0 1 0 1 0 4 4 a A2" 2607 0 0 0 0 0 0 3 3 a A2' 1 86CoLe.117
15318.3226 0.02 0.02 4 0 1 0 1 0 4 4 a A2" 2607 0 0 0 0 0 0 5 3 a A2' 1 86CoLe.210
15497.1374 0.02 0.02 1 4 1 3 1 1 4 4 a A2" -102 0 0 0 0 0 0 3 3 a A2' 1 86CoLe.118
15318.5707 0.02 0.02 1 4 1 3 1 1 4 4 a A2" -102 0 0 0 0 0 0 5 3 a A2' 1 86CoLe.211
15417.7098 0.02 0.02 1 4 1 3 1 1 4 4 a A2" -102 0 0 0 0 0 0 4 3 a A2' 1 86CoLe.165
15519.1547 0.02 0.02 5 0 0 0 0 0 4 3 s A2" 2621 0 0 0 0 0 0 3 3 a A2' 1 86CoLe.122
15340.5895 0.02 0.02 5 0 0 0 0 0 4 3 s A2" 2621 0 0 0 0 0 0 5 3 a A2' 1 86CoLe.213
15439.7296 0.02 0.02 5 0 0 0 0 0 4 3 s A2" 2621 0 0 0 0 0 0 4 3 a A2' 1 86CoLe.167
15353.4099 0.02 0.02 4 0 1 0 1 0 4 2 a A2" 2631 0 0 0 0 0 0 5 3 a A2' 1 86CoLe.216
15452.5499 0.02 0.02 4 0 1 0 1 0 4 2 a A2" 2631 0 0 0 0 0 0 4 3 a A2' 1 86CoLe.170
15508.3310 0.02 0.02 4 0 1 0 1 0 4 0 s A2" 2637 0 0 0 0 0 0 3 0 s A2' 2  86CoLe.69
15329.9274 0.02 0.02 4 0 1 0 1 0 4 0 s A2" 2637 0 0 0 0 0 0 5 0 s A2' 2 86CoLe.196
15514.5090 0.02 0.02 5 0 0 0 0 0 4 1 a A2" 2641 0 0 0 0 0 0 3 0 s A2' 2  86CoLe.68
15336.1062 0.02 0.02 5 0 0 0 0 0 4 1 a A2" 2641 0 0 0 0 0 0 5 0 s A2' 2 86CoLe.195
15498.1924 0.02 0.02 4 0 1 0 1 0 4 4 s A2' -100 0 0 0 0 0 0 3 3 s A2" 1 86CoLe.119
15321.1009 0.02 0.02 4 0 1 0 1 0 4 4 s A2' 2499 0 0 0 0 0 0 5 3 s A2" 1 86CoLe.212
15420.2888 0.02 0.02 4 0 1 0 1 0 4 4 s A2' 2499 0 0 0 0 0 0 4 3 s A2" 1 86CoLe.166
15499.7588 0.02 0.02 4 0 1 0 1 0 4 4 s A2' 2499 0 0 0 0 0 0 3 3 s A2" 1 86CoLe.120
15501.2346 0.02 0.02 1 3 0 6 0 4 4 4 s A2' -102 0 0 0 0 0 0 3 3 s A2" 1 86CoLe.121
15336.8499 0.02 0.02 5 0 0 0 0 0 4 3 a A2' -103 0 0 0 0 0 0 5 3 s A2" 1 86CoLe.214
15515.5150 0.02 0.02 5 0 0 0 0 0 4 3 a A2' 2514 0 0 0 0 0 0 3 3 s A2" 1 86CoLe.123
15436.0463 0.02 0.02 5 0 0 0 0 0 4 3 a A2' 2514 0 0 0 0 0 0 4 3 s A2" 1 86CoLe.168
15518.7358 0.02 0.02 5 0 0 0 0 0 4 3 a A2' -104 0 0 0 0 0 0 3 3 s A2" 1 86CoLe.124
15340.2785 0.02 0.02 5 0 0 0 0 0 4 3 a A2' -105 0 0 0 0 0 0 5 3 s A2" 1 86CoLe.215
15439.4781 0.02 0.02 5 0 0 0 0 0 4 3 a A2' -105 0 0 0 0 0 0 4 3 s A2" 1 86CoLe.169
15451.6093 0.02 0.02 4 0 1 0 1 0 4 2 s A2' -106 0 0 0 0 0 0 4 3 s A2" 1 86CoLe.171
15456.3559 0.02 0.02 0 1 1 7 1 5 4 2 s A2' -107 0 0 0 0 0 0 4 3 s A2" 1 86CoLe.172
15357.1746 0.02 0.02 0 1 1 7 1 5 4 2 s A2' -107 0 0 0 0 0 0 5 3 s A2" 1 86CoLe.217
15457.7650 0.02 0.02 4 0 1 0 1 0 4 2 s A2' 2524 0 0 0 0 0 0 4 3 s A2" 1 86CoLe.173
15358.5799 0.02 0.02 4 0 1 0 1 0 4 2 s A2' 2524 0 0 0 0 0 0 5 3 s A2" 1 86CoLe.218
15428.6300 0.02 0.02 4 0 1 0 1 0 4 1 a A2' -109 0 0 0 0 0 0 4 0 a A2" 2 86CoLe.128
15429.0657 0.02 0.02 4 0 1 0 1 0 4 1 a A2' -110 0 0 0 0 0 0 4 0 a A2" 2 86CoLe.129
15442.7090 0.02 0.02 5 0 0 0 0 0 4 4 a  E" -100 0 0 0 0 0 0 4 4 s  E' 1 86CoLe.186
15442.9216 0.02 0.02 5 0 0 0 0 0 4 4 a  E" -101 0 0 0 0 0 0 4 4 s  E' 1 86CoLe.187
15343.6301 0.02 0.02 5 0 0 0 0 0 4 4 a  E" -101 0 0 0 0 0 0 5 4 s  E' 2 86CoLe.229
15376.5550 0.02 0.02 5 0 0 0 0 0 4 4 a  E" 5094 0 0 0 0 0 0 5 5 a  E' 1 86CoLe.239
15443.4744 0.02 0.02 1 1 0 7 0 1 4 4 a  E" -103 0 0 0 0 0 0 4 4 s  E' 1 86CoLe.188
15422.5490 0.02 0.02 0 8 2 0 2 0 4 3 s  E" -104 0 0 0 0 0 0 4 2 s  E' 2 86CoLe.151
15501.9569 0.02 0.02 0 8 2 0 2 0 4 3 s  E" -104 0 0 0 0 0 0 3 2 s  E' 1 86CoLe.101
15467.5863 0.02 0.02 4 0 1 0 1 0 4 3 s  E" 5115 0 0 0 0 0 0 4 4 s  E' 1 86CoLe.191
15368.2929 0.02 0.02 4 0 1 0 1 0 4 3 s  E" 5115 0 0 0 0 0 0 5 4 s  E' 2 86CoLe.232
15502.5237 0.02 0.02 4 0 1 0 1 0 4 3 s  E" 5115 0 0 0 0 0 0 3 2 s  E' 1 86CoLe.102
15324.6200 0.02 0.02 4 0 1 0 1 0 4 3 s  E" 5116 0 0 0 0 0 0 5 2 s  E' 3 86CoLe.204
15503.1353 0.02 0.02 4 0 1 0 1 0 4 3 s  E" 5116 0 0 0 0 0 0 3 2 s  E' 1 86CoLe.103
15423.7288 0.02 0.02 4 0 1 0 1 0 4 3 s  E" 5116 0 0 0 0 0 0 4 2 s  E' 2 86CoLe.152
15503.5600 0.02 0.02 0 8 2 0 2 0 4 3 s  E" -107 0 0 0 0 0 0 3 2 s  E' 1 86CoLe.104
15433.0951 0.02 0.02 4 0 1 0 1 0 4 2 a  E" -108 0 0 0 0 0 0 4 2 s  E' 2 86CoLe.154
15512.5023 0.02 0.02 4 0 1 0 1 0 4 2 a  E" -108 0 0 0 0 0 0 3 2 s  E' 1 86CoLe.107
15324.5290 0.02 0.02 4 0 1 0 1 0 4 2 a  E" 5136 0 0 0 0 0 0 5 1 a  E' 4 86CoLe.199
15423.5505 0.02 0.02 4 0 1 0 1 0 4 2 a  E" 5136 0 0 0 0 0 0 4 1 a  E' 3 86CoLe.137
15502.8848 0.02 0.02 4 0 1 0 1 0 4 2 a  E" 5136 0 0 0 0 0 0 3 1 a  E' 2  86CoLe.81
15444.5607 0.02 0.02 1 3 1 4 1 4 4 4 s  E' -100 0 0 0 0 0 0 4 4 a  E" 1 86CoLe.184
15444.9117 0.02 0.02 1 3 1 4 1 4 4 4 s  E' -101 0 0 0 0 0 0 4 4 a  E" 1 86CoLe.185
15380.2903 0.02 0.02 1 3 1 4 1 4 4 4 s  E' -102 0 0 0 0 0 0 5 5 s  E" 1 86CoLe.240
15364.5003 0.02 0.02 4 0 1 0 1 0 4 3 a  E' 5156 0 0 0 0 0 0 5 4 a  E" 2 86CoLe.230
15498.7250 0.02 0.02 4 0 1 0 1 0 4 3 a  E' 5156 0 0 0 0 0 0 3 2 a  E" 1  86CoLe.97
15463.7458 0.02 0.02 4 0 1 0 1 0 4 3 a  E' 5156 0 0 0 0 0 0 4 4 a  E" 1 86CoLe.189
15320.2949 0.02 0.02 4 0 1 0 1 0 4 3 a  E' 5156 0 0 0 0 0 0 5 2 a  E" 3 86CoLe.202
15419.3600 0.02 0.02 4 0 1 0 1 0 4 3 a  E' 5156 0 0 0 0 0 0 4 2 a  E" 2 86CoLe.149
15498.8849 0.02 0.02 0 1 1 7 1 5 4 3 a  E' -105 0 0 0 0 0 0 3 2 a  E" 1  86CoLe.98
15320.4550 0.02 0.02 0 1 1 7 1 5 4 3 a  E' -105 0 0 0 0 0 0 5 2 a  E" 3 86CoLe.203
15419.5206 0.02 0.02 0 1 1 7 1 5 4 3 a  E' -105 0 0 0 0 0 0 4 2 a  E" 2 86CoLe.150
15499.1661 0.02 0.02 0 1 1 7 1 5 4 3 a  E' -106 0 0 0 0 0 0 3 2 a  E" 1  86CoLe.99
15464.1890 0.02 0.02 0 1 1 7 1 5 4 3 a  E' -106 0 0 0 0 0 0 4 4 a  E" 1 86CoLe.190
15364.9515 0.02 0.02 0 1 1 7 1 5 4 3 a  E' -106 0 0 0 0 0 0 5 4 a  E" 2 86CoLe.231
15500.0500 0.02 0.02 0 1 1 7 1 5 4 3 a  E' -107 0 0 0 0 0 0 3 2 a  E" 1 86CoLe.100
15514.8477 0.02 0.02 1 1 2 3 0 3 4 2 s  E' -109 0 0 0 0 0 0 3 2 a  E" 1 86CoLe.105
15435.4884 0.02 0.02 1 1 2 3 0 3 4 2 s  E' -109 0 0 0 0 0 0 4 2 a  E" 2 86CoLe.153
15517.1956 0.02 0.02 1 1 2 3 0 3 4 2 s  E' -111 0 0 0 0 0 0 3 2 a  E" 1 86CoLe.106
15427.5065 0.02 0.02 4 0 1 0 1 0 4 2 s  E' 5179 0 0 0 0 0 0 4 1 s  E" 3 86CoLe.138
15328.4458 0.02 0.02 4 0 1 0 1 0 4 2 s  E' 5179 0 0 0 0 0 0 5 1 s  E" 4 86CoLe.200
15506.8784 0.02 0.02 4 0 1 0 1 0 4 2 s  E' 5179 0 0 0 0 0 0 3 1 s  E" 2  86CoLe.82
15510.5519 0.02 0.02 1 1 1 5 1 3 4 2 s  E' -113 0 0 0 0 0 0 3 1 s  E" 2  86CoLe.83
15342.3672 0.02 0.02 0 1 1 7 1 5 4 0 s  E' -114 0 0 0 0 0 0 5 1 s  E" 4 86CoLe.201
15441.4330 0.02 0.02 0 1 1 7 1 5 4 0 s  E' -114 0 0 0 0 0 0 4 1 s  E" 3 86CoLe.139
15520.8081 0.02 0.02 0 1 1 7 1 5 4 0 s  E' -114 0 0 0 0 0 0 3 1 s  E" 2  86CoLe.84
15364.9800 0.02 0.02 0 1 1 7 1 5 5 5 s A2" -100 0 0 0 0 0 0 6 6 s A2' 1 86CoLe.287
15366.1108 0.02 0.02 4 0 1 0 1 0 5 5 s A2" 3055 0 0 0 0 0 0 6 6 s A2' 1 86CoLe.288
15508.2030 0.02 0.02 4 0 1 0 1 0 5 4 a A2" 3078 0 0 0 0 0 0 4 3 a A2' 1 86CoLe.174
15290.3152 0.02 0.02 4 0 1 0 1 0 5 4 a A2" 3078 0 0 0 0 0 0 6 3 a A2' 2 86CoLe.259
15409.6420 0.02 0.02 4 0 1 0 1 0 5 4 a A2" -103 0 0 0 0 0 0 5 3 a A2' 1 86CoLe.219
15530.7000 0.02 0.02 1 1 2 3 0 3 5 3 s A2" -104 0 0 0 0 0 0 4 3 a A2' 1 86CoLe.178
15312.8145 0.02 0.02 1 1 2 3 0 3 5 3 s A2" -104 0 0 0 0 0 0 6 3 a A2' 2 86CoLe.261
15313.4720 0.02 0.02 5 0 0 0 0 0 5 3 s A2" 3093 0 0 0 0 0 0 6 3 a A2' 2 86CoLe.262
15531.3630 0.02 0.02 5 0 0 0 0 0 5 3 s A2" 3093 0 0 0 0 0 0 4 3 a A2' 1 86CoLe.179
15432.2253 0.02 0.02 5 0 0 0 0 0 5 3 s A2" 3093 0 0 0 0 0 0 5 3 a A2' 1 86CoLe.223
15362.0045 0.02 0.02 4 0 1 0 1 0 5 5 a A2' 3162 0 0 0 0 0 0 6 6 a A2" 1 86CoLe.286
15507.7140 0.02 0.02 1 1 1 5 1 3 5 4 s A2' -101 0 0 0 0 0 0 4 3 s A2" 1 86CoLe.175
15408.5301 0.02 0.02 1 1 1 5 1 3 5 4 s A2' -101 0 0 0 0 0 0 5 3 s A2" 1 86CoLe.220
15409.4619 0.02 0.02 1 1 1 5 1 3 5 4 s A2' -102 0 0 0 0 0 0 5 3 s A2" 1 86CoLe.221
15508.6480 0.02 0.02 1 1 1 5 1 3 5 4 s A2' -102 0 0 0 0 0 0 4 3 s A2" 1 86CoLe.176
15294.6621 0.02 0.02 4 0 1 0 1 0 5 4 s A2' 3181 0 0 0 0 0 0 6 3 s A2" 2 86CoLe.260
15413.4654 0.02 0.02 4 0 1 0 1 0 5 4 s A2' 3181 0 0 0 0 0 0 5 3 s A2" 1 86CoLe.222
15512.6524 0.02 0.02 4 0 1 0 1 0 5 4 s A2' 3181 0 0 0 0 0 0 4 3 s A2" 1 86CoLe.177
15310.7029 0.02 0.02 5 0 0 0 0 0 5 3 a A2' 3202 0 0 0 0 0 0 6 3 s A2" 2 86CoLe.263
15528.6962 0.02 0.02 5 0 0 0 0 0 5 3 a A2' 3202 0 0 0 0 0 0 4 3 s A2" 1 86CoLe.180
15517.0559 0.02 0.02 2 1 1 3 1 1 5 1 a A2' -107 0 0 0 0 0 0 4 0 a A2" 2 86CoLe.130
15299.9670 0.02 0.02 1 4 1 3 1 3 5 1 a A2' -108 0 0 0 0 0 0 6 0 a A2" 3 86CoLe.253
15300.1462 0.02 0.02 4 0 1 0 1 0 5 1 a A2' 3216 0 0 0 0 0 0 6 0 a A2" 3 86CoLe.254
15522.1904 0.02 0.02 1 4 1 3 1 3 5 1 a A2' -110 0 0 0 0 0 0 4 0 a A2" 2 86CoLe.132
15442.5879 0.02 0.02 0 3 2 4 0 2 5 5 s  E" -100 0 0 0 0 0 0 5 5 a  E' 1 86CoLe.241
15510.3190 0.02 0.02 4 0 1 0 1 0 5 5 s  E" 6244 0 0 0 0 0 0 4 4 s  E' 1 86CoLe.193
15411.3260 0.02 0.02 0 3 2 4 0 2 5 5 s  E" -102 0 0 0 0 0 0 5 4 s  E' 2 86CoLe.234
15468.2353 0.02 0.02 4 0 1 0 1 0 5 4 a  E" 6280 0 0 0 0 0 0 5 5 a  E' 1 86CoLe.244
15349.2030 0.02 0.02 4 0 1 0 1 0 5 4 a  E" 6280 0 0 0 0 0 0 6 5 a  E' 1 86CoLe.275
15329.2150 0.02 0.02 1 3 1 4 1 0 5 2 s  E' -100 0 0 0 0 0 0 4 2 a  E" 2 86CoLe.156
15439.6200 0.02 0.02 4 0 1 0 1 0 5 5 a  E' -101 0 0 0 0 0 0 5 5 s  E" 1 86CoLe.242
15440.4308 0.02 0.02 5 0 0 0 0 0 5 5 a  E' -102 0 0 0 0 0 0 5 5 s  E" 1 86CoLe.243
15506.4178 0.02 0.02 4 0 1 0 1 0 5 5 a  E' 6202 0 0 0 0 0 0 4 4 a  E" 1 86CoLe.192
15407.1790 0.02 0.02 4 0 1 0 1 0 5 5 a  E' 6202 0 0 0 0 0 0 5 4 a  E" 2 86CoLe.233
15535.6126 0.02 0.02 0 8 2 0 0 0 5 4 s  E' -104 0 0 0 0 0 0 4 4 a  E" 1 86CoLe.194
15436.3717 0.02 0.02 0 8 2 0 0 0 5 4 s  E' -104 0 0 0 0 0 0 5 4 a  E" 2 86CoLe.235
15352.9979 0.02 0.02 0 8 2 0 0 0 5 4 s  E' -106 0 0 0 0 0 0 6 5 s  E" 1 86CoLe.276
15472.1062 0.02 0.02 0 8 2 0 0 0 5 4 s  E' -106 0 0 0 0 0 0 5 5 s  E" 1 86CoLe.245
15292.4646 0.02 0.02 4 0 1 0 1 0 5 3 a  E' 6271 0 0 0 0 0 0 6 2 a  E" 3 86CoLe.256
15411.1307 0.02 0.02 4 0 1 0 1 0 5 3 a  E' 6271 0 0 0 0 0 0 5 2 a  E" 3 86CoLe.205
15510.1950 0.02 0.02 4 0 1 0 1 0 5 3 a  E' 6271 0 0 0 0 0 0 4 2 a  E" 2 86CoLe.155
15311.4959 0.02 0.02 3 1 0 3 0 3 5 2 s  E' -110 0 0 0 0 0 0 6 2 a  E" 3 86CoLe.257
15437.9029 0.02 0.02 5 0 0 0 0 0 6 6 a A2" -100 0 0 0 0 0 0 6 6 s A2' 1 86CoLe.291
15438.1880 0.02 0.02 5 0 0 0 0 0 6 6 a A2" -101 0 0 0 0 0 0 6 6 s A2' 1 86CoLe.292
15336.7060 0.02 0.02 4 0 1 0 1 0 6 5 s A2" 3736 0 0 0 0 0 0 7 6 s A2' 1 86CoLe.315
15475.5943 0.02 0.02 4 0 1 0 1 0 6 5 s A2" 3736 0 0 0 0 0 0 6 6 s A2' 1 86CoLe.294
15398.4428 0.02 0.02 4 0 1 0 1 0 6 4 a A2" 3761 0 0 0 0 0 0 6 3 a A2' 2 86CoLe.264
15517.1950 0.02 0.02 4 0 1 0 1 0 6 4 a A2" 3761 0 0 0 0 0 0 5 3 a A2' 1 86CoLe.224
15260.2009 0.02 0.02 4 0 1 0 1 0 6 4 a A2" 3761 0 0 0 0 0 0 7 3 a A2' 2 86CoLe.303
15518.6780 0.02 0.02 4 0 1 0 1 0 6 4 a A2" -105 0 0 0 0 0 0 5 3 a A2' 1 86CoLe.225
15261.6845 0.02 0.02 4 0 1 0 1 0 6 4 a A2" -105 0 0 0 0 0 0 7 3 a A2' 2 86CoLe.304
15399.9362 0.02 0.02 4 0 1 0 1 0 6 4 a A2" -105 0 0 0 0 0 0 6 3 a A2' 2 86CoLe.265
15284.0288 0.02 0.02 5 0 0 0 0 0 6 3 s A2" 3781 0 0 0 0 0 0 7 3 a A2' 2 86CoLe.307
15541.0300 0.02 0.02 5 0 0 0 0 0 6 3 s A2" 3781 0 0 0 0 0 0 5 3 a A2' 1 86CoLe.228
15422.2829 0.02 0.02 5 0 0 0 0 0 6 3 s A2" 3781 0 0 0 0 0 0 6 3 a A2' 2 86CoLe.268
15275.3133 0.02 0.02 5 0 0 0 0 0 6 0 a A2" -109 0 0 0 0 0 0 7 0 s A2' 3 86CoLe.300
15532.0670 0.02 0.02 5 0 0 0 0 0 6 0 a A2" -109 0 0 0 0 0 0 5 0 s A2' 2 86CoLe.198
15282.2494 0.02 0.02 0 9 0 3 0 1 6 1 s A2" -110 0 0 0 0 0 0 7 0 s A2' 3 86CoLe.299
15539.0020 0.02 0.02 0 9 0 3 0 1 6 1 s A2" -110 0 0 0 0 0 0 5 0 s A2' 2 86CoLe.197
15440.5128 0.02 0.02 0 1 1 7 1 1 6 6 s A2' -100 0 0 0 0 0 0 6 6 a A2" 1 86CoLe.289
15440.7467 0.02 0.02 0 1 1 7 1 1 6 6 s A2' -101 0 0 0 0 0 0 6 6 a A2" 1 86CoLe.290
15472.7086 0.02 0.02 4 0 1 0 1 0 6 5 a A2' -102 0 0 0 0 0 0 6 6 a A2" 1 86CoLe.293
15333.8980 0.02 0.02 4 0 1 0 1 0 6 5 a A2' -102 0 0 0 0 0 0 7 6 a A2" 1 86CoLe.314
15520.9280 0.02 0.02 4 0 1 0 1 0 6 4 s A2' -107 0 0 0 0 0 0 5 3 s A2" 1 86CoLe.226
15402.1298 0.02 0.02 4 0 1 0 1 0 6 4 s A2' -107 0 0 0 0 0 0 6 3 s A2" 2 86CoLe.266
15263.8276 0.02 0.02 4 0 1 0 1 0 6 4 s A2' -107 0 0 0 0 0 0 7 3 s A2" 2 86CoLe.305
15403.8677 0.02 0.02 4 0 1 0 1 0 6 4 s A2' -108 0 0 0 0 0 0 6 3 s A2" 2 86CoLe.267
15522.6720 0.02 0.02 4 0 1 0 1 0 6 4 s A2' -108 0 0 0 0 0 0 5 3 s A2" 1 86CoLe.227
15265.5694 0.02 0.02 4 0 1 0 1 0 6 4 s A2' -108 0 0 0 0 0 0 7 3 s A2" 2 86CoLe.306
15515.1096 0.02 0.02 4 0 1 0 1 0 6 6 a  E" -100 0 0 0 0 0 0 5 5 a  E' 1 86CoLe.246
15516.4559 0.02 0.02 4 0 1 0 1 0 6 6 a  E" -102 0 0 0 0 0 0 5 5 a  E' 1 86CoLe.247
15397.4185 0.02 0.02 4 0 1 0 1 0 6 6 a  E" -102 0 0 0 0 0 0 6 5 a  E' 1 86CoLe.277
15517.4310 0.02 0.02 4 0 1 0 1 0 6 6 a  E" -103 0 0 0 0 0 0 5 5 a  E' 1 86CoLe.248
15552.5081 0.02 0.02 0 8 2 0 2 0 6 5 s  E" -104 0 0 0 0 0 0 5 5 a  E' 1 86CoLe.251
15433.4720 0.02 0.02 0 8 2 0 2 0 6 5 s  E" -104 0 0 0 0 0 0 6 5 a  E' 1 86CoLe.280
15401.4862 0.02 0.02 4 0 1 0 1 0 6 5 s  E" 7340 0 0 0 0 0 0 6 4 s  E' 2 86CoLe.273
15520.4183 0.02 0.02 4 0 1 0 1 0 6 5 s  E" 7340 0 0 0 0 0 0 5 4 s  E' 2 86CoLe.238
15267.1533 0.02 0.02 0 1 1 7 1 5 6 3 s  E" -106 0 0 0 0 0 0 7 2 s  E' 4 86CoLe.301
15405.3596 0.02 0.02 0 1 1 7 1 5 6 3 s  E" -106 0 0 0 0 0 0 6 2 s  E' 3 86CoLe.258
15524.0720 0.02 0.02 0 1 1 7 1 5 6 3 s  E" -106 0 0 0 0 0 0 5 2 s  E' 3 86CoLe.206
15449.5140 0.02 0.02 0 1 1 7 1 5 6 3 s  E" -107 0 0 0 0 0 0 6 4 s  E' 2 86CoLe.274
15311.0639 0.02 0.02 0 1 1 7 1 5 6 3 s  E" -107 0 0 0 0 0 0 7 4 s  E' 3 86CoLe.311
15400.9777 0.02 0.02 4 0 1 0 1 0 6 6 s  E' 7327 0 0 0 0 0 0 6 5 s  E" 1 86CoLe.278
15520.0786 0.02 0.02 4 0 1 0 1 0 6 6 s  E' 7327 0 0 0 0 0 0 5 5 s  E" 1 86CoLe.249
15401.6079 0.02 0.02 0 3 2 4 0 2 6 6 s  E' -102 0 0 0 0 0 0 6 5 s  E" 1 86CoLe.279
15520.7111 0.02 0.02 0 3 2 4 0 2 6 6 s  E' -102 0 0 0 0 0 0 5 5 s  E" 1 86CoLe.250
15430.3487 0.02 0.02 5 0 0 0 0 0 6 5 a  E' -103 0 0 0 0 0 0 6 5 s  E" 1 86CoLe.281
15549.4548 0.02 0.02 5 0 0 0 0 0 6 5 a  E' -103 0 0 0 0 0 0 5 5 s  E" 1 86CoLe.252
15396.9434 0.02 0.02 1 4 1 3 1 1 6 5 a  E' -104 0 0 0 0 0 0 6 4 a  E" 2 86CoLe.271
15515.8215 0.02 0.02 1 4 1 3 1 1 6 5 a  E' -104 0 0 0 0 0 0 5 4 a  E" 2 86CoLe.236
15259.3950 0.02 0.02 4 0 1 0 1 0 6 5 a  E' 7386 0 0 0 0 0 0 7 4 a  E" 3 86CoLe.310
15516.6653 0.02 0.02 4 0 1 0 1 0 6 5 a  E' 7386 0 0 0 0 0 0 5 4 a  E" 2 86CoLe.237
15397.7975 0.02 0.02 4 0 1 0 1 0 6 5 a  E' 7386 0 0 0 0 0 0 6 4 a  E" 2 86CoLe.272
15539.9290 0.02 0.02 0 1 1 7 1 5 6 2 s  E' -106 0 0 0 0 0 0 5 2 a  E" 3 86CoLe.207
15283.1286 0.02 0.02 0 1 1 7 1 5 6 2 s  E' -106 0 0 0 0 0 0 7 2 a  E" 4 86CoLe.302
15291.7153 0.02 0.02 3 1 0 3 0 3 6 1 a  E' -107 0 0 0 0 0 0 7 1 s  E" 5 86CoLe.312
15390.7649 0.02 0.02 4 0 1 0 1 0 7 7 s A2" 4141 0 0 0 0 0 0 7 6 s A2' 1 86CoLe.316
15529.6611 0.02 0.02 4 0 1 0 1 0 7 7 s A2" 4141 0 0 0 0 0 0 6 6 s A2' 1 86CoLe.296
15530.3452 0.02 0.02 2 1 1 3 1 3 7 7 s A2" -101 0 0 0 0 0 0 6 6 s A2' 1 86CoLe.297
15530.7484 0.02 0.02 2 1 0 5 0 1 7 7 s A2" -102 0 0 0 0 0 0 6 6 s A2' 1 86CoLe.298
15527.1270 0.02 0.02 4 0 1 0 1 0 7 4 a A2" -104 0 0 0 0 0 0 6 3 a A2' 2 86CoLe.269
15388.8828 0.02 0.02 4 0 1 0 1 0 7 4 a A2" -104 0 0 0 0 0 0 7 3 a A2' 2 86CoLe.308
15410.9270 0.02 0.02 0 8 1 2 1 2 7 3 s A2" -105 0 0 0 0 0 0 7 3 a A2' 2 86CoLe.309
15549.1762 0.02 0.02 0 8 1 2 1 2 7 3 s A2" -105 0 0 0 0 0 0 6 3 a A2' 2 86CoLe.270
15526.5206 0.02 0.02 4 0 1 0 1 0 7 7 a A2' 4247 0 0 0 0 0 0 6 6 a A2" 1 86CoLe.295
15436.9832 0.02 0.02 0 1 4 0 4 0 7 7 s  E" -100 0 0 0 0 0 0 7 7 a  E' 1 86CoLe.318
15438.6448 0.02 0.02 0 1 4 0 4 0 7 7 s  E" -101 0 0 0 0 0 0 7 7 a  E' 1 86CoLe.319
15438.7600 0.02 0.02 0 1 4 0 4 0 7 7 s  E" -102 0 0 0 0 0 0 7 7 a  E' 1 86CoLe.320
15525.8774 0.02 0.02 4 0 1 0 1 0 7 6 a  E" -103 0 0 0 0 0 0 6 5 a  E' 1 86CoLe.282
15526.0547 0.02 0.02 4 0 1 0 1 0 7 6 a  E" 8481 0 0 0 0 0 0 6 5 a  E' 1 86CoLe.283
15435.3332 0.02 0.02 4 0 1 0 1 0 7 7 a  E' -100 0 0 0 0 0 0 7 7 s  E" 1 86CoLe.321
15435.4880 0.02 0.02 5 0 0 0 0 0 7 7 a  E' -101 0 0 0 0 0 0 7 7 s  E" 1 86CoLe.322
15529.0587 0.02 0.02 5 0 0 0 0 0 7 6 s  E' 8434 0 0 0 0 0 0 6 5 s  E" 1 86CoLe.284
15529.5625 0.02 0.02 0 1 4 0 4 0 7 6 s  E' -103 0 0 0 0 0 0 6 5 s  E" 1 86CoLe.285
15376.6880 0.02 0.02 4 0 1 0 1 0 8 7 a A2' -100 0 0 0 0 0 0 8 6 a A2" 1 86CoLe.324
15534.9440 0.02 0.02 4 0 1 0 1 0 8 7 a A2' -100 0 0 0 0 0 0 7 6 a A2" 1 86CoLe.317
15382.3287 0.02 0.02 0 8 1 2 1 2 8 6 s  E' -100 0 0 0 0 0 0 8 5 s  E" 3 86CoLe.323
15540.3820 0.02 0.02 0 8 1 2 1 2 8 6 s  E' -100 0 0 0 0 0 0 7 5 s  E" 2 86CoLe.313