15259.3950 0.02 0.02 0  8 2 0 0 0 6 5 s  E' 7390 0 0 0 0 0 0 7 4 a  E" 3 86CoLe.310
15260.2009 0.02 0.02 1  4 1 3 1 1 6 4 a A2" 3762 0 0 0 0 0 0 7 3 a A2' 2 86CoLe.303
15261.6845 0.02 0.02 0  3 1 6 1 2 6 4 s A2" 3764 0 0 0 0 0 0 7 3 a A2' 2 86CoLe.304
15263.8276 0.02 0.02 0  3 2 4 2 4 6 4 s A2' 3656 0 0 0 0 0 0 7 3 s A2" 2 86CoLe.305
15265.5694 0.02 0.02 0  1 1 7 1 7 6 4 s A2' 3657 0 0 0 0 0 0 7 3 s A2" 2 86CoLe.306
15267.1533 0.02 0.02 2  1 1 3 1 1 6 3 s  E" 7434 0 0 0 0 0 0 7 2 s  E' 4 86CoLe.301
15275.3133 0.02 0.02 0  8 0 4 0 4 6 0 s A2" 3808 0 0 0 0 0 0 7 0 s A2' 3 86CoLe.300
15282.2494 0.02 0.02 1  1 1 5 1 3 6 1 s A2" 3818 0 0 0 0 0 0 7 0 s A2' 3 86CoLe.299
15283.1286 0.02 0.02 0  8 1 2 1 2 6 2 s  E' 7519 0 0 0 0 0 0 7 2 a  E" 4 86CoLe.302
15284.0288 0.02 0.02 3  1 0 3 0 3 6 3 a A2" 3785 0 0 0 0 0 0 7 3 a A2' 2 86CoLe.307
15290.3152 0.02 0.02 3  1 0 3 0 3 5 4 a A2" 3079 0 0 0 0 0 0 6 3 a A2' 2 86CoLe.259
15291.7153 0.02 0.02 2  1 1 3 1 1 6 1 s  E' 7555 0 0 0 0 0 0 7 1 s  E" 5 86CoLe.312
15292.4646 0.02 0.02 2  1 1 3 1 1 5 3 s  E' 6275 0 0 0 0 0 0 6 2 a  E" 3 86CoLe.256
15294.6621 0.02 0.02 0  1 4 0 4 0 5 4 s A2' 3188 0 0 0 0 0 0 6 3 s A2" 2 86CoLe.260
15299.9670 0.02 0.02 0  8 2 0 2 0 5 1 s A2' 3218 0 0 0 0 0 0 6 0 a A2" 3 86CoLe.253
15300.1462 0.02 0.02 0  8 2 0 2 0 5 1 s A2' 3218 0 0 0 0 0 0 6 0 a A2" 3 86CoLe.254
15304.5880 0.02 0.02 2  1 0 5 0 1 5 0 s A2' 3222 0 0 0 0 0 0 6 0 a A2" 3 86CoLe.255
15310.7029 0.02 0.02 5  0 0 0 0 0 5 3 a A2' 3202 0 0 0 0 0 0 6 3 s A2" 2 86CoLe.263
15311.0639 0.02 0.02 2  1 1 3 1 1 6 3 s  E" 7434 0 0 0 0 0 0 7 4 s  E' 3 86CoLe.311
15311.4959 0.02 0.02 1  1 0 7 0 5 5 2 a  E' 6305 0 0 0 0 0 0 6 2 a  E" 3 86CoLe.257
15312.8145 0.02 0.02 1  1 2 3 0 3 5 3 s A2" 3095 0 0 0 0 0 0 6 3 a A2' 2 86CoLe.261
15313.4720 0.02 0.02 0  1 1 7 1 1 5 3 s A2" 3096 0 0 0 0 0 0 6 3 a A2' 2 86CoLe.262
15315.9340 0.02 0.02 1  7 0 3 0 3 4 4 s A2" 2608 0 0 0 0 0 0 5 3 a A2' 1 86CoLe.209
15315.9340 0.02 0.02 1  7 0 3 0 3 4 4 s A2" 2608 0 0 0 0 0 0 5 3 a A2' 1 86CoLe.208
15318.5707 0.02 0.02 1  1 0 7 0 1 4 4 a A2" 2610 0 0 0 0 0 0 5 3 a A2' 1 86CoLe.211
15318.3226 0.02 0.02 1  1 0 7 0 1 4 4 a A2" 2610 0 0 0 0 0 0 5 3 a A2' 1 86CoLe.210
15320.4550 0.02 0.02 0  1 1 7 1 5 4 3 a  E' 5162 0 0 0 0 0 0 5 2 a  E" 3 86CoLe.203
15320.2949 0.02 0.02 0  1 1 7 1 5 4 3 a  E' 5162 0 0 0 0 0 0 5 2 a  E" 3 86CoLe.202
15321.1009 0.02 0.02 0  1 0 9 0 9 4 4 a A2' 2503 0 0 0 0 0 0 5 3 s A2" 1 86CoLe.212
15324.6200 0.02 0.02 1  1 2 3 0 1 4 3 a  E" 5122 0 0 0 0 0 0 5 2 s  E' 3 86CoLe.204
15324.5290 0.02 0.02 1  1 1 5 1 3 4 2 a  E" 5140 0 0 0 0 0 0 5 1 a  E' 4 86CoLe.199
15328.4458 0.02 0.02 1  1 2 3 0 3 4 2 s  E' 5188 0 0 0 0 0 0 5 1 s  E" 4 86CoLe.200
15329.2150 0.02 0.02 3  1 0 3 0 3 5 2 a  E' 6015 0 0 0 0 0 0 4 2 a  E" 2 86CoLe.156
15329.9274 0.02 0.02 1  1 1 5 1 1 4 0 a A2" 2639 0 0 0 0 0 0 5 0 s A2' 2 86CoLe.196
15333.8980 0.02 0.02 1  7 1 1 1 1 6 5 s A2' 3633 0 0 0 0 0 0 7 6 a A2" 1 86CoLe.314
15336.8499 0.02 0.02 1  1 0 7 0 1 4 3 a A2' 2512 0 0 0 0 0 0 5 3 s A2" 1 86CoLe.214
15336.7060 0.02 0.02 1  3 1 4 1 2 6 5 s A2" 3742 0 0 0 0 0 0 7 6 s A2' 1 86CoLe.315
15336.1062 0.02 0.02 2  1 1 3 1 3 4 1 a A2" 2643 0 0 0 0 0 0 5 0 s A2' 2 86CoLe.195
15340.2785 0.02 0.02 1  1 1 5 1 3 4 3 a A2' 2515 0 0 0 0 0 0 5 3 s A2" 1 86CoLe.215
15340.5895 0.02 0.02 0  9 0 3 0 1 4 3 s A2" 2624 0 0 0 0 0 0 5 3 a A2' 1 86CoLe.213
15342.3672 0.02 0.02 1  4 1 3 1 1 4 0 a  E' 5207 0 0 0 0 0 0 5 1 s  E" 4 86CoLe.201
15343.6301 0.02 0.02 5  0 0 0 0 0 4 4 a  E" 5094 0 0 0 0 0 0 5 4 s  E' 2 86CoLe.229
15346.5938 0.02 0.02 1  3 0 6 0 4 3 3 s  E' 3968 0 0 0 0 0 0 4 2 a  E" 2 86CoLe.140
15349.2030 0.02 0.02 1  1 0 7 0 1 5 4 a  E" 6286 0 0 0 0 0 0 6 5 a  E' 1 86CoLe.275
15349.8688 0.02 0.02 0  5 3 0 3 0 3 3 a  E" 4014 0 0 0 0 0 0 4 2 s  E' 2 86CoLe.141
15350.0969 0.02 0.02 0  5 3 0 3 0 3 3 a  E" 4014 0 0 0 0 0 0 4 2 s  E' 2 86CoLe.142
15350.7167 0.02 0.02 2  1 1 3 1 1 3 2 a  E" 4025 0 0 0 0 0 0 4 1 a  E' 3 86CoLe.133
15350.2888 0.02 0.02 0  5 3 0 3 0 3 3 a  E" 4014 0 0 0 0 0 0 4 2 s  E' 2 86CoLe.143
15352.9979 0.02 0.02 0  8 2 0 0 0 5 4 s  E' 6246 0 0 0 0 0 0 6 5 s  E" 1 86CoLe.276
15353.4099 0.02 0.02 1  1 0 7 0 1 4 2 a A2" 2635 0 0 0 0 0 0 5 3 a A2' 1 86CoLe.216
15354.7030 0.02 0.02 1  4 1 3 1 1 3 1 a A2' 2069 0 0 0 0 0 0 4 0 a A2" 2 86CoLe.125
15357.1746 0.02 0.02 2  4 0 3 0 3 4 2 a A2' 2527 0 0 0 0 0 0 5 3 s A2" 1 86CoLe.217
15358.5799 0.02 0.02 2  4 0 3 0 3 4 2 a A2' 2527 0 0 0 0 0 0 5 3 s A2" 1 86CoLe.218
15360.5301 0.02 0.02 1  3 1 4 1 4 3 0 s A2' 2073 0 0 0 0 0 0 4 0 a A2" 2 86CoLe.126
15361.0119 0.02 0.02 1  3 0 6 0 4 3 2 s  E" 4023 0 0 0 0 0 0 4 2 s  E' 2 86CoLe.145
15362.0045 0.02 0.02 4  0 1 0 1 0 5 5 a A2' 3163 0 0 0 0 0 0 6 6 a A2" 1 86CoLe.286
15362.5458 0.02 0.02 1  1 0 7 0 5 3 0 a A2' 2075 0 0 0 0 0 0 4 0 a A2" 2 86CoLe.127
15363.7048 0.02 0.02 2  1 2 1 0 1 3 0 s  E" 4045 0 0 0 0 0 0 4 1 a  E' 3 86CoLe.134
15363.4054 0.02 0.02 0  4 0 7 0 3 3 2 a  E' 3986 0 0 0 0 0 0 4 2 a  E" 2 86CoLe.144
15364.5791 0.02 0.02 2  1 2 1 0 1 3 0 s  E" 4045 0 0 0 0 0 0 4 1 a  E' 3 86CoLe.135
15364.9515 0.02 0.02 2  1 1 3 1 3 4 3 s  E' 5163 0 0 0 0 0 0 5 4 a  E" 2 86CoLe.231
15364.5003 0.02 0.02 0  1 1 7 1 5 4 3 a  E' 5162 0 0 0 0 0 0 5 4 a  E" 2 86CoLe.230
15364.9800 0.02 0.02 2  3 1 2 1 2 5 5 s A2" 3059 0 0 0 0 0 0 6 6 s A2' 1 86CoLe.287
15365.0916 0.02 0.02 2  1 1 3 1 1 3 3 a A2' 2056 0 0 0 0 0 0 4 3 s A2" 1 86CoLe.159
15366.1108 0.02 0.02 2  3 1 2 1 2 5 5 s A2" 3060 0 0 0 0 0 0 6 6 s A2' 1 86CoLe.288
15367.7053 0.02 0.02 1  4 1 3 1 1 3 0 a  E' 4004 0 0 0 0 0 0 4 1 s  E" 3 86CoLe.136
15367.3569 0.02 0.02 0  1 1 7 1 5 3 3 s A2" 1949 0 0 0 0 0 0 4 3 a A2' 1 86CoLe.157
15367.9289 0.02 0.02 0  1 1 7 1 5 3 3 s A2" 1949 0 0 0 0 0 0 4 3 a A2' 1 86CoLe.158
15368.4090 0.02 0.02 1  4 0 5 0 1 3 1 a  E' 3992 0 0 0 0 0 0 4 2 a  E" 2 86CoLe.146
15368.2929 0.02 0.02 1  1 2 3 0 1 4 3 a  E" 5122 0 0 0 0 0 0 5 4 s  E' 2 86CoLe.232
15372.3148 0.02 0.02 0  9 0 3 0 1 3 1 s  E" 4041 0 0 0 0 0 0 4 2 s  E' 2 86CoLe.148
15373.2548 0.02 0.02 1  4 1 3 1 1 3 1 a  E' 4000 0 0 0 0 0 0 4 2 a  E" 2 86CoLe.147
15375.7290 0.02 0.02 0  1 1 7 1 3 2 2 a  E" 2843 0 0 0 0 0 0 3 1 a  E' 2  86CoLe.70
15376.6880 0.02 0.02 0  8 2 0 0 0 8 7 s A2' 4716 0 0 0 0 0 0 8 6 a A2" 1 86CoLe.324
15376.5550 0.02 0.02 1  1 0 7 0 1 4 4 a  E" 5095 0 0 0 0 0 0 5 5 a  E' 1 86CoLe.239
15378.4289 0.02 0.02 0  9 0 3 0 1 2 2 s  E' 2884 0 0 0 0 0 0 3 1 s  E" 2  86CoLe.71
15380.8253 0.02 0.02 1  3 1 4 1 2 3 2 s A2" 1957 0 0 0 0 0 0 4 3 a A2' 1 86CoLe.161
15380.3504 0.02 0.02 0  9 0 3 0 1 3 2 s A2" 1956 0 0 0 0 0 0 4 3 a A2' 1 86CoLe.160
15380.2903 0.02 0.02 2  1 1 3 1 1 4 4 s  E' 5139 0 0 0 0 0 0 5 5 s  E" 1 86CoLe.240
15382.6833 0.02 0.02 1  7 0 3 0 3 2 1 s  E' 2889 0 0 0 0 0 0 3 1 s  E" 2  86CoLe.73
15382.3287 0.02 0.02 0  9 0 3 0 1 8 6 s  E' 9665 0 0 0 0 0 0 8 5 s  E" 3 86CoLe.323
15382.6830 0.02 0.02 0  9 0 3 0 1 2 1 s A2" 1483 0 0 0 0 0 0 3 0 s A2' 2  86CoLe.64
15383.9360 0.02 0.02 1  1 1 5 1 3 2 1 s A2" 1485 0 0 0 0 0 0 3 0 s A2' 2  86CoLe.66
15383.3808 0.02 0.02 0  8 2 0 2 0 3 2 s A2' 2065 0 0 0 0 0 0 4 3 s A2" 1 86CoLe.162
15383.1510 0.02 0.02 5  0 0 0 0 0 2 1 a A2" 1484 0 0 0 0 0 0 3 0 s A2' 2  86CoLe.65
15384.6156 0.02 0.02 1  4 1 3 1 1 2 1 a  E" 2851 0 0 0 0 0 0 3 1 a  E' 2  86CoLe.72
15386.4024 0.02 0.02 1  1 2 3 0 3 2 2 s  E" 2842 0 0 0 0 0 0 3 2 s  E' 1  86CoLe.86
15387.9057 0.02 0.02 0  9 0 3 0 1 2 2 s  E' 2884 0 0 0 0 0 0 3 2 a  E" 1  86CoLe.85
15387.5417 0.02 0.02 1  1 2 3 0 3 2 0 s  E" 2854 0 0 0 0 0 0 3 1 a  E' 2  86CoLe.74
15388.8828 0.02 0.02 1  3 2 2 2 2 7 4 s A2" 4241 0 0 0 0 0 0 7 3 a A2' 2 86CoLe.308
15390.6596 0.02 0.02 1  3 0 6 0 4 3 3 s  E' 3968 0 0 0 0 0 0 4 4 a  E" 1 86CoLe.181
15390.7649 0.02 0.02 0  9 0 3 0 1 7 7 s A2" 4145 0 0 0 0 0 0 7 6 s A2' 1 86CoLe.316
15394.3426 0.02 0.02 0  5 3 0 3 0 3 3 a  E" 4014 0 0 0 0 0 0 4 4 s  E' 1 86CoLe.182
15394.4386 0.02 0.02 0  5 3 0 3 0 3 3 a  E" 4014 0 0 0 0 0 0 4 4 s  E' 1 86CoLe.183
15395.9825 0.02 0.02 4  0 1 0 1 0 2 1 s  E' 2893 0 0 0 0 0 0 3 2 a  E" 1  86CoLe.87
15396.9434 0.02 0.02 1  4 1 3 1 1 6 5 a  E' 7389 0 0 0 0 0 0 6 4 a  E" 2 86CoLe.271
15397.4185 0.02 0.02 2  3 1 2 1 2 6 6 s  E" 7290 0 0 0 0 0 0 6 5 a  E' 1 86CoLe.277
15397.7975 0.02 0.02 0  8 2 0 0 0 6 5 s  E' 7390 0 0 0 0 0 0 6 4 a  E" 2 86CoLe.272
15398.4428 0.02 0.02 1  4 1 3 1 1 6 4 a A2" 3762 0 0 0 0 0 0 6 3 a A2' 2 86CoLe.264
15399.9362 0.02 0.02 0  3 1 6 1 2 6 4 s A2" 3764 0 0 0 0 0 0 6 3 a A2' 2 86CoLe.265
15400.9777 0.02 0.02 1  7 0 3 0 3 6 6 s  E' 7341 0 0 0 0 0 0 6 5 s  E" 1 86CoLe.278
15401.4862 0.02 0.02 3  1 0 3 0 3 6 5 a  E" 7350 0 0 0 0 0 0 6 4 s  E' 2 86CoLe.273
15401.6079 0.02 0.02 1  4 1 3 1 3 6 6 a  E' 7342 0 0 0 0 0 0 6 5 s  E" 1 86CoLe.279
15402.1298 0.02 0.02 0  3 2 4 2 4 6 4 s A2' 3656 0 0 0 0 0 0 6 3 s A2" 2 86CoLe.266
15402.9957 0.02 0.02 5  0 0 0 0 0 1 1 s A2'  918 0 0 0 0 0 0 2 0 a A2" 1  86CoLe.26
15403.8677 0.02 0.02 0  1 1 7 1 7 6 4 s A2' 3657 0 0 0 0 0 0 6 3 s A2" 2 86CoLe.267
15403.1287 0.02 0.02 5  0 0 0 0 0 1 1 s A2'  918 0 0 0 0 0 0 2 0 a A2" 1  86CoLe.27
15404.4064 0.02 0.02 1  4 1 3 1 1 2 2 a A2" 1480 0 0 0 0 0 0 3 3 a A2' 1 86CoLe.108
15405.6720 0.02 0.02 5  0 0 0 0 0 1 1 s A2'  918 0 0 0 0 0 0 2 0 a A2" 1  86CoLe.28
15405.3596 0.02 0.02 2  1 1 3 1 1 6 3 s  E" 7434 0 0 0 0 0 0 6 2 s  E' 3 86CoLe.258
15406.8700 0.02 0.02 5  0 0 0 0 0 1 1 a  E' 1698 0 0 0 0 0 0 2 1 s  E" 2  86CoLe.36
15407.1790 0.02 0.02 2  1 1 3 1 1 5 5 s  E' 6206 0 0 0 0 0 0 5 4 a  E" 2 86CoLe.233
15408.8150 0.02 0.02 4  0 1 0 1 0 1 0 a  E" 1741 0 0 0 0 0 0 2 1 a  E' 2  86CoLe.37
15408.7299 0.02 0.02 0  8 2 0 0 0 1 0 s A2'  919 0 0 0 0 0 0 2 0 a A2" 1  86CoLe.29
15408.7310 0.02 0.02 4  0 1 0 1 0 1 1 a  E" 1741 0 0 0 0 0 0 2 1 a  E' 2  86CoLe.35
15408.2347 0.02 0.02 1  1 0 7 0 5 2 2 a A2' 1371 0 0 0 0 0 0 3 3 s A2" 1 86CoLe.109
15408.5301 0.02 0.02 1  1 1 5 1 3 5 4 s A2' 3183 0 0 0 0 0 0 5 3 s A2" 1 86CoLe.220
15409.4619 0.02 0.02 1  1 1 5 1 3 5 4 s A2' 3183 0 0 0 0 0 0 5 3 s A2" 1 86CoLe.221
15409.6420 0.02 0.02 2  1 1 3 1 3 5 4 s A2" 3080 0 0 0 0 0 0 5 3 a A2' 1 86CoLe.219
15410.2410 0.02 0.02 0  8 2 0 0 0 1 0 s  E" 1742 0 0 0 0 0 0 2 1 a  E' 2  86CoLe.38
15410.9270 0.02 0.02 0  8 1 2 1 0 7 3 s A2" 4267 0 0 0 0 0 0 7 3 a A2' 2 86CoLe.309
15410.5960 0.02 0.02 0  8 2 0 0 0 1 0 s  E" 1742 0 0 0 0 0 0 2 1 a  E' 2  86CoLe.39
15411.3260 0.02 0.02 2  3 1 2 1 0 5 5 s  E" 6253 0 0 0 0 0 0 5 4 s  E' 2 86CoLe.234
15411.1307 0.02 0.02 2  1 1 3 1 1 5 3 s  E' 6275 0 0 0 0 0 0 5 2 a  E" 3 86CoLe.205
15412.7770 0.02 0.02 0  1 1 7 1 5 1 0 a A2'  920 0 0 0 0 0 0 2 0 a A2" 1  86CoLe.30
15413.4654 0.02 0.02 0  1 4 0 4 0 5 4 s A2' 3188 0 0 0 0 0 0 5 3 s A2" 1 86CoLe.222
15413.9527 0.02 0.02 1  4 1 3 1 1 1 0 a  E' 1702 0 0 0 0 0 0 2 1 s  E" 2  86CoLe.40
15415.0604 0.02 0.02 1  7 0 3 0 3 4 4 s A2" 2608 0 0 0 0 0 0 4 3 a A2' 1 86CoLe.163
15417.7098 0.02 0.02 1  1 0 7 0 1 4 4 a A2" 2610 0 0 0 0 0 0 4 3 a A2' 1 86CoLe.165
15417.4594 0.02 0.02 1  1 0 7 0 1 4 4 a A2" 2610 0 0 0 0 0 0 4 3 a A2' 1 86CoLe.164
15418.3939 0.02 0.02 4  0 1 0 1 0 1 1 s  E' 1700 0 0 0 0 0 0 2 2 a  E" 1  86CoLe.51
15419.5206 0.02 0.02 0  1 1 7 1 5 4 3 a  E' 5162 0 0 0 0 0 0 4 2 a  E" 2 86CoLe.150
15419.3600 0.02 0.02 0  1 1 7 1 5 4 3 a  E' 5162 0 0 0 0 0 0 4 2 a  E" 2 86CoLe.149
15420.2888 0.02 0.02 0  1 0 9 0 9 4 4 a A2' 2503 0 0 0 0 0 0 4 3 s A2" 1 86CoLe.166
15421.6826 0.02 0.02 4  0 1 0 1 0 1 1 a  E" 1741 0 0 0 0 0 0 2 2 s  E' 1  86CoLe.52
15422.5490 0.02 0.02 1  1 2 3 0 1 4 3 a  E" 5122 0 0 0 0 0 0 4 2 s  E' 2 86CoLe.151
15422.2829 0.02 0.02 3  1 0 3 0 3 6 3 a A2" 3785 0 0 0 0 0 0 6 3 a A2' 2 86CoLe.268
15422.1293 0.02 0.02 0  8 2 0 0 0 1 1 s  E" 1742 0 0 0 0 0 0 2 2 s  E' 1  86CoLe.53
15423.5505 0.02 0.02 1  1 1 5 1 3 4 2 a  E" 5140 0 0 0 0 0 0 4 1 a  E' 3 86CoLe.137
15423.7288 0.02 0.02 1  1 2 3 0 1 4 3 a  E" 5122 0 0 0 0 0 0 4 2 s  E' 2 86CoLe.152
15425.9647 0.02 0.02 1  3 0 6 0 4 3 3 s  E' 3968 0 0 0 0 0 0 3 2 a  E" 1  86CoLe.88
15426.9111 0.02 0.02 1  4 1 3 1 3 3 3 a  E' 3969 0 0 0 0 0 0 3 2 a  E" 1  86CoLe.89
15427.5065 0.02 0.02 1  1 2 3 0 3 4 2 s  E' 5188 0 0 0 0 0 0 4 1 s  E" 3 86CoLe.138
15428.6300 0.02 0.02 4  0 1 0 1 0 4 1 a A2' 2530 0 0 0 0 0 0 4 0 a A2" 2 86CoLe.128
15429.5036 0.02 0.02 0  5 3 0 3 0 3 3 a  E" 4014 0 0 0 0 0 0 3 2 s  E' 1  86CoLe.90
15429.0657 0.02 0.02 4  0 1 0 1 0 4 1 a A2' 2530 0 0 0 0 0 0 4 0 a A2" 2 86CoLe.129
15430.2494 0.02 0.02 1  4 1 3 1 3 3 2 a  E" 4026 0 0 0 0 0 0 3 1 a  E' 2  86CoLe.75
15430.3487 0.02 0.02 5  0 0 0 0 0 6 5 a  E' 7387 0 0 0 0 0 0 6 5 s  E" 1 86CoLe.281
15431.5980 0.02 0.02 4  0 1 0 1 0 0 0 a  E"  551 0 0 0 0 0 0 1 1 a  E' 1  86CoLe.10
15432.2253 0.02 0.02 0  1 1 7 1 1 5 3 s A2" 3096 0 0 0 0 0 0 5 3 a A2' 1 86CoLe.223
15433.4720 0.02 0.02 0  8 2 0 2 0 6 5 s  E" 7349 0 0 0 0 0 0 6 5 a  E' 1 86CoLe.280
15433.0951 0.02 0.02 1  3 0 6 0 4 4 2 s  E" 5137 0 0 0 0 0 0 4 2 s  E' 2 86CoLe.154
15433.8846 0.02 0.02 1  4 2 1 2 1 3 2 a  E' 3987 0 0 0 0 0 0 3 1 s  E" 2  86CoLe.76
15434.9250 0.02 0.02 0  9 0 3 0 1 0 0 s  E'  591 0 0 0 0 0 0 1 1 s  E" 1  86CoLe.11
15434.6374 0.02 0.02 1  1 2 3 0 3 2 2 s  E" 2842 0 0 0 0 0 0 2 1 a  E' 2  86CoLe.41
15435.3332 0.02 0.02 4  0 1 0 1 0 7 7 a  E' 8364 0 0 0 0 0 0 7 7 s  E" 1 86CoLe.321
15435.4884 0.02 0.02 1  3 2 2 2 2 4 2 s  E' 5184 0 0 0 0 0 0 4 2 a  E" 2 86CoLe.153
15435.4880 0.02 0.02 5  0 0 0 0 0 7 7 a  E' 8365 0 0 0 0 0 0 7 7 s  E" 1 86CoLe.322
15436.3717 0.02 0.02 0  1 1 7 1 3 5 4 a  E' 6244 0 0 0 0 0 0 5 4 a  E" 2 86CoLe.235
15436.9832 0.02 0.02 0  2 3 2 3 2 7 7 a  E" 8411 0 0 0 0 0 0 7 7 a  E' 1 86CoLe.318
15436.0463 0.02 0.02 1  1 0 7 0 1 4 3 a A2' 2512 0 0 0 0 0 0 4 3 s A2" 1 86CoLe.168
15437.4286 0.02 0.02 1  4 0 5 0 1 3 1 a  E' 3992 0 0 0 0 0 0 3 1 s  E" 2  86CoLe.77
15437.9029 0.02 0.02 5  0 0 0 0 0 6 6 a A2" 3709 0 0 0 0 0 0 6 6 s A2' 1 86CoLe.291
15438.6448 0.02 0.02 0 10 1 0 1 0 7 7 s  E" 8414 0 0 0 0 0 0 7 7 a  E' 1 86CoLe.319
15438.7600 0.02 0.02 0 10 1 0 1 0 7 7 s  E" 8414 0 0 0 0 0 0 7 7 a  E' 1 86CoLe.320
15438.1880 0.02 0.02 0  5 1 4 1 4 6 6 a A2" 3710 0 0 0 0 0 0 6 6 s A2' 1 86CoLe.292
15439.3680 0.02 0.02 0  9 0 3 0 1 2 2 s  E' 2884 0 0 0 0 0 0 2 1 s  E" 2  86CoLe.42
15439.6200 0.02 0.02 4  0 1 0 1 0 5 5 a  E' 6202 0 0 0 0 0 0 5 5 s  E" 1 86CoLe.242
15439.7296 0.02 0.02 0  9 0 3 0 1 4 3 s A2" 2624 0 0 0 0 0 0 4 3 a A2' 1 86CoLe.167
15439.4781 0.02 0.02 1  1 1 5 1 3 4 3 a A2' 2515 0 0 0 0 0 0 4 3 s A2" 1 86CoLe.169
15440.5128 0.02 0.02 2  1 1 3 1 3 6 6 a A2' 3607 0 0 0 0 0 0 6 6 a A2" 1 86CoLe.289
15440.4308 0.02 0.02 5  0 0 0 0 0 5 5 a  E' 6205 0 0 0 0 0 0 5 5 s  E" 1 86CoLe.243
15440.6900 0.02 0.02 3  1 0 3 0 3 3 1 a A2" 1962 0 0 0 0 0 0 3 0 s A2' 2  86CoLe.67
15440.7467 0.02 0.02 2  3 1 2 1 2 6 6 s A2' 3608 0 0 0 0 0 0 6 6 a A2" 1 86CoLe.290
15440.4260 0.02 0.02 1  3 0 6 0 4 3 2 s  E" 4023 0 0 0 0 0 0 3 2 s  E' 1  86CoLe.92
15441.5525 0.02 0.02 0  1 1 7 1 3 2 1 a A2' 1375 0 0 0 0 0 0 2 0 a A2" 1  86CoLe.31
15441.4330 0.02 0.02 1  4 1 3 1 1 4 0 a  E' 5207 0 0 0 0 0 0 4 1 s  E" 3 86CoLe.139
15442.7090 0.02 0.02 5  0 0 0 0 0 4 4 a  E" 5094 0 0 0 0 0 0 4 4 s  E' 1 86CoLe.186
15442.5879 0.02 0.02 0  9 0 3 0 1 5 5 s  E" 6251 0 0 0 0 0 0 5 5 a  E' 1 86CoLe.241
15442.7729 0.02 0.02 0  4 0 7 0 3 3 2 a  E' 3986 0 0 0 0 0 0 3 2 a  E" 1  86CoLe.91
15442.9216 0.02 0.02 5  0 0 0 0 0 4 4 a  E" 5094 0 0 0 0 0 0 4 4 s  E' 1 86CoLe.187
15443.7120 0.02 0.02 2  1 2 1 0 1 3 0 s  E" 4045 0 0 0 0 0 0 3 1 a  E' 2  86CoLe.79
15443.4744 0.02 0.02 1  1 0 7 0 1 4 4 a  E" 5095 0 0 0 0 0 0 4 4 s  E' 1 86CoLe.188
15443.4190 0.02 0.02 2  1 2 1 0 1 3 0 s  E" 4045 0 0 0 0 0 0 3 1 a  E' 2  86CoLe.78
15444.9117 0.02 0.02 2  1 1 3 1 1 4 4 s  E' 5139 0 0 0 0 0 0 4 4 a  E" 1 86CoLe.185
15444.5607 0.02 0.02 1  3 1 4 1 2 4 4 s  E' 5138 0 0 0 0 0 0 4 4 a  E" 1 86CoLe.184
15444.5607 0.02 0.02 2  1 1 3 1 1 3 3 a A2' 2056 0 0 0 0 0 0 3 3 s A2" 1 86CoLe.112
15444.1648 0.02 0.02 1  4 1 3 1 1 2 1 a  E" 2851 0 0 0 0 0 0 2 1 a  E' 2  86CoLe.43
15446.5737 0.02 0.02 1  4 1 3 1 1 3 0 a  E' 4004 0 0 0 0 0 0 3 1 s  E" 2  86CoLe.80
15446.3160 0.02 0.02 1  1 2 3 0 3 2 2 s  E" 2842 0 0 0 0 0 0 2 2 s  E' 1  86CoLe.55
15446.9263 0.02 0.02 1  3 1 4 1 4 1 1 s A2"  807 0 0 0 0 0 0 1 0 s A2' 1   86CoLe.6
15446.6370 0.02 0.02 5  0 0 0 0 0 1 1 a  E' 1698 0 0 0 0 0 0 1 1 s  E" 1  86CoLe.13
15446.7880 0.02 0.02 0  1 1 7 1 5 3 3 s A2" 1949 0 0 0 0 0 0 3 3 a A2' 1 86CoLe.110
15447.5028 0.02 0.02 0  9 0 3 0 1 2 2 s  E' 2884 0 0 0 0 0 0 2 2 a  E" 1  86CoLe.54
15447.7738 0.02 0.02 1  4 0 5 0 1 3 1 a  E' 3992 0 0 0 0 0 0 3 2 a  E" 1  86CoLe.93
15447.3446 0.02 0.02 0  1 1 7 1 5 3 3 s A2" 1949 0 0 0 0 0 0 3 3 a A2' 1 86CoLe.111
15447.1130 0.02 0.02 1  1 2 3 0 3 2 0 s  E" 2854 0 0 0 0 0 0 2 1 a  E' 2  86CoLe.44
15448.5580 0.02 0.02 4  0 1 0 1 0 1 0 a  E" 1741 0 0 0 0 0 0 1 1 a  E' 1  86CoLe.14
15448.4810 0.02 0.02 4  0 1 0 1 0 1 1 a  E" 1741 0 0 0 0 0 0 1 1 a  E' 1  86CoLe.12
15449.5140 0.02 0.02 2  1 1 3 1 1 6 3 s  E" 7434 0 0 0 0 0 0 6 4 s  E' 2 86CoLe.274
15449.9880 0.02 0.02 0  8 2 0 0 0 1 0 s  E" 1742 0 0 0 0 0 0 1 1 a  E' 1  86CoLe.15
15450.3460 0.02 0.02 0  8 2 0 0 0 1 0 s  E" 1742 0 0 0 0 0 0 1 1 a  E' 1  86CoLe.16
15451.6093 0.02 0.02 2  1 0 5 0 1 4 2 s A2' 2525 0 0 0 0 0 0 4 3 s A2" 1 86CoLe.171
15451.7218 0.02 0.02 0  9 0 3 0 1 3 1 s  E" 4041 0 0 0 0 0 0 3 2 s  E' 1  86CoLe.96
15451.2560 0.02 0.02 0  9 0 3 0 1 1 0 s  E' 1701 0 0 0 0 0 0 1 1 s  E" 1  86CoLe.17
15452.5499 0.02 0.02 1  1 0 7 0 1 4 2 a A2" 2635 0 0 0 0 0 0 4 3 a A2' 1 86CoLe.170
15452.6242 0.02 0.02 1  4 1 3 1 1 3 1 a  E' 4000 0 0 0 0 0 0 3 2 a  E" 1  86CoLe.95
15453.7170 0.02 0.02 1  4 1 3 1 1 1 0 a  E' 1702 0 0 0 0 0 0 1 1 s  E" 1  86CoLe.18
15455.5781 0.02 0.02 4  0 1 0 1 0 2 1 s  E' 2893 0 0 0 0 0 0 2 2 a  E" 1  86CoLe.56
15456.3559 0.02 0.02 2  4 0 3 0 3 4 2 a A2' 2527 0 0 0 0 0 0 4 3 s A2" 1 86CoLe.172
15457.7650 0.02 0.02 2  4 0 3 0 3 4 2 a A2' 2527 0 0 0 0 0 0 4 3 s A2" 1 86CoLe.173
15459.7797 0.02 0.02 0  9 0 3 0 1 3 2 s A2" 1956 0 0 0 0 0 0 3 3 a A2' 1 86CoLe.113
15460.2538 0.02 0.02 1  3 1 4 1 2 3 2 s A2" 1957 0 0 0 0 0 0 3 3 a A2' 1 86CoLe.114
15462.7490 0.02 0.02 5  0 0 0 0 0 1 1 s A2'  918 0 0 0 0 0 0 0 0 a A2" 1   86CoLe.2
15462.8467 0.02 0.02 0  8 2 0 2 0 3 2 s A2' 2065 0 0 0 0 0 0 3 3 s A2" 1 86CoLe.115
15462.6180 0.02 0.02 5  0 0 0 0 0 1 1 s A2'  918 0 0 0 0 0 0 0 0 a A2" 1   86CoLe.1
15463.7458 0.02 0.02 0  1 1 7 1 5 4 3 a  E' 5162 0 0 0 0 0 0 4 4 a  E" 1 86CoLe.189
15464.1890 0.02 0.02 2  1 1 3 1 3 4 3 s  E' 5163 0 0 0 0 0 0 4 4 a  E" 1 86CoLe.190
15465.2949 0.02 0.02 0  8 2 0 0 0 1 1 s A2'  919 0 0 0 0 0 0 0 0 a A2" 1   86CoLe.3
15467.5863 0.02 0.02 1  1 2 3 0 1 4 3 a  E" 5122 0 0 0 0 0 0 4 4 s  E' 1 86CoLe.191
15468.2353 0.02 0.02 1  1 0 7 0 1 5 4 a  E" 6286 0 0 0 0 0 0 5 5 a  E' 1 86CoLe.244
15468.3535 0.02 0.02 0  8 2 0 0 0 1 0 s A2'  919 0 0 0 0 0 0 0 0 a A2" 1   86CoLe.4
15472.7086 0.02 0.02 1  7 1 1 1 1 6 5 s A2' 3633 0 0 0 0 0 0 6 6 a A2" 1 86CoLe.293
15472.4004 0.02 0.02 0  1 1 7 1 5 1 0 a A2'  920 0 0 0 0 0 0 0 0 a A2" 1   86CoLe.5
15472.1062 0.02 0.02 0  8 2 0 0 0 5 4 s  E' 6246 0 0 0 0 0 0 5 5 s  E" 1 86CoLe.245
15474.3858 0.02 0.02 1  1 2 3 0 3 2 2 s  E" 2842 0 0 0 0 0 0 1 1 a  E' 1  86CoLe.19
15475.5943 0.02 0.02 1  3 1 4 1 2 6 5 s A2" 3742 0 0 0 0 0 0 6 6 s A2' 1 86CoLe.294
15477.7892 0.02 0.02 0  9 0 3 0 1 2 2 s  E' 2884 0 0 0 0 0 0 1 1 s  E" 1  86CoLe.21
15477.5711 0.02 0.02 0  9 0 3 0 1 2 2 s  E' 2884 0 0 0 0 0 0 1 1 s  E" 1  86CoLe.20
15479.1377 0.02 0.02 0  9 0 3 0 1 2 2 s  E' 2884 0 0 0 0 0 0 1 1 s  E" 1  86CoLe.22
15482.0441 0.02 0.02 0  9 0 3 0 1 2 1 s A2" 1483 0 0 0 0 0 0 1 0 s A2' 1   86CoLe.7
15482.4430 0.02 0.02 1  7 0 3 0 3 2 1 s  E' 2889 0 0 0 0 0 0 1 1 s  E" 1  86CoLe.24
15482.4971 0.02 0.02 5  0 0 0 0 0 2 1 a A2" 1484 0 0 0 0 0 0 1 0 s A2' 1   86CoLe.8
15483.9286 0.02 0.02 1  4 1 3 1 1 2 1 a  E" 2851 0 0 0 0 0 0 1 1 a  E' 1  86CoLe.23
15483.2830 0.02 0.02 1  1 1 5 1 3 2 1 s A2" 1485 0 0 0 0 0 0 1 0 s A2' 1   86CoLe.9
15485.5605 0.02 0.02 1  3 0 6 0 4 3 3 s  E' 3968 0 0 0 0 0 0 2 2 a  E" 1  86CoLe.57
15486.5109 0.02 0.02 1  4 1 3 1 3 3 3 a  E' 3969 0 0 0 0 0 0 2 2 a  E" 1  86CoLe.58
15486.8545 0.02 0.02 1  1 2 3 0 3 2 0 s  E" 2854 0 0 0 0 0 0 1 1 a  E' 1  86CoLe.25
15488.9085 0.02 0.02 0  5 3 0 3 0 3 3 a  E" 4014 0 0 0 0 0 0 2 2 s  E' 1  86CoLe.59
15489.3181 0.02 0.02 0  5 3 0 3 0 3 3 a  E" 4014 0 0 0 0 0 0 2 2 s  E' 1  86CoLe.61
15489.1266 0.02 0.02 0  5 3 0 3 0 3 3 a  E" 4014 0 0 0 0 0 0 2 2 s  E' 1  86CoLe.60
15489.8186 0.02 0.02 1  4 1 3 1 3 3 2 a  E" 4026 0 0 0 0 0 0 2 1 a  E' 2  86CoLe.45
15493.4822 0.02 0.02 1  4 2 1 2 1 3 2 a  E' 3987 0 0 0 0 0 0 2 1 s  E" 2  86CoLe.46
15493.3511 0.02 0.02 1  4 1 3 1 1 3 1 a A2' 2069 0 0 0 0 0 0 2 0 a A2" 1  86CoLe.32
15494.4896 0.02 0.02 1  7 0 3 0 3 4 4 s A2" 2608 0 0 0 0 0 0 3 3 a A2' 1 86CoLe.116
15496.8896 0.02 0.02 1  1 0 7 0 1 4 4 a A2" 2610 0 0 0 0 0 0 3 3 a A2' 1 86CoLe.117
15497.1800 0.02 0.02 0  8 2 0 2 0 3 1 s  E' 3993 0 0 0 0 0 0 2 1 s  E" 2  86CoLe.49
15497.1374 0.02 0.02 1  1 0 7 0 1 4 4 a A2" 2610 0 0 0 0 0 0 3 3 a A2' 1 86CoLe.118
15498.7250 0.02 0.02 0  1 1 7 1 5 4 3 a  E' 5162 0 0 0 0 0 0 3 2 a  E" 1  86CoLe.97
15498.8849 0.02 0.02 0  1 1 7 1 5 4 3 a  E' 5162 0 0 0 0 0 0 3 2 a  E" 1  86CoLe.98
15498.1924 0.02 0.02 0  1 0 9 0 9 4 4 a A2' 2503 0 0 0 0 0 0 3 3 s A2" 1 86CoLe.119
15499.1661 0.02 0.02 2  1 1 3 1 3 4 3 s  E' 5163 0 0 0 0 0 0 3 2 a  E" 1  86CoLe.99
15499.4074 0.02 0.02 0  9 0 3 0 1 3 1 s  E" 4041 0 0 0 0 0 0 2 1 a  E' 2  86CoLe.47
15499.7588 0.02 0.02 0  1 0 9 0 9 4 4 a A2' 2503 0 0 0 0 0 0 3 3 s A2" 1 86CoLe.120
15499.4070 0.02 0.02 1  3 1 4 1 4 3 0 s A2' 2073 0 0 0 0 0 0 2 0 a A2" 1  86CoLe.33
15500.0500 0.02 0.02 2  1 1 3 1 3 4 3 s  E' 5163 0 0 0 0 0 0 3 2 a  E" 1 86CoLe.100
15500.5540 0.02 0.02 0  1 4 0 4 0 3 2 s  E" 4024 0 0 0 0 0 0 2 2 s  E' 1  86CoLe.63
15501.5260 0.02 0.02 1  1 0 7 0 5 3 0 a A2' 2075 0 0 0 0 0 0 2 0 a A2" 1  86CoLe.34
15501.2346 0.02 0.02 1  3 0 6 0 4 4 4 s A2' 2504 0 0 0 0 0 0 3 3 s A2" 1 86CoLe.121
15501.9569 0.02 0.02 1  1 2 3 0 1 4 3 a  E" 5122 0 0 0 0 0 0 3 2 s  E' 1 86CoLe.101
15502.8848 0.02 0.02 1  1 1 5 1 3 4 2 a  E" 5140 0 0 0 0 0 0 3 1 a  E' 2  86CoLe.81
15502.3745 0.02 0.02 0  4 0 7 0 3 3 2 a  E' 3986 0 0 0 0 0 0 2 2 a  E" 1  86CoLe.62
15502.5237 0.02 0.02 1  1 2 3 0 1 4 3 a  E" 5122 0 0 0 0 0 0 3 2 s  E' 1 86CoLe.102
15503.5600 0.02 0.02 0  8 2 0 2 0 4 3 s  E" 5123 0 0 0 0 0 0 3 2 s  E' 1 86CoLe.104
15503.7000 0.02 0.02 2  1 2 1 0 1 3 1 s  E" 4045 0 0 0 0 0 0 2 1 a  E' 2  86CoLe.48
15503.1353 0.02 0.02 1  1 2 3 0 1 4 3 a  E" 5122 0 0 0 0 0 0 3 2 s  E' 1 86CoLe.103
15506.1773 0.02 0.02 1  4 1 3 1 1 3 0 a  E' 4004 0 0 0 0 0 0 2 1 s  E" 2  86CoLe.50
15506.8784 0.02 0.02 1  1 2 3 0 3 4 2 s  E' 5188 0 0 0 0 0 0 3 1 s  E" 2  86CoLe.82
15506.4178 0.02 0.02 2  1 1 3 1 1 5 5 s  E' 6206 0 0 0 0 0 0 4 4 a  E" 1 86CoLe.192
15507.7140 0.02 0.02 1  1 1 5 1 3 5 4 s A2' 3183 0 0 0 0 0 0 4 3 s A2" 1 86CoLe.175
15508.2030 0.02 0.02 3  1 0 3 0 3 5 4 a A2" 3079 0 0 0 0 0 0 4 3 a A2' 1 86CoLe.174
15508.6480 0.02 0.02 1  1 1 5 1 3 5 4 s A2' 3183 0 0 0 0 0 0 4 3 s A2" 1 86CoLe.176
15508.3310 0.02 0.02 1  1 1 5 1 1 4 0 a A2" 2639 0 0 0 0 0 0 3 0 s A2' 2  86CoLe.69
15510.1950 0.02 0.02 2  1 1 3 1 1 5 3 s  E' 6275 0 0 0 0 0 0 4 2 a  E" 2 86CoLe.155
15510.5519 0.02 0.02 0  1 1 7 1 3 4 2 a  E' 5194 0 0 0 0 0 0 3 1 s  E" 2  86CoLe.83
15510.3190 0.02 0.02 3  1 0 3 0 1 5 5 a  E" 6252 0 0 0 0 0 0 4 4 s  E' 1 86CoLe.193
15512.5023 0.02 0.02 1  3 0 6 0 4 4 2 s  E" 5137 0 0 0 0 0 0 3 2 s  E' 1 86CoLe.107
15512.6524 0.02 0.02 0  1 4 0 4 0 5 4 s A2' 3188 0 0 0 0 0 0 4 3 s A2" 1 86CoLe.177
15514.8477 0.02 0.02 1  3 2 2 2 2 4 2 s  E' 5184 0 0 0 0 0 0 3 2 a  E" 1 86CoLe.105
15514.5090 0.02 0.02 2  1 1 3 1 3 4 1 a A2" 2643 0 0 0 0 0 0 3 0 s A2' 2  86CoLe.68
15515.8215 0.02 0.02 1  4 1 3 1 1 6 5 a  E' 7389 0 0 0 0 0 0 5 4 a  E" 2 86CoLe.236
15515.5150 0.02 0.02 1  1 0 7 0 1 4 3 a A2' 2512 0 0 0 0 0 0 3 3 s A2" 1 86CoLe.123
15515.1096 0.02 0.02 4  0 1 0 1 0 6 6 a  E" 7288 0 0 0 0 0 0 5 5 a  E' 1 86CoLe.246
15516.6653 0.02 0.02 0  8 2 0 0 0 6 5 s  E' 7390 0 0 0 0 0 0 5 4 a  E" 2 86CoLe.237
15516.4559 0.02 0.02 2  3 1 2 1 2 6 6 s  E" 7290 0 0 0 0 0 0 5 5 a  E' 1 86CoLe.247
15517.1956 0.02 0.02 1  1 2 3 0 3 4 2 s  E' 5188 0 0 0 0 0 0 3 2 a  E" 1 86CoLe.106
15517.0559 0.02 0.02 0  8 2 0 2 0 5 1 s A2' 3218 0 0 0 0 0 0 4 0 a A2" 2 86CoLe.130
15517.1950 0.02 0.02 1  4 1 3 1 1 6 4 a A2" 3762 0 0 0 0 0 0 5 3 a A2' 1 86CoLe.224
15517.4310 0.02 0.02 2  3 1 2 1 2 6 6 s  E" 7291 0 0 0 0 0 0 5 5 a  E' 1 86CoLe.248
15518.6780 0.02 0.02 0  3 1 6 1 2 6 4 s A2" 3764 0 0 0 0 0 0 5 3 a A2' 1 86CoLe.225
15518.7358 0.02 0.02 1  1 1 5 1 3 4 3 a A2' 2515 0 0 0 0 0 0 3 3 s A2" 1 86CoLe.124
15519.1547 0.02 0.02 0  9 0 3 0 1 4 3 s A2" 2624 0 0 0 0 0 0 3 3 a A2' 1 86CoLe.122
15520.9280 0.02 0.02 0  3 2 4 2 4 6 4 s A2' 3656 0 0 0 0 0 0 5 3 s A2" 1 86CoLe.226
15520.4183 0.02 0.02 3  1 0 3 0 3 6 5 a  E" 7350 0 0 0 0 0 0 5 4 s  E' 2 86CoLe.238
15520.8081 0.02 0.02 1  4 1 3 1 1 4 0 a  E' 5207 0 0 0 0 0 0 3 1 s  E" 2  86CoLe.84
15520.0786 0.02 0.02 1  7 0 3 0 3 6 6 s  E' 7341 0 0 0 0 0 0 5 5 s  E" 1 86CoLe.249
15520.7111 0.02 0.02 1  4 1 3 1 3 6 6 a  E' 7342 0 0 0 0 0 0 5 5 s  E" 1 86CoLe.250
15522.1904 0.02 0.02 2  1 0 5 0 1 5 1 s A2' 3222 0 0 0 0 0 0 4 0 a A2" 2 86CoLe.132
15522.6720 0.02 0.02 0  1 1 7 1 7 6 4 s A2' 3657 0 0 0 0 0 0 5 3 s A2" 1 86CoLe.227
15524.0720 0.02 0.02 2  1 1 3 1 1 6 3 s  E" 7434 0 0 0 0 0 0 5 2 s  E' 3 86CoLe.206
15525.8774 0.02 0.02 0  9 0 3 0 1 7 6 s  E" 8486 0 0 0 0 0 0 6 5 a  E' 1 86CoLe.282
15526.0547 0.02 0.02 0  9 0 3 0 1 7 6 s  E" 8486 0 0 0 0 0 0 6 5 a  E' 1 86CoLe.283
15526.5206 0.02 0.02 1  4 1 3 1 3 7 7 a A2' 4249 0 0 0 0 0 0 6 6 a A2" 1 86CoLe.295
15527.1270 0.02 0.02 1  3 2 2 2 2 7 4 s A2" 4241 0 0 0 0 0 0 6 3 a A2' 2 86CoLe.269
15528.6962 0.02 0.02 5  0 0 0 0 0 5 3 a A2' 3202 0 0 0 0 0 0 4 3 s A2" 1 86CoLe.180
15529.0587 0.02 0.02 2  1 1 3 1 1 7 6 a  E' 8446 0 0 0 0 0 0 6 5 s  E" 1 86CoLe.284
15529.5625 0.02 0.02 0  8 2 0 0 0 7 6 s  E' 8447 0 0 0 0 0 0 6 5 s  E" 1 86CoLe.285
15529.6611 0.02 0.02 0  9 0 3 0 1 7 7 s A2" 4145 0 0 0 0 0 0 6 6 s A2' 1 86CoLe.296
15530.3452 0.02 0.02 0  5 3 0 3 0 7 7 a A2" 4146 0 0 0 0 0 0 6 6 s A2' 1 86CoLe.297
15530.7000 0.02 0.02 1  1 2 3 0 3 5 3 s A2" 3095 0 0 0 0 0 0 4 3 a A2' 1 86CoLe.178
15530.7484 0.02 0.02 0  1 4 0 2 0 7 7 s A2" 4147 0 0 0 0 0 0 6 6 s A2' 1 86CoLe.298
15531.3630 0.02 0.02 0  1 1 7 1 1 5 3 s A2" 3096 0 0 0 0 0 0 4 3 a A2' 1 86CoLe.179
15532.0670 0.02 0.02 0  8 0 4 0 4 6 0 s A2" 3808 0 0 0 0 0 0 5 0 s A2' 2 86CoLe.198
15534.9440 0.02 0.02 0  8 2 0 0 0 8 7 s A2' 4716 0 0 0 0 0 0 7 6 a A2" 1 86CoLe.317
15535.6126 0.02 0.02 0  1 1 7 1 3 5 4 a  E' 6244 0 0 0 0 0 0 4 4 a  E" 1 86CoLe.194
15539.0020 0.02 0.02 1  1 1 5 1 3 6 1 s A2" 3818 0 0 0 0 0 0 5 0 s A2' 2 86CoLe.197
15539.9290 0.02 0.02 0  8 1 2 1 2 6 2 s  E' 7519 0 0 0 0 0 0 5 2 a  E" 3 86CoLe.207
15540.3820 0.02 0.02 0  9 0 3 0 1 8 6 s  E' 9665 0 0 0 0 0 0 7 5 s  E" 2 86CoLe.313
15541.0300 0.02 0.02 3  1 0 3 0 3 6 3 a A2" 3785 0 0 0 0 0 0 5 3 a A2' 1 86CoLe.228
15549.4548 0.02 0.02 5  0 0 0 0 0 6 5 a  E' 7387 0 0 0 0 0 0 5 5 s  E" 1 86CoLe.252
15549.1762 0.02 0.02 0  8 1 2 1 0 7 3 s A2" 4267 0 0 0 0 0 0 6 3 a A2' 2 86CoLe.270
15552.5081 0.02 0.02 0  8 2 0 2 0 6 5 s  E" 7349 0 0 0 0 0 0 5 5 a  E' 1 86CoLe.251