12493.8116 0.04 0.04 1 0 3 0 1 0 5 4 s A2' 1425 0 0 0 0 0 0 6 0 a A2" 3   21ZoBeVaCi.1
12494.7129 0.04 0.04 2 1 2 0 2 0 6 2 a A2" 1678 0 0 0 0 0 0 7 3 a A2' 2   21ZoBeVaCi.2
12498.4891 0.04 0.04 3 0 1 0 1 0 4 4 s A2' 1082 0 0 0 0 0 0 5 3 s A2" 1   21ZoBeVaCi.3
12501.8861 0.04 0.04 3 0 1 0 1 0 6 1 s A2" 1682 0 0 0 0 0 0 7 3 a A2' 2   21ZoBeVaCi.4
12502.4697 0.04 0.04 3 0 1 0 1 0 4 3 s  E" 2233 0 0 0 0 0 0 5 2 s  E' 3   21ZoBeVaCi.5
12505.2022 0.04 0.04 3 1 1 0 1 0 4 4 a A2" 1146 0 0 0 0 0 0 5 3 a A2' 1   21ZoBeVaCi.6
12512.9248 0.04 0.04 2 0 2 0 2 0 6 4 s  E' 3255 0 0 0 0 0 0 7 5 s  E" 2   21ZoBeVaCi.7
12513.0662 0.04 0.04 3 0 1 0 1 0 4 2 s  E' 2270 0 0 0 0 0 0 5 1 s  E" 4   21ZoBeVaCi.8
12514.6801 0.04 0.04 2 0 2 0 2 0 5 2 s A2' 1417 0 0 0 0 0 0 6 3 s A2" 2   21ZoBeVaCi.9
12517.0774 0.04 0.04 3 0 1 0 1 0 4 1 s A2" 1166 0 0 0 0 0 0 5 0 s A2' 2  21ZoBeVaCi.10
12525.4298 0.04 0.04 1 0 3 0 3 0 6 6 s A2' 1572 0 0 0 0 0 0 7 6 a A2" 1  21ZoBeVaCi.11
12526.5665 0.04 0.04 0 1 4 0 2 0 5 2 a A2" 1360 0 0 0 0 0 0 6 3 a A2' 2  21ZoBeVaCi.12
12527.3718 0.04 0.04 1 0 3 0 1 0 5 4 s A2' 1425 0 0 0 0 0 0 6 3 s A2" 2  21ZoBeVaCi.13
12527.6903 0.04 0.04 3 0 1 0 1 0 5 3 s  E" 2771 0 0 0 0 0 0 6 4 s  E' 2  21ZoBeVaCi.14
12528.2473 0.04 0.04 2 0 2 0 2 0 5 3 s  E" 2775 0 0 0 0 0 0 6 4 s  E' 2  21ZoBeVaCi.15
12528.2473 0.04 0.04 4 1 0 0 0 0 4 3 a A2' 1088 0 0 0 0 0 0 5 3 s A2" 1  21ZoBeVaCi.16
12529.2320 0.04 0.04 4 0 0 0 0 0 4 1 s  E" 2258 0 0 0 0 0 0 4 2 s  E' 2  21ZoBeVaCi.17
12529.8802 0.04 0.04 0 1 4 0 2 0 6 5 a A2' 1578 0 0 0 0 0 0 7 6 a A2" 1  21ZoBeVaCi.18
12529.8802 0.04 0.04 2 1 2 0 0 0 4 0 a A2" 1172 0 0 0 0 0 0 5 0 s A2' 2  21ZoBeVaCi.19
12530.2806 0.04 0.04 1 0 3 0 1 0 4 0 s  E' 2291 0 0 0 0 0 0 5 1 s  E" 4  21ZoBeVaCi.20
12530.9789 0.04 0.04 3 0 1 0 1 0 4 0 s  E' 2290 0 0 0 0 0 0 5 1 s  E" 4  21ZoBeVaCi.21
12530.9789 0.04 0.04 4 1 0 0 0 0 4 1 a  E' 2284 0 0 0 0 0 0 5 2 a  E" 3  21ZoBeVaCi.22
12532.0186 0.04 0.04 3 1 1 0 1 0 3 3 a  E' 1730 0 0 0 0 0 0 4 2 a  E" 2  21ZoBeVaCi.23
12532.9106 0.04 0.04 4 0 0 0 0 0 5 0 s A2' 1428 0 0 0 0 0 0 6 3 s A2" 2  21ZoBeVaCi.24
12533.9151 0.04 0.04 3 1 1 0 1 0 4 0 a  E" 2268 0 0 0 0 0 0 5 1 a  E' 4  21ZoBeVaCi.25
12539.6971 0.04 0.04 2 0 2 0 2 0 3 2 s  E' 1740 0 0 0 0 0 0 4 1 s  E" 3  21ZoBeVaCi.26
12540.4619 0.04 0.04 1 0 3 0 1 0 5 5 s  E" 2751 0 0 0 0 0 0 6 5 a  E' 1  21ZoBeVaCi.27
12541.3243 0.04 0.04 3 1 1 0 1 0 3 2 a  E" 1769 0 0 0 0 0 0 4 1 a  E' 3  21ZoBeVaCi.28
12541.3243 0.04 0.04 3 0 1 0 1 0 4 0 s  E' 2290 0 0 0 0 0 0 5 2 a  E" 3  21ZoBeVaCi.29
12541.5738 0.04 0.04 2 0 2 0 2 0 4 1 s  E" 2262 0 0 0 0 0 0 5 2 s  E' 3  21ZoBeVaCi.30
12541.8348 0.04 0.04 1 0 3 0 1 0 4 4 s A2' 1096 0 0 0 0 0 0 5 3 s A2" 1  21ZoBeVaCi.31
12542.0723 0.04 0.04 2 0 2 0 2 0 5 5 s A2" 1318 0 0 0 0 0 0 6 6 s A2' 1  21ZoBeVaCi.32
12543.8641 0.04 0.04 3 1 1 0 1 0 3 1 a A2'  921 0 0 0 0 0 0 4 0 a A2" 2  21ZoBeVaCi.33
12544.2233 0.04 0.04 2 0 2 0 2 0 4 2 s A2' 1100 0 0 0 0 0 0 5 3 s A2" 1  21ZoBeVaCi.34
12544.7375 0.04 0.04 2 1 2 0 2 0 4 2 a A2" 1163 0 0 0 0 0 0 5 3 a A2' 1  21ZoBeVaCi.35
12544.9119 0.04 0.04 2 1 2 0 2 0 3 1 a A2'  921 0 0 0 0 0 0 4 0 a A2" 2  21ZoBeVaCi.36
12548.6938 0.04 0.04 3 0 1 0 1 0 4 3 s  E" 2234 0 0 0 0 0 0 5 4 s  E' 2  21ZoBeVaCi.37
12548.9422 0.04 0.04 0 1 4 0 2 0 4 4 a A2" 1165 0 0 0 0 0 0 5 3 a A2' 1  21ZoBeVaCi.38
12549.4751 0.04 0.04 3 0 1 0 1 0 4 1 s A2" 1166 0 0 0 0 0 0 5 3 a A2' 1  21ZoBeVaCi.39
12550.1392 0.04 0.04 3 0 1 0 1 0 3 0 s  E' 1752 0 0 0 0 0 0 4 1 s  E" 3  21ZoBeVaCi.40
12551.4424 0.04 0.04 3 0 1 0 1 0 3 1 s  E" 1773 0 0 0 0 0 0 4 2 s  E' 2  21ZoBeVaCi.41
12552.8441 0.04 0.04 3 0 1 0 1 0 2 2 s  E' 1263 0 0 0 0 0 0 3 1 s  E" 2  21ZoBeVaCi.42
12554.5157 0.04 0.04 3 1 1 0 1 0 3 0 a  E" 1781 0 0 0 0 0 0 4 1 a  E' 3  21ZoBeVaCi.43
12554.7953 0.04 0.04 3 1 1 0 1 0 4 3 a  E' 2263 0 0 0 0 0 0 5 4 a  E" 2  21ZoBeVaCi.44
12555.0074 0.04 0.04 4 1 0 0 0 0 3 1 a  E' 1750 0 0 0 0 0 0 4 2 a  E" 2  21ZoBeVaCi.45
12559.2917 0.04 0.04 3 0 1 0 1 0 2 1 s A2"  656 0 0 0 0 0 0 3 0 s A2' 2  21ZoBeVaCi.46
12559.4082 0.04 0.04 3 0 1 0 1 0 7 7 s A2" 1777 0 0 0 0 0 0 7 6 s A2' 1  21ZoBeVaCi.47
12562.1034 0.04 0.04 3 0 1 0 1 0 3 2 s A2'  914 0 0 0 0 0 0 4 3 s A2" 1  21ZoBeVaCi.48
12562.8331 0.04 0.04 0 1 4 0 2 0 3 1 a  E' 1753 0 0 0 0 0 0 4 2 a  E" 2  21ZoBeVaCi.49
12565.8946 0.04 0.04 2 1 2 0 2 0 4 4 a  E" 2221 0 0 0 0 0 0 5 5 a  E' 1  21ZoBeVaCi.50
12566.6420 0.04 0.04 2 1 2 0 2 0 2 2 a  E" 1243 0 0 0 0 0 0 3 1 a  E' 2  21ZoBeVaCi.51
12569.6868 0.04 0.04 2 1 2 0 2 0 3 2 a A2"  851 0 0 0 0 0 0 4 3 a A2' 1  21ZoBeVaCi.52
12570.0277 0.04 0.04 2 1 2 0 2 0 7 7 a A2' 1844 0 0 0 0 0 0 7 6 a A2" 1  21ZoBeVaCi.53
12570.1614 0.04 0.04 3 0 1 0 1 0 7 6 s  E' 3659 0 0 0 0 0 0 7 5 s  E" 2  21ZoBeVaCi.54
12573.5312 0.04 0.04 4 0 0 0 0 0 4 1 s  E" 2258 0 0 0 0 0 0 5 4 s  E' 2  21ZoBeVaCi.55
12573.8122 0.04 0.04 2 0 2 0 2 0 3 3 s  E" 1783 0 0 0 0 0 0 4 2 s  E' 2  21ZoBeVaCi.56
12574.6835 0.04 0.04 3 0 1 0 1 0 5 4 s A2' 1398 0 0 0 0 0 0 6 6 a A2" 1  21ZoBeVaCi.57
12575.5739 0.04 0.04 3 0 1 0 1 0 3 3 s  E" 1751 0 0 0 0 0 0 4 4 s  E' 1  21ZoBeVaCi.58
12575.5739 0.04 0.04 3 1 1 0 1 0 3 3 a  E" 1751 0 0 0 0 0 0 4 4 s  E' 1  21ZoBeVaCi.59
12576.3347 0.04 0.04 2 0 2 0 0 0 6 3 s A2" 1663 0 0 0 0 0 0 7 6 s A2' 1  21ZoBeVaCi.60
12576.7879 0.04 0.04 3 0 1 0 1 0 6 6 s  E' 3169 0 0 0 0 0 0 6 5 s  E" 1  21ZoBeVaCi.61
12576.7879 0.04 0.04 4 0 0 0 0 0 2 1 s  E" 1246 0 0 0 0 0 0 3 2 s  E' 1  21ZoBeVaCi.62
12577.1406 0.04 0.04 2 0 2 0 2 0 2 1 s  E" 1247 0 0 0 0 0 0 3 2 s  E' 1  21ZoBeVaCi.63
12577.4652 0.04 0.04 2 0 2 0 2 0 3 1 s A2"  854 0 0 0 0 0 0 4 3 a A2' 1  21ZoBeVaCi.64
12577.8453 0.04 0.04 3 1 1 0 1 0 3 1 a A2'  921 0 0 0 0 0 0 4 3 s A2" 1  21ZoBeVaCi.65
12577.8453 0.04 0.04 1 0 3 0 1 0 7 5 s  E" 3729 0 0 0 0 0 0 7 4 s  E' 3  21ZoBeVaCi.66
12578.8616 0.04 0.04 2 1 2 0 2 0 3 1 a A2'  921 0 0 0 0 0 0 4 3 s A2" 1  21ZoBeVaCi.67
12579.3270 0.04 0.04 3 0 1 0 1 0 4 3 s  E" 2233 0 0 0 0 0 0 5 5 a  E' 1  21ZoBeVaCi.68
12582.6268 0.04 0.04 2 1 2 0 2 0 2 1 a  E' 1274 0 0 0 0 0 0 3 2 a  E" 1  21ZoBeVaCi.69
12584.7184 0.04 0.04 3 0 1 0 1 0 6 5 s  E" 3188 0 0 0 0 0 0 6 4 s  E' 2  21ZoBeVaCi.70
12584.7184 0.04 0.04 3 1 1 0 1 0 7 5 a  E' 3710 0 0 0 0 0 0 7 4 a  E" 3  21ZoBeVaCi.71
12585.0767 0.04 0.04 1 0 3 0 1 0 4 1 s A2" 1190 0 0 0 0 0 0 5 0 s A2' 2  21ZoBeVaCi.72
12585.4879 0.04 0.04 2 0 2 0 2 0 2 2 s A2'  589 0 0 0 0 0 0 3 3 s A2" 1  21ZoBeVaCi.73
12586.5685 0.04 0.04 3 0 1 0 1 0 6 4 s A2' 1585 0 0 0 0 0 0 6 3 s A2" 2  21ZoBeVaCi.74
12586.7072 0.04 0.04 3 0 1 0 1 0 5 5 s  E" 2712 0 0 0 0 0 0 5 4 s  E' 2  21ZoBeVaCi.75
12588.2265 0.04 0.04 3 0 1 0 1 0 1 0 s  E'  741 0 0 0 0 0 0 2 1 s  E" 2  21ZoBeVaCi.76
12588.7337 0.04 0.04 3 1 1 0 1 0 2 2 a A2"  653 0 0 0 0 0 0 3 3 a A2' 1  21ZoBeVaCi.77
12588.8813 0.04 0.04 0 0 4 0 4 0 6 5 s  E" 3195 0 0 0 0 0 0 6 4 s  E' 2  21ZoBeVaCi.78
12589.6917 0.04 0.04 2 1 2 0 2 0 1 1 a A2'  413 0 0 0 0 0 0 2 0 a A2" 1  21ZoBeVaCi.79
12591.8613 0.04 0.04 3 0 1 0 1 0 2 1 s A2"  656 0 0 0 0 0 0 3 3 a A2' 1  21ZoBeVaCi.80
12592.1814 0.04 0.04 2 0 2 0 0 0 3 3 s A2"  858 0 0 0 0 0 0 4 3 a A2' 1  21ZoBeVaCi.81
12594.5613 0.04 0.04 3 0 1 0 1 0 5 4 s A2' 1398 0 0 0 0 0 0 5 3 s A2" 1  21ZoBeVaCi.82
12596.4004 0.04 0.04 2 1 2 0 2 0 5 5 a  E' 2698 0 0 0 0 0 0 5 4 a  E" 2  21ZoBeVaCi.83
12596.4004 0.04 0.04 4 0 0 0 0 0 5 3 s A2" 1343 0 0 0 0 0 0 6 6 s A2' 1  21ZoBeVaCi.84
12597.4424 0.04 0.04 1 0 3 0 1 0 6 4 s A2' 1591 0 0 0 0 0 0 6 3 s A2" 2  21ZoBeVaCi.85
12597.6826 0.04 0.04 3 0 1 0 1 0 4 4 s A2' 1082 0 0 0 0 0 0 4 3 s A2" 1  21ZoBeVaCi.86
12599.9647 0.04 0.04 3 1 1 0 1 0 5 4 a A2" 1334 0 0 0 0 0 0 5 3 a A2' 1  21ZoBeVaCi.87
12600.1949 0.04 0.04 2 0 2 0 2 0 7 7 s A2" 1801 0 0 0 0 0 0 7 6 s A2' 1  21ZoBeVaCi.88
12601.2731 0.04 0.04 2 0 1 2 1 2 5 5 s A2" 1345 0 0 0 0 0 0 6 6 s A2' 1  21ZoBeVaCi.89
12601.7878 0.04 0.04 4 1 0 0 0 0 1 1 a  E'  740 0 0 0 0 0 0 2 2 a  E" 1  21ZoBeVaCi.90
12602.3409 0.04 0.04 3 0 1 0 1 0 5 3 s  E" 2771 0 0 0 0 0 0 5 2 s  E' 3  21ZoBeVaCi.91
12602.5221 0.04 0.04 2 0 2 0 2 0 1 1 s  E"  765 0 0 0 0 0 0 2 2 s  E' 1  21ZoBeVaCi.92
12602.8927 0.04 0.04 2 0 2 0 2 0 5 3 s  E" 2775 0 0 0 0 0 0 5 2 s  E' 3  21ZoBeVaCi.93
12603.9720 0.04 0.04 3 0 1 0 1 0 3 3 s  E" 1750 0 0 0 0 0 0 3 2 s  E' 1  21ZoBeVaCi.94
12604.3490 0.04 0.04 3 1 1 0 1 0 4 4 a A2" 1146 0 0 0 0 0 0 4 3 a A2' 1  21ZoBeVaCi.95
12606.1471 0.04 0.04 0 0 4 0 2 0 4 4 s A2' 1096 0 0 0 0 0 0 4 0 a A2" 2  21ZoBeVaCi.96
12607.0414 0.04 0.04 1 0 3 0 1 0 4 4 s A2' 1096 0 0 0 0 0 0 4 0 a A2" 2  21ZoBeVaCi.97
12607.0414 0.04 0.04 2 1 2 0 2 0 5 3 a  E' 2752 0 0 0 0 0 0 5 2 a  E" 3  21ZoBeVaCi.98
12611.3898 0.04 0.04 3 1 1 0 1 0 3 3 a  E' 1730 0 0 0 0 0 0 3 2 a  E" 1  21ZoBeVaCi.99
12612.1270 0.04 0.04 3 0 1 0 1 0 4 2 s  E' 2270 0 0 0 0 0 0 4 1 s  E" 3 21ZoBeVaCi.100
12612.4579 0.04 0.04 3 0 1 0 1 0 2 2 s  E' 1263 0 0 0 0 0 0 2 1 s  E" 2 21ZoBeVaCi.101
12612.6121 0.04 0.04 0 1 4 0 2 0 5 2 a A2" 1360 0 0 0 0 0 0 5 0 s A2' 2 21ZoBeVaCi.102
12612.6595 0.04 0.04 3 0 1 0 1 0 7 2 s A2' 1932 0 0 0 0 0 0 7 3 s A2" 2 21ZoBeVaCi.103
12614.7472 0.04 0.04 4 0 0 0 0 0 5 3 s A2" 1343 0 0 0 0 0 0 5 3 a A2' 1 21ZoBeVaCi.104
12614.9672 0.04 0.04 1 0 3 0 1 0 2 1 s A2"  667 0 0 0 0 0 0 3 0 s A2' 2 21ZoBeVaCi.105
12616.2815 0.04 0.04 1 0 3 0 1 0 4 3 s  E" 2289 0 0 0 0 0 0 5 4 s  E' 2 21ZoBeVaCi.106
12619.0564 0.04 0.04 2 0 2 0 2 0 3 2 s  E' 1740 0 0 0 0 0 0 3 1 s  E" 2 21ZoBeVaCi.107
12619.6707 0.04 0.04 3 0 1 0 1 0 1 1 s A2"  346 0 0 0 0 0 0 1 0 s A2' 1 21ZoBeVaCi.108
12619.6707 0.04 0.04 4 1 0 0 0 0 4 1 a  E' 2284 0 0 0 0 0 0 4 1 s  E" 3 21ZoBeVaCi.109
12620.6589 0.04 0.04 3 1 1 0 1 0 3 2 a  E" 1769 0 0 0 0 0 0 3 1 a  E' 2 21ZoBeVaCi.110
12621.1494 0.04 0.04 4 0 0 0 0 0 4 3 s A2" 1150 0 0 0 0 0 0 4 3 a A2' 1 21ZoBeVaCi.111
12621.2790 0.04 0.04 3 0 1 0 1 0 5 1 s A2" 1364 0 0 0 0 0 0 5 0 s A2' 2 21ZoBeVaCi.112
12624.3138 0.04 0.04 2 0 2 0 2 0 3 1 s A2"  854 0 0 0 0 0 0 3 0 s A2' 2 21ZoBeVaCi.113
12626.2083 0.04 0.04 2 1 2 0 2 0 2 2 a  E" 1243 0 0 0 0 0 0 2 1 a  E' 2 21ZoBeVaCi.114
12626.9574 0.04 0.04 1 0 3 0 1 0 5 5 s  E" 2751 0 0 0 0 0 0 5 4 s  E' 2 21ZoBeVaCi.115
12627.2536 0.04 0.04 0 0 4 0 4 0 3 2 s A2'  932 0 0 0 0 0 0 4 3 s A2" 1 21ZoBeVaCi.116
12627.4334 0.04 0.04 4 1 0 0 0 0 4 3 a A2' 1088 0 0 0 0 0 0 4 3 s A2" 1 21ZoBeVaCi.117
12627.9892 0.04 0.04 3 0 1 0 1 0 1 0 s  E'  741 0 0 0 0 0 0 1 1 s  E" 1 21ZoBeVaCi.118
12628.1534 0.04 0.04 0 1 4 0 4 0 5 4 a A2" 1365 0 0 0 0 0 0 5 0 s A2' 2 21ZoBeVaCi.119
12628.2032 0.04 0.04 1 1 3 0 1 0 2 1 a A2'  594 0 0 0 0 0 0 2 0 a A2" 1 21ZoBeVaCi.120
12629.2564 0.04 0.04 3 0 1 0 1 0 5 0 s  E' 2785 0 0 0 0 0 0 5 1 s  E" 4 21ZoBeVaCi.121
12629.3484 0.04 0.04 1 0 3 0 1 0 4 0 s  E' 2291 0 0 0 0 0 0 4 1 s  E" 3 21ZoBeVaCi.122
12629.5090 0.04 0.04 3 0 1 0 1 0 3 0 s  E' 1752 0 0 0 0 0 0 3 1 s  E" 2 21ZoBeVaCi.123
12630.0294 0.04 0.04 3 0 1 0 1 0 4 0 s  E' 2290 0 0 0 0 0 0 4 1 s  E" 3 21ZoBeVaCi.124
12630.0294 0.04 0.04 4 1 0 0 0 0 4 1 a  E' 2284 0 0 0 0 0 0 4 2 a  E" 2 21ZoBeVaCi.125
12630.8542 0.04 0.04 3 0 1 0 1 0 3 1 s  E" 1773 0 0 0 0 0 0 3 2 s  E' 1 21ZoBeVaCi.126
12631.2077 0.04 0.04 4 1 0 0 0 0 1 1 a  E'  740 0 0 0 0 0 0 1 1 s  E" 1 21ZoBeVaCi.127
12631.8546 0.04 0.04 0 1 4 0 2 0 3 1 a  E' 1753 0 0 0 0 0 0 3 1 s  E" 2 21ZoBeVaCi.128
12632.9224 0.04 0.04 3 1 1 0 1 0 4 0 a  E" 2268 0 0 0 0 0 0 4 1 a  E' 3 21ZoBeVaCi.129
12632.9553 0.04 0.04 2 1 2 0 2 0 6 2 a A2" 1678 0 0 0 0 0 0 6 3 a A2' 2 21ZoBeVaCi.130
12633.4808 0.04 0.04 2 0 2 0 2 0 5 2 s A2' 1417 0 0 0 0 0 0 5 3 s A2" 1 21ZoBeVaCi.131
12633.8481 0.04 0.04 3 1 1 0 1 0 3 0 a  E" 1781 0 0 0 0 0 0 3 1 a  E' 2 21ZoBeVaCi.132
12634.3858 0.04 0.04 4 1 0 0 0 0 3 1 a  E' 1750 0 0 0 0 0 0 3 2 a  E" 1 21ZoBeVaCi.133
12636.4138 0.04 0.04 0 1 4 0 4 0 5 5 a  E' 2735 0 0 0 0 0 0 5 4 a  E" 2 21ZoBeVaCi.134
12636.4138 0.04 0.04 4 0 0 0 0 0 2 1 s  E" 1246 0 0 0 0 0 0 2 2 s  E' 1 21ZoBeVaCi.135
12636.7732 0.04 0.04 2 0 2 0 2 0 2 1 s  E" 1247 0 0 0 0 0 0 2 2 s  E' 1 21ZoBeVaCi.136
12639.0446 0.04 0.04 2 0 2 0 0 0 3 3 s A2"  858 0 0 0 0 0 0 3 0 s A2' 2 21ZoBeVaCi.137
12639.6894 0.04 0.04 1 0 3 0 1 0 4 0 s  E' 2291 0 0 0 0 0 0 4 2 a  E" 2 21ZoBeVaCi.138
12640.1285 0.04 0.04 0 0 4 0 2 0 4 4 s A2' 1096 0 0 0 0 0 0 4 3 s A2" 1 21ZoBeVaCi.139
12640.3554 0.04 0.04 3 0 1 0 1 0 4 0 s  E' 2290 0 0 0 0 0 0 4 2 a  E" 2 21ZoBeVaCi.140
12640.5746 0.04 0.04 4 0 0 0 0 0 7 0 s A2' 1941 0 0 0 0 0 0 7 3 s A2" 2 21ZoBeVaCi.141
12640.6727 0.04 0.04 2 0 2 0 2 0 4 1 s  E" 2262 0 0 0 0 0 0 4 2 s  E' 2 21ZoBeVaCi.142
12641.5806 0.04 0.04 3 0 1 0 1 0 3 2 s A2'  914 0 0 0 0 0 0 3 3 s A2" 1 21ZoBeVaCi.143
12642.2120 0.04 0.04 2 1 2 0 2 0 2 1 a  E' 1274 0 0 0 0 0 0 2 2 a  E" 1 21ZoBeVaCi.144
12642.2120 0.04 0.04 0 1 4 0 2 0 3 1 a  E' 1753 0 0 0 0 0 0 3 2 a  E" 1 21ZoBeVaCi.145
12643.2936 0.04 0.04 0 0 4 0 2 0 2 2 s A2'  599 0 0 0 0 0 0 3 3 s A2" 1 21ZoBeVaCi.146
12643.4090 0.04 0.04 2 0 2 0 2 0 4 2 s A2' 1100 0 0 0 0 0 0 4 3 s A2" 1 21ZoBeVaCi.147
12643.8732 0.04 0.04 2 1 2 0 2 0 4 2 a A2" 1163 0 0 0 0 0 0 4 3 a A2' 1 21ZoBeVaCi.148
12645.0421 0.04 0.04 0 1 4 0 2 0 5 2 a A2" 1360 0 0 0 0 0 0 5 3 a A2' 1 21ZoBeVaCi.149
12646.1802 0.04 0.04 1 0 3 0 1 0 5 4 s A2' 1425 0 0 0 0 0 0 5 3 s A2" 1 21ZoBeVaCi.150
12646.6261 0.04 0.04 3 0 1 0 1 0 5 3 s  E" 2771 0 0 0 0 0 0 5 4 s  E' 2 21ZoBeVaCi.151
12647.5373 0.04 0.04 1 0 3 0 1 0 2 1 s A2"  667 0 0 0 0 0 0 3 3 a A2' 1 21ZoBeVaCi.152
12647.9954 0.04 0.04 3 0 1 0 1 0 4 3 s  E" 2234 0 0 0 0 0 0 4 4 s  E' 1 21ZoBeVaCi.153
12648.0695 0.04 0.04 0 1 4 0 2 0 4 4 a A2" 1165 0 0 0 0 0 0 4 3 a A2' 1 21ZoBeVaCi.154
12649.1123 0.04 0.04 2 1 2 0 2 0 3 2 a A2"  851 0 0 0 0 0 0 3 3 a A2' 1 21ZoBeVaCi.155
12649.3087 0.04 0.04 2 1 2 0 2 0 1 1 a A2'  413 0 0 0 0 0 0 0 0 a A2" 1 21ZoBeVaCi.156
12651.5679 0.04 0.04 2 0 2 0 2 0 6 4 s  E' 3255 0 0 0 0 0 0 6 5 s  E" 1 21ZoBeVaCi.157
12651.7184 0.04 0.04 4 0 0 0 0 0 5 0 s A2' 1428 0 0 0 0 0 0 5 3 s A2" 1 21ZoBeVaCi.158
12652.2202 0.04 0.04 3 0 1 0 1 0 2 2 s  E' 1263 0 0 0 0 0 0 1 1 s  E" 1 21ZoBeVaCi.159
12653.2271 0.04 0.04 2 0 2 0 2 0 3 3 s  E" 1783 0 0 0 0 0 0 3 2 s  E' 1 21ZoBeVaCi.160
12653.6960 0.04 0.04 3 0 1 0 1 0 5 1 s A2" 1364 0 0 0 0 0 0 5 3 a A2' 1 21ZoBeVaCi.161
12654.0417 0.04 0.04 3 1 1 0 1 0 4 3 a  E' 2263 0 0 0 0 0 0 4 4 a  E" 1 21ZoBeVaCi.162
12655.5021 0.04 0.04 3 1 1 0 1 0 2 2 a A2"  653 0 0 0 0 0 0 1 0 s A2' 1 21ZoBeVaCi.163
12657.3038 0.04 0.04 3 1 1 0 1 0 3 1 a A2'  921 0 0 0 0 0 0 3 3 s A2" 1 21ZoBeVaCi.164
12658.6396 0.04 0.04 3 0 1 0 1 0 2 1 s A2"  656 0 0 0 0 0 0 1 0 s A2' 1 21ZoBeVaCi.165
12659.5514 0.04 0.04 2 1 2 0 2 0 3 3 a  E' 1765 0 0 0 0 0 0 3 2 a  E" 1 21ZoBeVaCi.166
12659.5514 0.04 0.04 2 0 2 0 2 0 5 5 s A2" 1318 0 0 0 0 0 0 4 3 a A2' 1 21ZoBeVaCi.167
12660.5674 0.04 0.04 0 1 4 0 4 0 5 4 a A2" 1365 0 0 0 0 0 0 5 3 a A2' 1 21ZoBeVaCi.168
12661.4441 0.04 0.04 2 1 2 0 0 0 4 0 a A2" 1172 0 0 0 0 0 0 4 3 a A2' 1 21ZoBeVaCi.169
12663.6018 0.04 0.04 3 0 1 0 1 0 3 3 s  E" 1750 0 0 0 0 0 0 2 2 s  E' 1 21ZoBeVaCi.170
12664.2436 0.04 0.04 1 0 3 0 3 0 6 6 s A2' 1572 0 0 0 0 0 0 6 6 a A2" 1 21ZoBeVaCi.171
12664.2436 0.04 0.04 4 0 0 0 0 0 2 1 s  E" 1246 0 0 0 0 0 0 1 1 a  E' 1 21ZoBeVaCi.172
12664.5941 0.04 0.04 2 0 2 0 2 0 2 1 s  E" 1247 0 0 0 0 0 0 1 1 a  E' 1 21ZoBeVaCi.173
12665.9472 0.04 0.04 2 1 2 0 2 0 2 2 a  E" 1243 0 0 0 0 0 0 1 1 a  E' 1 21ZoBeVaCi.174
12667.0215 0.04 0.04 3 0 1 0 1 0 3 2 s A2'  914 0 0 0 0 0 0 2 0 a A2" 1 21ZoBeVaCi.175
12667.5522 0.04 0.04 2 1 2 0 2 0 4 4 a  E" 2221 0 0 0 0 0 0 3 2 s  E' 1 21ZoBeVaCi.176
12667.9999 0.04 0.04 4 0 0 0 0 0 4 3 s A2" 1150 0 0 0 0 0 0 3 0 s A2' 2 21ZoBeVaCi.177
12670.9872 0.04 0.04 3 1 1 0 1 0 3 3 a  E' 1730 0 0 0 0 0 0 2 2 a  E" 1 21ZoBeVaCi.178
12671.0678 0.04 0.04 3 0 1 0 1 0 4 3 s  E" 2234 0 0 0 0 0 0 3 1 a  E' 2 21ZoBeVaCi.179
12671.6198 0.04 0.04 2 0 2 0 0 0 3 3 s A2"  858 0 0 0 0 0 0 3 3 a A2' 1 21ZoBeVaCi.180
12677.1668 0.04 0.04 3 0 1 0 1 0 4 4 s A2' 1082 0 0 0 0 0 0 3 3 s A2" 1 21ZoBeVaCi.181
12678.5726 0.04 0.04 3 0 1 0 1 0 3 1 s  E" 1773 0 0 0 0 0 0 2 1 a  E' 2 21ZoBeVaCi.182
12678.6628 0.04 0.04 3 1 1 0 1 0 4 3 a  E' 2263 0 0 0 0 0 0 3 1 s  E" 2 21ZoBeVaCi.183
12678.6628 0.04 0.04 2 0 2 0 2 0 3 2 s  E' 1740 0 0 0 0 0 0 2 1 s  E" 2 21ZoBeVaCi.184
12680.2214 0.04 0.04 3 1 1 0 1 0 3 2 a  E" 1769 0 0 0 0 0 0 2 1 a  E' 2 21ZoBeVaCi.185
12680.9752 0.04 0.04 3 0 1 0 1 0 4 3 s  E" 2233 0 0 0 0 0 0 3 2 s  E' 1 21ZoBeVaCi.186
12682.7442 0.04 0.04 3 1 1 0 1 0 3 1 a A2'  921 0 0 0 0 0 0 2 0 a A2" 1 21ZoBeVaCi.187
12683.6247 0.04 0.04 4 1 0 0 0 0 3 1 a  E' 1750 0 0 0 0 0 0 2 1 s  E" 2 21ZoBeVaCi.188
12683.7699 0.04 0.04 3 1 1 0 1 0 4 4 a A2" 1146 0 0 0 0 0 0 3 3 a A2' 1 21ZoBeVaCi.189
12683.7699 0.04 0.04 2 1 2 0 2 0 3 1 a A2'  921 0 0 0 0 0 0 2 0 a A2" 1 21ZoBeVaCi.190
12686.0071 0.04 0.04 3 0 1 0 1 0 5 5 s  E" 2712 0 0 0 0 0 0 4 4 s  E' 1 21ZoBeVaCi.191
12688.5735 0.04 0.04 0 1 4 0 2 0 6 5 a A2' 1578 0 0 0 0 0 0 5 3 s A2" 1 21ZoBeVaCi.192
12689.1028 0.04 0.04 3 0 1 0 1 0 3 0 s  E' 1752 0 0 0 0 0 0 2 1 s  E" 2 21ZoBeVaCi.193
12689.6924 0.04 0.04 3 0 1 0 1 0 5 3 s  E" 2771 0 0 0 0 0 0 4 1 a  E' 3 21ZoBeVaCi.194
12690.7349 0.04 0.04 2 1 2 0 2 0 4 2 a A2" 1163 0 0 0 0 0 0 3 0 s A2' 2 21ZoBeVaCi.195
12691.4972 0.04 0.04 3 0 1 0 1 0 4 2 s  E' 2270 0 0 0 0 0 0 3 1 s  E" 2 21ZoBeVaCi.196
12693.4176 0.04 0.04 3 1 1 0 1 0 3 0 a  E" 1781 0 0 0 0 0 0 2 1 a  E' 2 21ZoBeVaCi.197
12693.7390 0.04 0.04 3 0 1 0 1 0 5 4 s A2' 1398 0 0 0 0 0 0 4 3 s A2" 1 21ZoBeVaCi.198
12694.9700 0.04 0.04 0 1 4 0 2 0 4 4 a A2" 1165 0 0 0 0 0 0 3 0 s A2' 2 21ZoBeVaCi.199
12695.6573 0.04 0.04 2 1 2 0 2 0 5 5 a  E' 2698 0 0 0 0 0 0 4 4 a  E" 1 21ZoBeVaCi.200
12695.7505 0.04 0.04 2 1 2 0 2 0 5 3 a  E' 2752 0 0 0 0 0 0 4 1 s  E" 3 21ZoBeVaCi.201
12695.8964 0.04 0.04 3 0 1 0 1 0 6 6 s  E' 3169 0 0 0 0 0 0 5 5 s  E" 1 21ZoBeVaCi.202
12695.8964 0.04 0.04 4 0 0 0 0 0 4 1 s  E" 2258 0 0 0 0 0 0 3 1 a  E' 2 21ZoBeVaCi.203
12698.2496 0.04 0.04 3 0 1 0 1 0 7 7 s A2" 1777 0 0 0 0 0 0 6 6 s A2' 1 21ZoBeVaCi.204
12698.6956 0.04 0.04 2 0 2 0 2 0 5 2 s A2' 1417 0 0 0 0 0 0 4 0 a A2" 2 21ZoBeVaCi.205
12699.0379 0.04 0.04 4 1 0 0 0 0 4 1 a  E' 2284 0 0 0 0 0 0 3 1 s  E" 2 21ZoBeVaCi.206
12699.1051 0.04 0.04 3 1 1 0 1 0 5 4 a A2" 1334 0 0 0 0 0 0 4 3 a A2' 1 21ZoBeVaCi.207
12700.5769 0.04 0.04 4 0 0 0 0 0 4 3 s A2" 1150 0 0 0 0 0 0 3 3 a A2' 1 21ZoBeVaCi.208
12701.1455 0.04 0.04 2 0 2 0 0 0 6 3 s A2" 1663 0 0 0 0 0 0 5 0 s A2' 2 21ZoBeVaCi.209
12701.4446 0.04 0.04 3 0 1 0 1 0 5 3 s  E" 2771 0 0 0 0 0 0 4 2 s  E' 2 21ZoBeVaCi.210
12701.7862 0.04 0.04 0 1 4 0 2 0 3 1 a  E' 1753 0 0 0 0 0 0 2 2 a  E" 1 21ZoBeVaCi.211
12702.0022 0.04 0.04 2 0 2 0 2 0 5 3 s  E" 2775 0 0 0 0 0 0 4 2 s  E' 2 21ZoBeVaCi.212
12703.6411 0.04 0.04 3 0 1 0 1 0 6 5 s  E" 3188 0 0 0 0 0 0 5 4 s  E' 2 21ZoBeVaCi.213
12705.3804 0.04 0.04 3 0 1 0 1 0 6 4 s A2' 1585 0 0 0 0 0 0 5 3 s A2" 1 21ZoBeVaCi.214
12706.0959 0.04 0.04 2 1 2 0 2 0 5 3 a  E' 2752 0 0 0 0 0 0 4 2 a  E" 2 21ZoBeVaCi.215
12706.7315 0.04 0.04 0 0 4 0 4 0 3 2 s A2'  932 0 0 0 0 0 0 3 3 s A2" 1 21ZoBeVaCi.216
12706.8987 0.04 0.04 4 1 0 0 0 0 4 3 a A2' 1088 0 0 0 0 0 0 3 3 s A2" 1 21ZoBeVaCi.217
12707.8209 0.04 0.04 0 0 4 0 4 0 6 5 s  E" 3195 0 0 0 0 0 0 5 4 s  E' 2 21ZoBeVaCi.218
12708.2329 0.04 0.04 2 0 2 0 2 0 4 1 s  E" 2262 0 0 0 0 0 0 3 1 a  E' 2 21ZoBeVaCi.219
12708.2927 0.04 0.04 2 1 2 0 0 0 4 0 a A2" 1172 0 0 0 0 0 0 3 0 s A2' 2 21ZoBeVaCi.220
12708.8142 0.04 0.04 3 0 1 0 1 0 7 6 s  E' 3659 0 0 0 0 0 0 6 5 s  E" 1 21ZoBeVaCi.221
12708.8523 0.04 0.04 2 1 2 0 2 0 7 7 a A2' 1844 0 0 0 0 0 0 6 6 a A2" 1 21ZoBeVaCi.222
12709.3986 0.04 0.04 3 0 1 0 1 0 4 0 s  E' 2290 0 0 0 0 0 0 3 1 s  E" 2 21ZoBeVaCi.223
12711.4042 0.04 0.04 1 0 3 0 1 0 5 4 s A2' 1425 0 0 0 0 0 0 4 0 a A2" 2 21ZoBeVaCi.224
12712.2469 0.04 0.04 3 1 1 0 1 0 4 0 a  E" 2268 0 0 0 0 0 0 3 1 a  E' 2 21ZoBeVaCi.225
12712.8469 0.04 0.04 2 0 2 0 2 0 3 3 s  E" 1783 0 0 0 0 0 0 2 2 s  E' 1 21ZoBeVaCi.226
12713.8899 0.04 0.04 4 0 0 0 0 0 5 3 s A2" 1343 0 0 0 0 0 0 4 3 a A2' 1 21ZoBeVaCi.227
12714.3227 0.04 0.04 1 0 3 0 1 0 2 1 s A2"  667 0 0 0 0 0 0 1 0 s A2' 1 21ZoBeVaCi.228
12715.5770 0.04 0.04 1 0 3 0 1 0 4 3 s  E" 2289 0 0 0 0 0 0 4 4 s  E' 1 21ZoBeVaCi.229
12716.2522 0.04 0.04 1 0 3 0 1 0 6 4 s A2' 1591 0 0 0 0 0 0 5 3 s A2" 1 21ZoBeVaCi.230
12716.2983 0.04 0.04 1 0 3 0 1 0 7 5 s  E" 3729 0 0 0 0 0 0 6 4 s  E' 2 21ZoBeVaCi.231
12716.9499 0.04 0.04 4 0 0 0 0 0 5 0 s A2' 1428 0 0 0 0 0 0 4 0 a A2" 2 21ZoBeVaCi.232
12718.0125 0.04 0.04 3 0 1 0 1 0 7 2 s A2' 1932 0 0 0 0 0 0 6 0 a A2" 3 21ZoBeVaCi.233
12718.7536 0.04 0.04 2 0 1 2 1 2 5 5 s A2" 1345 0 0 0 0 0 0 4 3 a A2' 1 21ZoBeVaCi.234
12719.0754 0.04 0.04 1 0 3 0 1 0 4 0 s  E' 2291 0 0 0 0 0 0 3 2 a  E" 1 21ZoBeVaCi.235
12719.1477 0.04 0.04 2 1 2 0 2 0 3 3 a  E' 1765 0 0 0 0 0 0 2 2 a  E" 1 21ZoBeVaCi.236
12719.2944 0.04 0.04 2 1 2 0 2 0 6 2 a A2" 1678 0 0 0 0 0 0 5 0 s A2' 2 21ZoBeVaCi.237
12719.5986 0.04 0.04 0 0 4 0 2 0 4 4 s A2' 1096 0 0 0 0 0 0 3 3 s A2" 1 21ZoBeVaCi.238
12720.4784 0.04 0.04 1 0 3 0 1 0 4 4 s A2' 1096 0 0 0 0 0 0 3 3 s A2" 1 21ZoBeVaCi.239
12722.8633 0.04 0.04 2 0 2 0 2 0 4 2 s A2' 1100 0 0 0 0 0 0 3 3 s A2" 1 21ZoBeVaCi.240
12723.2082 0.04 0.04 3 1 1 0 1 0 7 5 a  E' 3710 0 0 0 0 0 0 6 4 a  E" 2 21ZoBeVaCi.241
12726.2413 0.04 0.04 1 0 3 0 1 0 5 5 s  E" 2751 0 0 0 0 0 0 4 4 s  E' 1 21ZoBeVaCi.242
12726.4483 0.04 0.04 3 0 1 0 1 0 6 1 s A2" 1682 0 0 0 0 0 0 5 0 s A2' 2 21ZoBeVaCi.243
12727.5163 0.04 0.04 0 1 4 0 2 0 4 4 a A2" 1165 0 0 0 0 0 0 3 3 a A2' 1 21ZoBeVaCi.244
12728.3178 0.04 0.04 3 0 1 0 1 0 5 0 s  E' 2785 0 0 0 0 0 0 4 1 s  E" 3 21ZoBeVaCi.245
12732.1745 0.04 0.04 0 0 4 0 4 0 3 2 s A2'  932 0 0 0 0 0 0 2 0 a A2" 1 21ZoBeVaCi.246
12733.5501 0.04 0.04 2 0 2 0 0 0 6 3 s A2" 1663 0 0 0 0 0 0 5 3 a A2' 1 21ZoBeVaCi.247
12735.6555 0.04 0.04 0 1 4 0 4 0 5 5 a  E' 2735 0 0 0 0 0 0 4 4 a  E" 1 21ZoBeVaCi.248
12737.4467 0.04 0.04 4 0 0 0 0 0 7 3 s A2" 1862 0 0 0 0 0 0 6 3 a A2' 2 21ZoBeVaCi.249
12738.6568 0.04 0.04 1 0 3 0 1 0 4 3 s  E" 2289 0 0 0 0 0 0 3 1 a  E' 2 21ZoBeVaCi.250
12739.0751 0.04 0.04 2 0 2 0 2 0 7 7 s A2" 1801 0 0 0 0 0 0 6 6 s A2' 1 21ZoBeVaCi.251
12744.1051 0.04 0.04 0 1 4 0 2 0 5 2 a A2" 1360 0 0 0 0 0 0 4 3 a A2' 1 21ZoBeVaCi.252
12745.3008 0.04 0.04 4 0 0 0 0 0 7 0 s A2' 1941 0 0 0 0 0 0 6 0 a A2" 3 21ZoBeVaCi.253
12745.3494 0.04 0.04 1 0 3 0 1 0 5 4 s A2' 1425 0 0 0 0 0 0 4 3 s A2" 1 21ZoBeVaCi.254
12747.6632 0.04 0.04 2 1 2 0 2 0 6 6 a  E" 3201 0 0 0 0 0 0 5 5 a  E' 1 21ZoBeVaCi.255
12747.8453 0.04 0.04 3 0 1 0 1 0 5 4 s A2' 1425 0 0 0 0 0 0 4 3 s A2" 1 21ZoBeVaCi.256
12758.8754 0.04 0.04 3 0 1 0 1 0 6 1 s A2" 1682 0 0 0 0 0 0 5 3 a A2' 1 21ZoBeVaCi.257
12759.7062 0.04 0.04 0 1 4 0 4 0 5 4 a A2" 1365 0 0 0 0 0 0 4 3 a A2' 1 21ZoBeVaCi.258
12763.4893 0.04 0.04 1 0 3 0 1 0 4 1 s A2" 1190 0 0 0 0 0 0 3 0 s A2' 2 21ZoBeVaCi.259