nu1' nu2' nu3' L3' nu4' L4' J' K' GammaRot Gammatot Eobs Calc' obs–calc CD
4 0 0 0 0 0 s 2 1 E" E" 12681.2069 12680.5364 0.6705 –0.0030
4 0 0 0 0 0 s 3 0 A2' A2' 12741.5406 12745.3641 –3.8235 0.0018
4 0 0 0 0 0 s 4 1 E" E" 12812.1747 12814.5152 –2.3405 0.0002
4 0 0 0 0 0 s 4 3 A2" A2" 12787.2347 12785.4952 1.7395 –0.0026
4 0 0 0 0 0 s 5 0 A2' A2' 12916.2438 12918.2295 –1.9857 0.0060
4 0 0 0 0 0 s 5 3 A2" A2" 12879.9778 12881.4929 –1.5151 0.0040
4 0 0 0 0 0 s 7 0 A2' A2' 13162.1885 13163.9509 –1.7624 –0.0080
4 0 0 0 0 0 s 7 3 A2" A2" 13121.4242 13124.2805 –2.8563 0.0024
4 1 0 0 0 0 a 1 1 E" E' 12647.3807 12647.9248 –0.5441 0.0056
4 1 0 0 0 0 a 3 1 E" E' 12739.5634 12742.1144 –2.5510 0.0030
4 1 0 0 0 0 a 4 1 E" E' 12814.5824 12819.3480 –4.7656 0.0054
4 1 0 0 0 0 a 4 3 A1" A2' 12792.7603 12792.6131 0.1472 –0.0042
4 1 0 0 0 0 a 5 3 A1" A2' 12885.1122 12886.2266 –1.1144 0.0005
3 0 1 1 0 0 s 1 0 A2' E' 12644.1652 12648.5232 –4.3580 0.0030
3 0 1 1 0 0 s 1 1 E" A2" 12639.5608 12644.8754 –5.3146 –0.0005
3 0 1 1 0 0 s 2 0 A1' E' 12687.1540 12687.8175 –0.6711 –0.0089
3 0 1 1 0 0 s 2 1 E" A2" 12678.5295 12682.6027 –4.0732 0.0000
3 0 1 1 0 0 s 2 2 E' E' 12668.3932 12671.7701 –3.3769 –0.0034
3 0 1 1 0 0 s 3 0 A2' E' 12745.0456 12746.3841 –1.3385 0.0001
3 0 1 1 0 0 s 3 1 E" E" 12735.2715 12740.3391 –5.0676 –0.0048
3 0 1 1 0 0 s 3 2 E' A2' 12727.4345 12729.9911 –2.5566 –0.0077
3 0 1 1 0 0 s 3 3 A1" E" 12708.3978 12711.1960 –2.7982 0.0037
3 0 1 1 0 0 s 3 3 A2" E" 12714.9295 12712.8911 2.0384
3 0 1 1 0 0 s 4 0 A1' E' 12824.9357 12822.6577 2.2780 –0.0114
3 0 1 1 0 0 s 4 1 E" A2" 12814.7190 12815.6976 –0.9786 –0.0001
3 0 1 1 0 0 s 4 2 E' E' 12807.0338 12807.2047 –0.1709 0.0005
3 0 1 1 0 0 s 4 3 A2" E" 12785.3973 12789.5558 –4.1585 –0.0096
3 0 1 1 0 0 s 4 3 A1" E" 12787.3464 12790.2839 –2.9375 –0.0070
3 0 1 1 0 0 s 4 4 E' A2' 12763.0284 12764.6944 –1.6660 0.0147
3 0 1 1 0 0 s 5 0 A2' E' 12923.2247 12920.2978 2.9269 0.0005
3 0 1 1 0 0 s 5 1 E" A2" 12918.9208 12919.1662 –0.2454 –0.0019
3 0 1 1 0 0 s 5 3 A1" E" 12885.2745 12885.9037 –0.6292 –0.0042
3 0 1 1 0 0 s 5 4 E' A2' 12859.0701 12861.1086 –2.0385 –0.0078
3 0 1 1 0 0 s 5 5 E" E" 12825.3651 12827.0873 –1.7222 0.0053
3 0 1 1 0 0 s 6 1 E" A2" 13024.0901 13021.9610 2.1291 –0.0120
3 0 1 1 0 0 s 6 4 E' A2' 12969.8970 12972.3181 –2.4211 0.0101
3 0 1 1 0 0 s 6 5 E" E" 12942.2937 12942.7868 –0.4931 –0.0089
3 0 1 1 0 0 s 6 6 A2' E' 12901.1655 12902.3130 –1.1475 0.0087
3 0 1 1 0 0 s 7 2 E' A2' 13134.2814 13137.3830 –3.1016 –0.0107
3 0 1 1 0 0 s 7 4 E' A2' 13106.0133 13105.4539 0.5594 0.0108
3 0 1 1 0 0 s 7 6 A2' E' 13033.1831 13036.9726 –3.7895 0.0087
3 0 1 1 0 0 s 7 7 E" A2" 12981.8239 12987.4457 –5.6218 –0.0424
3 1 1 1 0 0 a 2 0 A1' E" 12690.9603 12693.4573 –2.4970 –0.0015
3 1 1 1 0 0 a 2 2 E' A2" 12675.3915 12678.4242 –3.0327 –0.0005
3 1 1 1 0 0 a 3 0 A2' E" 12750.1264 12752.0289 –1.9025 –0.0006
3 1 1 1 0 0 a 3 1 E" A2' 12743.1572 12741.6482 1.5090 –0.0008
3 1 1 1 0 0 a 3 2 E' A2" 12736.9306 12736.8809 0.0497 –0.0066
3 1 1 1 0 0 a 3 3 A1" E' 12716.5745 12718.7199 –2.1454 0.0009
3 1 1 1 0 0 a 3 3 A1" E" 12714.9295 12712.8911 2.0384
3 1 1 1 0 0 a 4 0 A1' E" 12828.5337 12831.3404 –2.8067 –0.0114
3 1 1 1 0 0 a 4 3 A1" E' 12794.2035 12796.4136 –2.2101 –0.0014
3 1 1 1 0 0 a 4 4 E' A2" 12770.4277 12770.1520 0.2757 –0.0092
3 1 1 1 0 0 a 5 4 E' A2" 12865.1930 12867.2502 –2.0572 0.0017
3 1 1 1 0 0 a 6 6 A1' E" 12910.2129 12913.3883 –3.1754 0.0090
3 1 1 1 0 0 a 7 5 E" E' 13081.4018 13080.2455 1.1563 0.0073
3 1 1 1 0 0 a 7 6 A2' E" 13039.6539 13041.0064 –1.3525 –0.0073
2 0 2 0 0 0 s 3 3 A2" A2' 12758.2776 12757.0767 1.2009 0.0083
2 0 2 0 0 0 s 5 3 A2" A2' 12879.5548 12882.9411 –3.3863 0.0106
2 0 2 0 0 0 s 6 3 A2" A2' 12998.7767 12995.2238 3.5529 –0.0105
2 1 2 0 0 0 a 3 3 A1" A2' 12714.8479 12716.2008 –1.3529 –0.0091
2 1 2 0 0 0 a 4 0 A1' A2" 12827.5305 12829.6757 2.1452 –0.0014
2 0 2 2 0 0 s 1 1 E" E" 12647.3176 12644.9837 2.3339
2 0 2 2 0 0 s 2 1 E" E" 12681.5627 12684.8262 -3.2635 -0.0065
2 0 2 2 0 0 s 2 2 E' A2' 12671.3482 12673.0216 -1.6734
2 0 2 2 0 0 s 3 1 E" A2" 12743.5516 12744.7400 -1.1884 -0.0014
2 0 2 2 0 0 s 3 2 E' E' 12734.5993 12730.8776 3.7239 –0.0019
2 0 2 2 0 0 s 3 3 A2" E" 12757.6429 12758.0402 -0.3973 -0.0063
2 0 2 2 0 0 s 4 1 E" E" 12824.5018 12820.9249 3.5769 -0.0084
2 0 2 2 0 0 s 4 2 E' A2' 12808.7399 12808.9749 -0.2350 -0.0002
2 0 2 2 0 0 s 5 2 E' A2' 12897.9974 12899.8843 -1.8869 -0.0011
2 0 2 2 0 0 s 5 3 A2" E" 12885.2737 12888.3453 -3.0716 -0.0044
2 0 2 2 0 0 s 5 4 E' E' 12857.8481 12861.7550 -3.9069 0.0060
2 0 2 2 0 0 s 5 5 E" A2" 12825.6466 12828.9782 -3.3316 0.0074
2 0 2 2 0 0 s 6 4 E' E' 12975.9378 12976.1006 -0.1628 0.0010
2 0 2 2 0 0 s 6 6 A2' E' 12941.7937 12940.5317 1.2620 -0.0002
2 0 2 2 0 0 s 7 7 E" A2" 13022.6494 13026.3872 -3.7378 -0.0036
2 1 2 2 0 0 a 1 1 E" A2' 12650.1021 12650.9560 -0.8539 -0.0026
2 1 2 2 0 0 a 2 0 A1' E" 12695.4938 12694.6709 2.0365 -0.0047
2 1 2 2 0 0 a 2 1 E" E' 12687.8105 12689.7044 1.6588 0.0113
2 1 2 2 0 0 a 2 2 E' E" 12682.9105 12678.7430 4.1675 -0.0070
2 1 2 2 0 0 a 3 1 E" A2' 12744.1854 12746.5713 -2.3859 0.0131
2 1 2 2 0 0 a 3 2 E' A2" 12735.7747 12738.1795 -2.4048 0.0046
2 1 2 2 0 0 a 3 3 A2' E' 12764.7351 12768.9027 -4.1677 -0.0002
2 1 2 2 0 0 a 4 2 E' A2" 12809.9641 12811.3267 -1.3626 0.0030
2 1 2 2 0 0 a 4 4 E' E" 12771.9820 12771.6080 0.3740 0.0078
2 1 2 2 0 0 a 5 3 A1" E' 12890.6489 12891.0609 -0.4120 -0.0091
2 1 2 2 0 0 a 5 5 E" E' 12835.8205 12834.8273 0.9932 0.0119
2 1 2 2 0 0 a 6 2 E' A2" 13016.9328 13016.5572 0.3756 -0.0034
2 1 2 2 0 0 a 6 6 A2' E" 12953.7506 12952.3551 1.3955 0.0069
2 1 2 2 0 0 a 7 7 E" A2' 12993.2624 12995.3526 -2.0902 0.0119
1 0 3 1 0 0 s 2 1 E" A2" 12734.2126 12737.6518 -3.4392 0.0076
1 0 3 1 0 0 s 2 2 E' E' 12719.3683 12720.7418 -1.3735 0.0108
1 0 3 1 0 0 s 3 1 E" E" 12742.5677 12745.0609 -2.4932 0.0054
1 0 3 1 0 0 s 4 0 A1' E' 12824.2547 12827.0713 -2.8166 -0.0044
1 0 3 1 0 0 s 4 1 E" A2" 12882.7271 12884.3506 -1.6235 0.0087
1 0 3 1 0 0 s 4 3 A1" E" 12854.9341 12856.2817 -1.3476 -0.0009
1 0 3 1 0 0 s 4 4 E' A2' 12806.3400 12806.7780 -0.4380 0.0047
1 0 3 1 0 0 s 5 4 E' A2' 12910.6805 12913.6014 -2.9209 -0.0097
1 0 3 1 0 0 s 5 5 E" E" 12865.5993 12868.2540 -2.6547 -0.0107
1 0 3 1 0 0 s 6 4 E' A2' 12980.7688 12982.1619 -1.3931 0.0080
1 0 3 1 0 0 s 6 5 E" A2" 12946.2953 12944.6633 1.6320 0.0006
1 0 3 1 0 0 s 7 5 E" E" 13073.8825 13075.3003 -1.4178 0.0021
1 1 3 1 0 0 a 2 1 E" A2' 12691.7132 12691.7132 -3.0945
1 0 3 3 0 0 s 6 6 A2' A2' 12948.6537 12947.7858 0.8679 0.0011
0 0 4 2 0 0 s 2 1 E" E" 12746.1781 12743.4163 2.7618 -0.0104
0 0 4 2 0 0 s 2 2 E' A2' 12729.1539 12730.9886 -1.8347 0.0020
0 0 4 2 0 0 s 3 1 E" A2" 12807.3727 12804.3376 3.0351
0 0 4 2 0 0 s 4 4 E' A2' 12805.4602 12807.4511 -1.9909 0.0006
0 1 4 2 0 0 a 2 1 E" A2' 12746.8972 12746.7285 0.1687
0 1 4 2 0 0 a 3 1 E" E' 12747.3957 12749.1734 -1.7777 0.0096
0 1 4 2 0 0 a 4 4 E' A2" 12814.1741 12817.6458 -3.4717 0.0167
0 1 4 2 0 0 a 5 2 E' A2" 12910.2687 12912.3785 -2.1098 -0.0069
0 1 4 2 0 0 a 6 5 E" A2' 12953.1030 12955.3025 -2.1995 0.0129
0 0 4 4 0 0 s 3 2 E' A2' 12792.5847 12789.2593 3.3254 -0.0084
0 0 4 4 0 0 s 6 5 E" E" 12946.4735 12947.0277 -0.5542 0.0080
0 1 4 4 0 0 a 1 1 E" A2' 12704.1513 12706.8491 -2.6978 -0.0095
0 1 4 4 0 0 a 2 2 E' E" 12733.4999 12732.4950 1.0049 0.0093
0 1 4 4 0 0 a 3 2 E' A2" 12804.9187 12802.8907 2.0280 -0.0009
0 1 4 4 0 0 a 5 4 E' A2" 12925.7941 12923.4206 2.3735 0.0011
0 1 4 4 0 0 a 5 5 E" E' 12875.8187 12878.6184 -2.7997 -0.0033