12493.8116 0.04 0.04 1 0 3 0 1 0 5 4 s A2' 1425 0 0 0 0 0 0 6 0 a A2" 3   21ZoBeVaCi.1 12910.6805 12913.6014 12912.680741 -2.9209 -2.000241
12494.7129 0.04 0.04 2 1 2 0 2 0 6 2 a A2" 1678 0 0 0 0 0 0 7 3 a A2' 2   21ZoBeVaCi.2 13016.9328 13016.5572 13015.782601  0.3756  1.150199
12498.4891 0.04 0.04 3 0 1 0 1 0 4 4 s A2' 1082 0 0 0 0 0 0 5 3 s A2" 1   21ZoBeVaCi.3 12763.0284 12764.6944 12764.543769 -1.6660 -1.515369
12501.8861 0.04 0.04 3 0 1 0 1 0 6 1 s A2" 1682 0 0 0 0 0 0 7 3 a A2' 2   21ZoBeVaCi.4 13024.0901 13021.9610 13022.318724  2.1291  1.771376
12502.4697 0.04 0.04 3 0 1 0 1 0 4 3 s  E" 2233 0 0 0 0 0 0 5 2 s  E' 3   21ZoBeVaCi.5 12785.3973 12789.5558 12789.387709 -4.1585 -3.990409
12505.2022 0.04 0.04 3 1 1 0 1 0 4 4 a A2" 1146 0 0 0 0 0 0 5 3 a A2' 1   21ZoBeVaCi.6 12770.4277 12770.1520 12770.441305  0.2757 -0.013605
12512.9248 0.04 0.04 2 0 2 0 2 0 6 4 s  E' 3255 0 0 0 0 0 0 7 5 s  E" 2   21ZoBeVaCi.7 12975.9378 12976.1006 12975.714037 -0.1628  0.223763
12513.0662 0.04 0.04 3 0 1 0 1 0 4 2 s  E' 2270 0 0 0 0 0 0 5 1 s  E" 4   21ZoBeVaCi.8 12807.0338 12807.2047 12806.146438 -0.1709  0.887362
12514.6801 0.04 0.04 2 0 2 0 2 0 5 2 s A2' 1417 0 0 0 0 0 0 6 3 s A2" 2   21ZoBeVaCi.9 12897.9974 12899.8843 12900.616702 -1.8869 -2.619302
12517.0774 0.04 0.04 3 0 1 0 1 0 4 1 s A2" 1166 0 0 0 0 0 0 5 0 s A2' 2  21ZoBeVaCi.10 12814.7190 12815.6976 12816.309109 -0.9786 -1.590109
12525.4298 0.04 0.04 1 0 3 0 3 0 6 6 s A2' 1572 0 0 0 0 0 0 7 6 a A2" 1  21ZoBeVaCi.11 12948.6537 12947.7858 12947.142577  0.8679  1.511123
12526.5665 0.04 0.04 0 1 4 0 2 0 5 2 a A2" 1360 0 0 0 0 0 0 6 3 a A2' 2  21ZoBeVaCi.12 12910.2687 12912.3785 12910.440289 -2.1098 -0.171589
12527.3718 0.04 0.04 1 0 3 0 1 0 5 4 s A2' 1425 0 0 0 0 0 0 6 3 s A2" 2  21ZoBeVaCi.13 12910.6805 12913.6014 12912.680741 -2.9209 -2.000241
12527.6903 0.04 0.04 3 0 1 0 1 0 5 3 s  E" 2771 0 0 0 0 0 0 6 4 s  E' 2  21ZoBeVaCi.14 12885.2745 12885.9037 12886.498360 -0.6292 -1.223860
12528.2473 0.04 0.04 2 0 2 0 2 0 5 3 s  E" 2775 0 0 0 0 0 0 6 4 s  E' 2  21ZoBeVaCi.15 12885.2737 12888.3453 12888.301796 -3.0716 -3.028096
12528.2473 0.04 0.04 4 1 0 0 0 0 4 3 a A2' 1088 0 0 0 0 0 0 5 3 s A2" 1  21ZoBeVaCi.16 12792.7603 12792.6131 12790.962617  0.1472  1.797683
12529.2320 0.04 0.04 4 0 0 0 0 0 4 1 s  E" 2258 0 0 0 0 0 0 4 2 s  E' 2  21ZoBeVaCi.17 12812.1747 12814.5152 12817.551821 -2.3405 -5.377121
12529.8802 0.04 0.04 0 1 4 0 2 0 6 5 a A2' 1578 0 0 0 0 0 0 7 6 a A2" 1  21ZoBeVaCi.18 12953.1030 12955.3025 12954.979861 -2.1995 -1.876861
12529.8802 0.04 0.04 2 1 2 0 0 0 4 0 a A2" 1172 0 0 0 0 0 0 5 0 s A2' 2  21ZoBeVaCi.19 12827.5305 12829.6757 12830.308109 -2.1452 -2.777609
12530.2806 0.04 0.04 1 0 3 0 1 0 4 0 s  E' 2291 0 0 0 0 0 0 5 1 s  E" 4  21ZoBeVaCi.20 12824.2547 12827.0713 12826.561344 -2.8166 -2.306644
12530.9789 0.04 0.04 3 0 1 0 1 0 4 0 s  E' 2290 0 0 0 0 0 0 5 1 s  E" 4  21ZoBeVaCi.21 12824.9357 12822.6577 12826.204886  2.2780 -1.269186
12530.9789 0.04 0.04 4 1 0 0 0 0 4 1 a  E' 2284 0 0 0 0 0 0 5 2 a  E" 3  21ZoBeVaCi.22 12814.5824 12819.3480 12819.400086 -4.7656 -4.817686
12532.0186 0.04 0.04 3 1 1 0 1 0 3 3 a  E' 1730 0 0 0 0 0 0 4 2 a  E" 2  21ZoBeVaCi.23 12716.5745 12718.7199 12718.363435 -2.1454 -1.788935
12532.9106 0.04 0.04 4 0 0 0 0 0 5 0 s A2' 1428 0 0 0 0 0 0 6 3 s A2" 2  21ZoBeVaCi.24 12916.2438 12918.2295 12917.370611 -1.9857 -1.126811
12533.9151 0.04 0.04 3 1 1 0 1 0 4 0 a  E" 2268 0 0 0 0 0 0 5 1 a  E' 4  21ZoBeVaCi.25 12828.5337 12831.3404 12830.108643 -2.8067 -1.574943
12539.6971 0.04 0.04 2 0 2 0 2 0 3 2 s  E' 1740 0 0 0 0 0 0 4 1 s  E" 3  21ZoBeVaCi.26 12734.5993 12730.8776 12730.573492  3.7217  4.025808
12540.4619 0.04 0.04 1 0 3 0 1 0 5 5 s  E" 2751 0 0 0 0 0 0 6 5 a  E' 1  21ZoBeVaCi.27 12865.5993 12868.2540 12867.032683 -2.6547 -1.433383
12541.3243 0.04 0.04 3 1 1 0 1 0 3 2 a  E" 1769 0 0 0 0 0 0 4 1 a  E' 3  21ZoBeVaCi.28 12736.9306 12736.8809 12736.029743  0.0497  0.900857
12541.3243 0.04 0.04 3 0 1 0 1 0 4 0 s  E' 2290 0 0 0 0 0 0 5 2 a  E" 3  21ZoBeVaCi.29 12824.9357 12822.6577 12826.204886  2.2780 -1.269186
12541.5738 0.04 0.04 2 0 2 0 2 0 4 1 s  E" 2262 0 0 0 0 0 0 5 2 s  E' 3  21ZoBeVaCi.30 12824.5018 12820.9249 12821.291268  3.5769  3.210532
12541.8348 0.04 0.04 1 0 3 0 1 0 4 4 s A2' 1096 0 0 0 0 0 0 5 3 s A2" 1  21ZoBeVaCi.31 12806.3400 12806.7780 12805.773686 -0.4380  0.566314
12542.0723 0.04 0.04 2 0 2 0 2 0 5 5 s A2" 1318 0 0 0 0 0 0 6 6 s A2' 1  21ZoBeVaCi.32 12825.6466 12828.9782 12828.806216 -3.3316 -3.159616
12543.8641 0.04 0.04 3 1 1 0 1 0 3 1 a A2'  921 0 0 0 0 0 0 4 0 a A2" 2  21ZoBeVaCi.33 12743.1572 12741.6482 12745.625787  1.5090 -2.468587
12544.2233 0.04 0.04 2 0 2 0 2 0 4 2 s A2' 1100 0 0 0 0 0 0 5 3 s A2" 1  21ZoBeVaCi.34 12808.7399 12808.9749 12809.558933 -0.2350 -0.819033
12544.7375 0.04 0.04 2 1 2 0 2 0 4 2 a A2" 1163 0 0 0 0 0 0 5 3 a A2' 1  21ZoBeVaCi.35 12809.9641 12811.3267 12810.763786 -1.3626 -0.799686
12544.9119 0.04 0.04 2 1 2 0 2 0 3 1 a A2'  921 0 0 0 0 0 0 4 0 a A2" 2  21ZoBeVaCi.36 12744.1854 12746.5713 12745.625787 -2.3859 -1.440387
12548.6938 0.04 0.04 3 0 1 0 1 0 4 3 s  E" 2234 0 0 0 0 0 0 5 4 s  E' 2  21ZoBeVaCi.37 12787.3464 12790.2839 12790.810688 -2.9375 -3.464288
12548.9422 0.04 0.04 0 1 4 0 2 0 4 4 a A2" 1165 0 0 0 0 0 0 5 3 a A2' 1  21ZoBeVaCi.38 12814.1741 12817.6458 12816.091082 -3.4717 -1.916982
12549.4751 0.04 0.04 3 0 1 0 1 0 4 1 s A2" 1166 0 0 0 0 0 0 5 3 a A2' 1  21ZoBeVaCi.39 12814.7190 12815.6976 12816.309109 -0.9786 -1.590109
12550.1392 0.04 0.04 3 0 1 0 1 0 3 0 s  E' 1752 0 0 0 0 0 0 4 1 s  E" 3  21ZoBeVaCi.40 12745.0456 12746.3841 12746.765092 -1.3385 -1.719492
12551.4424 0.04 0.04 3 0 1 0 1 0 3 1 s  E" 1773 0 0 0 0 0 0 4 2 s  E' 2  21ZoBeVaCi.41 12735.2715 12740.3391 12739.974090 -5.0676 -4.702590
12552.8441 0.04 0.04 3 0 1 0 1 0 2 2 s  E' 1263 0 0 0 0 0 0 3 1 s  E" 2  21ZoBeVaCi.42 12668.3932 12671.7701 12671.807127 -3.3769 -3.413927
12554.5157 0.04 0.04 3 1 1 0 1 0 3 0 a  E" 1781 0 0 0 0 0 0 4 1 a  E' 3  21ZoBeVaCi.43 12750.1264 12752.0289 12751.548914 -1.9025 -1.422514
12554.7953 0.04 0.04 3 1 1 0 1 0 4 3 a  E' 2263 0 0 0 0 0 0 5 4 a  E" 2  21ZoBeVaCi.44 12794.2035 12796.4136 12796.306788 -2.2101 -2.103288
12555.0074 0.04 0.04 4 1 0 0 0 0 3 1 a  E' 1750 0 0 0 0 0 0 4 2 a  E" 2  21ZoBeVaCi.45 12739.5634 12742.1144 12742.415115 -2.5510 -2.851715
12559.2917 0.04 0.04 3 0 1 0 1 0 2 1 s A2"  656 0 0 0 0 0 0 3 0 s A2' 2  21ZoBeVaCi.46 12678.5295 12682.6027 12682.794440 -4.0732 -4.264940
12559.4082 0.04 0.04 3 0 1 0 1 0 7 7 s A2" 1777 0 0 0 0 0 0 7 6 s A2' 1  21ZoBeVaCi.47 12981.8239 12987.4457 12987.068889 -5.6218 -5.244989
12562.1034 0.04 0.04 3 0 1 0 1 0 3 2 s A2'  914 0 0 0 0 0 0 4 3 s A2" 1  21ZoBeVaCi.48 12727.4345 12729.9911 12730.915193 -2.5566 -3.480693
12562.8331 0.04 0.04 0 1 4 0 2 0 3 1 a  E' 1753 0 0 0 0 0 0 4 2 a  E" 2  21ZoBeVaCi.49 12747.3957 12749.1734 12749.203621 -1.7777 -1.807921
12565.8946 0.04 0.04 2 1 2 0 2 0 4 4 a  E" 2221 0 0 0 0 0 0 5 5 a  E' 1  21ZoBeVaCi.50 12771.9820 12771.6080 12772.018945  0.3740 -0.036945
12566.6420 0.04 0.04 2 1 2 0 2 0 2 2 a  E" 1243 0 0 0 0 0 0 3 1 a  E' 2  21ZoBeVaCi.51 12682.9105 12678.7430 12677.952319  4.1675  4.958181
12569.6868 0.04 0.04 2 1 2 0 2 0 3 2 a A2"  851 0 0 0 0 0 0 4 3 a A2' 1  21ZoBeVaCi.52 12735.7747 12738.1795 12737.000499 -2.4048 -1.225799
12570.0277 0.04 0.04 2 1 2 0 2 0 7 7 a A2' 1844 0 0 0 0 0 0 7 6 a A2" 1  21ZoBeVaCi.53 12993.2624 12995.3526 12994.831367 -2.0902 -1.568967
12570.1614 0.04 0.04 3 0 1 0 1 0 7 6 s  E' 3659 0 0 0 0 0 0 7 5 s  E" 2  21ZoBeVaCi.54 13033.1831 13036.9726 13039.760479 -3.7895 -6.577379
12573.5312 0.04 0.04 4 0 0 0 0 0 4 1 s  E" 2258 0 0 0 0 0 0 5 4 s  E' 2  21ZoBeVaCi.55 12812.1747 12814.5152 12817.551821 -2.3405 -5.377121
12573.8122 0.04 0.04 2 0 2 0 2 0 3 3 s  E" 1783 0 0 0 0 0 0 4 2 s  E' 2  21ZoBeVaCi.56 12757.6429 12758.0402 12756.654484 -0.3973  0.988416
12574.6835 0.04 0.04 3 0 1 0 1 0 5 4 s A2' 1398 0 0 0 0 0 0 6 6 a A2" 1  21ZoBeVaCi.57 12859.0701 12861.1086 12861.262638 -2.0385 -2.192538
12575.5739 0.04 0.04 3 0 1 0 1 0 3 3 s  E" 1751 0 0 0 0 0 0 4 4 s  E' 1  21ZoBeVaCi.58 12714.9295 12712.8911 12713.295267  2.0384  1.634233
12575.5739 0.04 0.04 3 1 1 0 1 0 3 3 a  E" 1751 0 0 0 0 0 0 4 4 s  E' 1  21ZoBeVaCi.59 12714.9295 12712.8911 12713.295267  2.0384  1.634233
12576.3347 0.04 0.04 2 0 2 0 0 0 6 3 s A2" 1663 0 0 0 0 0 0 7 6 s A2' 1  21ZoBeVaCi.60 12998.7767 12995.2238 12994.922194  3.5529  3.854506
12576.7879 0.04 0.04 3 0 1 0 1 0 6 6 s  E' 3169 0 0 0 0 0 0 6 5 s  E" 1  21ZoBeVaCi.61 12901.1655 12902.3130 12902.242455 -1.1475 -1.076955
12576.7879 0.04 0.04 4 0 0 0 0 0 2 1 s  E" 1246 0 0 0 0 0 0 3 2 s  E' 1  21ZoBeVaCi.62 12681.2069 12680.5364 12680.363161  0.6705  0.843739
12577.1406 0.04 0.04 2 0 2 0 2 0 2 1 s  E" 1247 0 0 0 0 0 0 3 2 s  E' 1  21ZoBeVaCi.63 12681.5627 12684.8262 12685.079231 -3.2635 -3.516531
12577.4652 0.04 0.04 2 0 2 0 2 0 3 1 s A2"  854 0 0 0 0 0 0 4 3 a A2' 1  21ZoBeVaCi.64 12743.5516 12744.7400 12745.052051 -1.1884 -1.500451
12577.8453 0.04 0.04 3 1 1 0 1 0 3 1 a A2'  921 0 0 0 0 0 0 4 3 s A2" 1  21ZoBeVaCi.65 12743.1572 12741.6482 12745.625787  1.5090 -2.468587
12577.8453 0.04 0.04 1 0 3 0 1 0 7 5 s  E" 3729 0 0 0 0 0 0 7 4 s  E' 3  21ZoBeVaCi.66 13073.8825 13075.3003 13075.061061 -1.4178 -1.178561
12578.8616 0.04 0.04 2 1 2 0 2 0 3 1 a A2'  921 0 0 0 0 0 0 4 3 s A2" 1  21ZoBeVaCi.67 12744.1854 12746.5713 12745.625787 -2.3859 -1.440387
12579.3270 0.04 0.04 3 0 1 0 1 0 4 3 s  E" 2233 0 0 0 0 0 0 5 5 a  E' 1  21ZoBeVaCi.68 12785.3973 12789.5558 12789.387709 -4.1585 -3.990409
12582.6268 0.04 0.04 2 1 2 0 2 0 2 1 a  E' 1274 0 0 0 0 0 0 3 2 a  E" 1  21ZoBeVaCi.69 12687.8105 12689.7044 12689.557743 -1.8939 -1.747243
12584.7184 0.04 0.04 3 0 1 0 1 0 6 5 s  E" 3188 0 0 0 0 0 0 6 4 s  E' 2  21ZoBeVaCi.70 12942.2937 12942.7868 12940.976891 -0.4931  1.316809
12584.7184 0.04 0.04 3 1 1 0 1 0 7 5 a  E' 3710 0 0 0 0 0 0 7 4 a  E" 3  21ZoBeVaCi.71 13081.4018 13080.2455 13081.101712  1.1563  0.300088
12585.0767 0.04 0.04 1 0 3 0 1 0 4 1 s A2" 1190 0 0 0 0 0 0 5 0 s A2' 2  21ZoBeVaCi.72 12882.7271 12884.3506 12883.371653 -1.6235 -0.644553
12585.4879 0.04 0.04 2 0 2 0 2 0 2 2 s A2'  589 0 0 0 0 0 0 3 3 s A2" 1  21ZoBeVaCi.73 12671.3482 12673.0216 12673.302688 -1.6734 -1.954488
12586.5685 0.04 0.04 3 0 1 0 1 0 6 4 s A2' 1585 0 0 0 0 0 0 6 3 s A2" 2  21ZoBeVaCi.74 12969.8970 12972.3181 12971.916645 -2.4211 -2.019645
12586.7072 0.04 0.04 3 0 1 0 1 0 5 5 s  E" 2712 0 0 0 0 0 0 5 4 s  E' 2  21ZoBeVaCi.75 12825.3651 12827.0873 12826.583553 -1.7222 -1.218453
12588.2265 0.04 0.04 3 0 1 0 1 0 1 0 s  E'  741 0 0 0 0 0 0 2 1 s  E" 2  21ZoBeVaCi.76 12644.1652 12648.5232 12648.683099 -4.3580 -4.517899
12588.7337 0.04 0.04 3 1 1 0 1 0 2 2 a A2"  653 0 0 0 0 0 0 3 3 a A2' 1  21ZoBeVaCi.77 12675.3915 12678.4242 12677.894211 -3.0327 -2.502711
12588.8813 0.04 0.04 0 0 4 0 4 0 6 5 s  E" 3195 0 0 0 0 0 0 6 4 s  E' 2  21ZoBeVaCi.78 12946.4735 12947.0277 12945.795415 -0.5542  0.678085
12589.6917 0.04 0.04 2 1 2 0 2 0 1 1 a A2'  413 0 0 0 0 0 0 2 0 a A2" 1  21ZoBeVaCi.79 12650.1021 12650.9560 12649.592270 -0.8539  0.509830
12591.8613 0.04 0.04 3 0 1 0 1 0 2 1 s A2"  656 0 0 0 0 0 0 3 3 a A2' 1  21ZoBeVaCi.80 12678.5295 12682.6027 12682.794440 -4.0732 -4.264940
12592.1814 0.04 0.04 2 0 2 0 0 0 3 3 s A2"  858 0 0 0 0 0 0 4 3 a A2' 1  21ZoBeVaCi.81 12758.2776 12757.0767 12755.914235  1.2009  2.363365
12594.5613 0.04 0.04 3 0 1 0 1 0 5 4 s A2' 1398 0 0 0 0 0 0 5 3 s A2" 1  21ZoBeVaCi.82 12859.0701 12861.1086 12861.262638 -2.0385 -2.192538
12596.4004 0.04 0.04 2 1 2 0 2 0 5 5 a  E' 2698 0 0 0 0 0 0 5 4 a  E" 2  21ZoBeVaCi.83 12835.8205 12834.8273 12833.699232  0.9932  2.121268
12596.4004 0.04 0.04 4 0 0 0 0 0 5 3 s A2" 1343 0 0 0 0 0 0 6 6 s A2' 1  21ZoBeVaCi.84 12879.9778 12881.4929 12881.645700 -1.5151 -1.667900
12597.4424 0.04 0.04 1 0 3 0 1 0 6 4 s A2' 1591 0 0 0 0 0 0 6 3 s A2" 2  21ZoBeVaCi.85 12980.7688 12982.1619 12980.426834 -1.3931  0.341966
12597.6826 0.04 0.04 3 0 1 0 1 0 4 4 s A2' 1082 0 0 0 0 0 0 4 3 s A2" 1  21ZoBeVaCi.86 12763.0284 12764.6944 12764.543769 -1.6660 -1.515369
12599.9647 0.04 0.04 3 1 1 0 1 0 5 4 a A2" 1334 0 0 0 0 0 0 5 3 a A2' 1  21ZoBeVaCi.87 12865.1930 12867.2502 12865.641926 -2.0572 -0.448926
12600.1949 0.04 0.04 2 0 2 0 2 0 7 7 s A2" 1801 0 0 0 0 0 0 7 6 s A2' 1  21ZoBeVaCi.88 13022.6494 13026.3872 13025.393887 -3.7378 -2.744487
12601.2731 0.04 0.04 2 0 1 2 1 2 5 5 s A2" 1345 0 0 0 0 0 0 6 6 s A2' 1  21ZoBeVaCi.89 12884.8446 12886.1490 12884.637202 -1.3044  0.207398
12601.7878 0.04 0.04 4 1 0 0 0 0 1 1 a  E'  740 0 0 0 0 0 0 2 2 a  E" 1  21ZoBeVaCi.90 12647.3807 12647.9248 12646.844148 -0.5441  0.536552
12602.3409 0.04 0.04 3 0 1 0 1 0 5 3 s  E" 2771 0 0 0 0 0 0 5 2 s  E' 3  21ZoBeVaCi.91 12885.2745 12885.9037 12886.498360 -0.6292 -1.223860
12602.5221 0.04 0.04 2 0 2 0 2 0 1 1 s  E"  765 0 0 0 0 0 0 2 2 s  E' 1  21ZoBeVaCi.92 12647.3176 12644.9837 12645.170303  2.3339  2.147297
12602.8927 0.04 0.04 2 0 2 0 2 0 5 3 s  E" 2775 0 0 0 0 0 0 5 2 s  E' 3  21ZoBeVaCi.93 12885.2737 12888.3453 12888.301796 -3.0716 -3.028096
12603.9720 0.04 0.04 3 0 1 0 1 0 3 3 s  E" 1750 0 0 0 0 0 0 3 2 s  E' 1  21ZoBeVaCi.94 12708.3978 12711.1960 12710.966273 -2.7982 -2.568473
12604.3490 0.04 0.04 3 1 1 0 1 0 4 4 a A2" 1146 0 0 0 0 0 0 4 3 a A2' 1  21ZoBeVaCi.95 12770.4277 12770.1520 12770.441305  0.2757 -0.013605
12606.1471 0.04 0.04 0 0 4 0 2 0 4 4 s A2' 1096 0 0 0 0 0 0 4 0 a A2" 2  21ZoBeVaCi.96 12805.4602 12807.4511 12805.773686 -1.9909 -0.313486
12607.0414 0.04 0.04 1 0 3 0 1 0 4 4 s A2' 1096 0 0 0 0 0 0 4 0 a A2" 2  21ZoBeVaCi.97 12806.3400 12806.7780 12805.773686 -0.4380  0.566314
12607.0414 0.04 0.04 2 1 2 0 2 0 5 3 a  E' 2752 0 0 0 0 0 0 5 2 a  E" 3  21ZoBeVaCi.98 12890.6489 12891.0609 12891.264352 -0.4120 -0.615452
12611.3898 0.04 0.04 3 1 1 0 1 0 3 3 a  E' 1730 0 0 0 0 0 0 3 2 a  E" 1  21ZoBeVaCi.99 12716.5745 12718.7199 12718.363435 -2.1454 -1.788935
12612.1270 0.04 0.04 3 0 1 0 1 0 4 2 s  E' 2270 0 0 0 0 0 0 4 1 s  E" 3 21ZoBeVaCi.100 12807.0338 12807.2047 12806.146438 -0.1709  0.887362
12612.4579 0.04 0.04 3 0 1 0 1 0 2 2 s  E' 1263 0 0 0 0 0 0 2 1 s  E" 2 21ZoBeVaCi.101 12668.3932 12671.7701 12671.807127 -3.3769 -3.413927
12612.6121 0.04 0.04 0 1 4 0 2 0 5 2 a A2" 1360 0 0 0 0 0 0 5 0 s A2' 2 21ZoBeVaCi.102 12910.2687 12912.3785 12910.440289 -2.1098 -0.171589
12612.6595 0.04 0.04 3 0 1 0 1 0 7 2 s A2' 1932 0 0 0 0 0 0 7 3 s A2" 2 21ZoBeVaCi.103 13134.2814 13137.3830 13136.810016 -3.1016 -2.528616
12614.7472 0.04 0.04 4 0 0 0 0 0 5 3 s A2" 1343 0 0 0 0 0 0 5 3 a A2' 1 21ZoBeVaCi.104 12879.9778 12881.4929 12881.645700 -1.5151 -1.667900
12614.9672 0.04 0.04 1 0 3 0 1 0 2 1 s A2"  667 0 0 0 0 0 0 3 0 s A2' 2 21ZoBeVaCi.105 12734.2126 12737.6518 12737.929394 -3.4392 -3.716794
12616.2815 0.04 0.04 1 0 3 0 1 0 4 3 s  E" 2289 0 0 0 0 0 0 5 4 s  E' 2 21ZoBeVaCi.106 12854.9341 12856.2817 12854.680431 -1.3476  0.253669
12619.0564 0.04 0.04 2 0 2 0 2 0 3 2 s  E' 1740 0 0 0 0 0 0 3 1 s  E" 2 21ZoBeVaCi.107 12734.5993 12730.8776 12730.573492  3.7217  4.025808
12619.6707 0.04 0.04 3 0 1 0 1 0 1 1 s A2"  346 0 0 0 0 0 0 1 0 s A2' 1 21ZoBeVaCi.108 12639.5608 12644.8754 12644.817423 -5.3146 -5.256623
12619.6707 0.04 0.04 4 1 0 0 0 0 4 1 a  E' 2284 0 0 0 0 0 0 4 1 s  E" 3 21ZoBeVaCi.109 12814.5824 12819.3480 12819.400086 -4.7656 -4.817686
12620.6589 0.04 0.04 3 1 1 0 1 0 3 2 a  E" 1769 0 0 0 0 0 0 3 1 a  E' 2 21ZoBeVaCi.110 12736.9306 12736.8809 12736.029743  0.0497  0.900857
12621.1494 0.04 0.04 4 0 0 0 0 0 4 3 s A2" 1150 0 0 0 0 0 0 4 3 a A2' 1 21ZoBeVaCi.111 12787.2347 12785.4952 12785.057719  1.7395  2.176981
12621.2790 0.04 0.04 3 0 1 0 1 0 5 1 s A2" 1364 0 0 0 0 0 0 5 0 s A2' 2 21ZoBeVaCi.112 12918.9208 12919.1662 12919.099940 -0.2454 -0.179140
12624.3138 0.04 0.04 2 0 2 0 2 0 3 1 s A2"  854 0 0 0 0 0 0 3 0 s A2' 2 21ZoBeVaCi.113 12743.5516 12744.7400 12745.052051 -1.1884 -1.500451
12626.2083 0.04 0.04 2 1 2 0 2 0 2 2 a  E" 1243 0 0 0 0 0 0 2 1 a  E' 2 21ZoBeVaCi.114 12682.9105 12678.7430 12677.952319  4.1675  4.958181
12626.9574 0.04 0.04 1 0 3 0 1 0 5 5 s  E" 2751 0 0 0 0 0 0 5 4 s  E' 2 21ZoBeVaCi.115 12865.5993 12868.2540 12867.032683 -2.6547 -1.433383
12627.2536 0.04 0.04 0 0 4 0 4 0 3 2 s A2'  932 0 0 0 0 0 0 4 3 s A2" 1 21ZoBeVaCi.116 12792.5847 12789.2593 12789.701026  3.3254  2.883674
12627.4334 0.04 0.04 4 1 0 0 0 0 4 3 a A2' 1088 0 0 0 0 0 0 4 3 s A2" 1 21ZoBeVaCi.117 12792.7603 12792.6131 12790.962617  0.1472  1.797683
12627.9892 0.04 0.04 3 0 1 0 1 0 1 0 s  E'  741 0 0 0 0 0 0 1 1 s  E" 1 21ZoBeVaCi.118 12644.1652 12648.5232 12648.683099 -4.3580 -4.517899
12628.1534 0.04 0.04 0 1 4 0 4 0 5 4 a A2" 1365 0 0 0 0 0 0 5 0 s A2' 2 21ZoBeVaCi.119 12925.7941 12923.4206 12921.047204  2.3735  4.746896
12628.2032 0.04 0.04 1 1 3 0 1 0 2 1 a A2'  594 0 0 0 0 0 0 2 0 a A2" 1 21ZoBeVaCi.120 12691.7132 12691.7132 12690.506050  0.0000  1.207150
12629.2564 0.04 0.04 3 0 1 0 1 0 5 0 s  E' 2785 0 0 0 0 0 0 5 1 s  E" 4 21ZoBeVaCi.121 12923.2247 12920.2978 12920.291528  2.9269  2.933172
12629.3484 0.04 0.04 1 0 3 0 1 0 4 0 s  E' 2291 0 0 0 0 0 0 4 1 s  E" 3 21ZoBeVaCi.122 12824.2547 12827.0713 12826.561344 -2.8166 -2.306644
12629.5090 0.04 0.04 3 0 1 0 1 0 3 0 s  E' 1752 0 0 0 0 0 0 3 1 s  E" 2 21ZoBeVaCi.123 12745.0456 12746.3841 12746.765092 -1.3385 -1.719492
12630.0294 0.04 0.04 3 0 1 0 1 0 4 0 s  E' 2290 0 0 0 0 0 0 4 1 s  E" 3 21ZoBeVaCi.124 12824.9357 12822.6577 12826.204886  2.2780 -1.269186
12630.0294 0.04 0.04 4 1 0 0 0 0 4 1 a  E' 2284 0 0 0 0 0 0 4 2 a  E" 2 21ZoBeVaCi.125 12814.5824 12819.3480 12819.400086 -4.7656 -4.817686
12630.8542 0.04 0.04 3 0 1 0 1 0 3 1 s  E" 1773 0 0 0 0 0 0 3 2 s  E' 1 21ZoBeVaCi.126 12735.2715 12740.3391 12739.974090 -5.0676 -4.702590
12631.2077 0.04 0.04 4 1 0 0 0 0 1 1 a  E'  740 0 0 0 0 0 0 1 1 s  E" 1 21ZoBeVaCi.127 12647.3807 12647.9248 12646.844148 -0.5441  0.536552
12631.8546 0.04 0.04 0 1 4 0 2 0 3 1 a  E' 1753 0 0 0 0 0 0 3 1 s  E" 2 21ZoBeVaCi.128 12747.3957 12749.1734 12749.203621 -1.7777 -1.807921
12632.9224 0.04 0.04 3 1 1 0 1 0 4 0 a  E" 2268 0 0 0 0 0 0 4 1 a  E' 3 21ZoBeVaCi.129 12828.5337 12831.3404 12830.108643 -2.8067 -1.574943
12632.9553 0.04 0.04 2 1 2 0 2 0 6 2 a A2" 1678 0 0 0 0 0 0 6 3 a A2' 2 21ZoBeVaCi.130 13016.9328 13016.5572 13015.782601  0.3756  1.150199
12633.4808 0.04 0.04 2 0 2 0 2 0 5 2 s A2' 1417 0 0 0 0 0 0 5 3 s A2" 1 21ZoBeVaCi.131 12897.9974 12899.8843 12900.616702 -1.8869 -2.619302
12633.8481 0.04 0.04 3 1 1 0 1 0 3 0 a  E" 1781 0 0 0 0 0 0 3 1 a  E' 2 21ZoBeVaCi.132 12750.1264 12752.0289 12751.548914 -1.9025 -1.422514
12634.3858 0.04 0.04 4 1 0 0 0 0 3 1 a  E' 1750 0 0 0 0 0 0 3 2 a  E" 1 21ZoBeVaCi.133 12739.5634 12742.1144 12742.415115 -2.5510 -2.851715
12636.4138 0.04 0.04 0 1 4 0 4 0 5 5 a  E' 2735 0 0 0 0 0 0 5 4 a  E" 2 21ZoBeVaCi.134 12875.8187 12878.6184 12877.330317 -2.7997 -1.511617
12636.4138 0.04 0.04 4 0 0 0 0 0 2 1 s  E" 1246 0 0 0 0 0 0 2 2 s  E' 1 21ZoBeVaCi.135 12681.2069 12680.5364 12680.363161  0.6705  0.843739
12636.7732 0.04 0.04 2 0 2 0 2 0 2 1 s  E" 1247 0 0 0 0 0 0 2 2 s  E' 1 21ZoBeVaCi.136 12681.5627 12684.8262 12685.079231 -3.2635 -3.516531
12639.0446 0.04 0.04 2 0 2 0 0 0 3 3 s A2"  858 0 0 0 0 0 0 3 0 s A2' 2 21ZoBeVaCi.137 12758.2776 12757.0767 12755.914235  1.2009  2.363365
12639.6894 0.04 0.04 1 0 3 0 1 0 4 0 s  E' 2291 0 0 0 0 0 0 4 2 a  E" 2 21ZoBeVaCi.138 12824.2547 12827.0713 12826.561344 -2.8166 -2.306644
12640.1285 0.04 0.04 0 0 4 0 2 0 4 4 s A2' 1096 0 0 0 0 0 0 4 3 s A2" 1 21ZoBeVaCi.139 12805.4602 12807.4511 12805.773686 -1.9909 -0.313486
12640.3554 0.04 0.04 3 0 1 0 1 0 4 0 s  E' 2290 0 0 0 0 0 0 4 2 a  E" 2 21ZoBeVaCi.140 12824.9357 12822.6577 12826.204886  2.2780 -1.269186
12640.5746 0.04 0.04 4 0 0 0 0 0 7 0 s A2' 1941 0 0 0 0 0 0 7 3 s A2" 2 21ZoBeVaCi.141 13162.1885 13163.9509 13151.955605 -1.7624 10.232895
12640.6727 0.04 0.04 2 0 2 0 2 0 4 1 s  E" 2262 0 0 0 0 0 0 4 2 s  E' 2 21ZoBeVaCi.142 12824.5018 12820.9249 12821.291268  3.5769  3.210532
12641.5806 0.04 0.04 3 0 1 0 1 0 3 2 s A2'  914 0 0 0 0 0 0 3 3 s A2" 1 21ZoBeVaCi.143 12727.4345 12729.9911 12730.915193 -2.5566 -3.480693
12642.2120 0.04 0.04 2 1 2 0 2 0 2 1 a  E' 1274 0 0 0 0 0 0 2 2 a  E" 1 21ZoBeVaCi.144 12687.8105 12689.7044 12689.557743 -1.8939 -1.747243
12642.2120 0.04 0.04 0 1 4 0 2 0 3 1 a  E' 1753 0 0 0 0 0 0 3 2 a  E" 1 21ZoBeVaCi.145 12747.3957 12749.1734 12749.203621 -1.7777 -1.807921
12643.2936 0.04 0.04 0 0 4 0 2 0 2 2 s A2'  599 0 0 0 0 0 0 3 3 s A2" 1 21ZoBeVaCi.146 12729.1539 12730.9886 12729.321859 -1.8347 -0.167959
12643.4090 0.04 0.04 2 0 2 0 2 0 4 2 s A2' 1100 0 0 0 0 0 0 4 3 s A2" 1 21ZoBeVaCi.147 12808.7399 12808.9749 12809.558933 -0.2350 -0.819033
12643.8732 0.04 0.04 2 1 2 0 2 0 4 2 a A2" 1163 0 0 0 0 0 0 4 3 a A2' 1 21ZoBeVaCi.148 12809.9641 12811.3267 12810.763786 -1.3626 -0.799686
12645.0421 0.04 0.04 0 1 4 0 2 0 5 2 a A2" 1360 0 0 0 0 0 0 5 3 a A2' 1 21ZoBeVaCi.149 12910.2687 12912.3785 12910.440289 -2.1098 -0.171589
12646.1802 0.04 0.04 1 0 3 0 1 0 5 4 s A2' 1425 0 0 0 0 0 0 5 3 s A2" 1 21ZoBeVaCi.150 12910.6805 12913.6014 12912.680741 -2.9209 -2.000241
12646.6261 0.04 0.04 3 0 1 0 1 0 5 3 s  E" 2771 0 0 0 0 0 0 5 4 s  E' 2 21ZoBeVaCi.151 12885.2745 12885.9037 12886.498360 -0.6292 -1.223860
12647.5373 0.04 0.04 1 0 3 0 1 0 2 1 s A2"  667 0 0 0 0 0 0 3 3 a A2' 1 21ZoBeVaCi.152 12734.2126 12737.6518 12737.929394 -3.4392 -3.716794
12647.9954 0.04 0.04 3 0 1 0 1 0 4 3 s  E" 2234 0 0 0 0 0 0 4 4 s  E' 1 21ZoBeVaCi.153 12787.3464 12790.2839 12790.810688 -2.9375 -3.464288
12648.0695 0.04 0.04 0 1 4 0 2 0 4 4 a A2" 1165 0 0 0 0 0 0 4 3 a A2' 1 21ZoBeVaCi.154 12814.1741 12817.6458 12816.091082 -3.4717 -1.916982
12649.1123 0.04 0.04 2 1 2 0 2 0 3 2 a A2"  851 0 0 0 0 0 0 3 3 a A2' 1 21ZoBeVaCi.155 12735.7747 12738.1795 12737.000499 -2.4048 -1.225799
12649.3087 0.04 0.04 2 1 2 0 2 0 1 1 a A2'  413 0 0 0 0 0 0 0 0 a A2" 1 21ZoBeVaCi.156 12650.1021 12650.9560 12649.592270 -0.8539  0.509830
12651.5679 0.04 0.04 2 0 2 0 2 0 6 4 s  E' 3255 0 0 0 0 0 0 6 5 s  E" 1 21ZoBeVaCi.157 12975.9378 12976.1006 12975.714037 -0.1628  0.223763
12651.7184 0.04 0.04 4 0 0 0 0 0 5 0 s A2' 1428 0 0 0 0 0 0 5 3 s A2" 1 21ZoBeVaCi.158 12916.2438 12918.2295 12917.370611 -1.9857 -1.126811
12652.2202 0.04 0.04 3 0 1 0 1 0 2 2 s  E' 1263 0 0 0 0 0 0 1 1 s  E" 1 21ZoBeVaCi.159 12668.3932 12671.7701 12671.807127 -3.3769 -3.413927
12653.2271 0.04 0.04 2 0 2 0 2 0 3 3 s  E" 1783 0 0 0 0 0 0 3 2 s  E' 1 21ZoBeVaCi.160 12757.6429 12758.0402 12756.654484 -0.3973  0.988416
12653.6960 0.04 0.04 3 0 1 0 1 0 5 1 s A2" 1364 0 0 0 0 0 0 5 3 a A2' 1 21ZoBeVaCi.161 12918.9208 12919.1662 12919.099940 -0.2454 -0.179140
12654.0417 0.04 0.04 3 1 1 0 1 0 4 3 a  E' 2263 0 0 0 0 0 0 4 4 a  E" 1 21ZoBeVaCi.162 12794.2035 12796.4136 12796.306788 -2.2101 -2.103288
12655.5021 0.04 0.04 3 1 1 0 1 0 2 2 a A2"  653 0 0 0 0 0 0 1 0 s A2' 1 21ZoBeVaCi.163 12675.3915 12678.4242 12677.894211 -3.0327 -2.502711
12657.3038 0.04 0.04 3 1 1 0 1 0 3 1 a A2'  921 0 0 0 0 0 0 3 3 s A2" 1 21ZoBeVaCi.164 12743.1572 12741.6482 12745.625787  1.5090 -2.468587
12658.6396 0.04 0.04 3 0 1 0 1 0 2 1 s A2"  656 0 0 0 0 0 0 1 0 s A2' 1 21ZoBeVaCi.165 12678.5295 12682.6027 12682.794440 -4.0732 -4.264940
12659.5514 0.04 0.04 2 1 2 0 2 0 3 3 a  E' 1765 0 0 0 0 0 0 3 2 a  E" 1 21ZoBeVaCi.166 12764.7351 12768.9027 12767.392772 -4.1676 -2.657672
12659.5514 0.04 0.04 2 0 2 0 2 0 5 5 s A2" 1318 0 0 0 0 0 0 4 3 a A2' 1 21ZoBeVaCi.167 12825.6466 12828.9782 12828.806216 -3.3316 -3.159616
12660.5674 0.04 0.04 0 1 4 0 4 0 5 4 a A2" 1365 0 0 0 0 0 0 5 3 a A2' 1 21ZoBeVaCi.168 12925.7941 12923.4206 12921.047204  2.3735  4.746896
12661.4441 0.04 0.04 2 1 2 0 0 0 4 0 a A2" 1172 0 0 0 0 0 0 4 3 a A2' 1 21ZoBeVaCi.169 12827.5305 12829.6757 12830.308109 -2.1452 -2.777609
12663.6018 0.04 0.04 3 0 1 0 1 0 3 3 s  E" 1750 0 0 0 0 0 0 2 2 s  E' 1 21ZoBeVaCi.170 12708.3978 12711.1960 12710.966273 -2.7982 -2.568473
12664.2436 0.04 0.04 1 0 3 0 3 0 6 6 s A2' 1572 0 0 0 0 0 0 6 6 a A2" 1 21ZoBeVaCi.171 12948.6537 12947.7858 12947.142577  0.8679  1.511123
12664.2436 0.04 0.04 4 0 0 0 0 0 2 1 s  E" 1246 0 0 0 0 0 0 1 1 a  E' 1 21ZoBeVaCi.172 12681.2069 12680.5364 12680.363161  0.6705  0.843739
12664.5941 0.04 0.04 2 0 2 0 2 0 2 1 s  E" 1247 0 0 0 0 0 0 1 1 a  E' 1 21ZoBeVaCi.173 12681.5627 12684.8262 12685.079231 -3.2635 -3.516531
12665.9472 0.04 0.04 2 1 2 0 2 0 2 2 a  E" 1243 0 0 0 0 0 0 1 1 a  E' 1 21ZoBeVaCi.174 12682.9105 12678.7430 12677.952319  4.1675  4.958181
12667.0215 0.04 0.04 3 0 1 0 1 0 3 2 s A2'  914 0 0 0 0 0 0 2 0 a A2" 1 21ZoBeVaCi.175 12727.4345 12729.9911 12730.915193 -2.5566 -3.480693
12667.5522 0.04 0.04 2 1 2 0 2 0 4 4 a  E" 2221 0 0 0 0 0 0 3 2 s  E' 1 21ZoBeVaCi.176 12771.9820 12771.6080 12772.018945  0.3740 -0.036945
12667.9999 0.04 0.04 4 0 0 0 0 0 4 3 s A2" 1150 0 0 0 0 0 0 3 0 s A2' 2 21ZoBeVaCi.177 12787.2347 12785.4952 12785.057719  1.7395  2.176981
12670.9872 0.04 0.04 3 1 1 0 1 0 3 3 a  E' 1730 0 0 0 0 0 0 2 2 a  E" 1 21ZoBeVaCi.178 12716.5745 12718.7199 12718.363435 -2.1454 -1.788935
12671.0678 0.04 0.04 3 0 1 0 1 0 4 3 s  E" 2234 0 0 0 0 0 0 3 1 a  E' 2 21ZoBeVaCi.179 12787.3464 12790.2839 12790.810688 -2.9375 -3.464288
12671.6198 0.04 0.04 2 0 2 0 0 0 3 3 s A2"  858 0 0 0 0 0 0 3 3 a A2' 1 21ZoBeVaCi.180 12758.2776 12757.0767 12755.914235  1.2009  2.363365
12677.1668 0.04 0.04 3 0 1 0 1 0 4 4 s A2' 1082 0 0 0 0 0 0 3 3 s A2" 1 21ZoBeVaCi.181 12763.0284 12764.6944 12764.543769 -1.6660 -1.515369
12678.5726 0.04 0.04 3 0 1 0 1 0 3 1 s  E" 1773 0 0 0 0 0 0 2 1 a  E' 2 21ZoBeVaCi.182 12735.2715 12740.3391 12739.974090 -5.0676 -4.702590
12678.6628 0.04 0.04 3 1 1 0 1 0 4 3 a  E' 2263 0 0 0 0 0 0 3 1 s  E" 2 21ZoBeVaCi.183 12794.2035 12796.4136 12796.306788 -2.2101 -2.103288
12678.6628 0.04 0.04 2 0 2 0 2 0 3 2 s  E' 1740 0 0 0 0 0 0 2 1 s  E" 2 21ZoBeVaCi.184 12734.5993 12730.8776 12730.573492  3.7217  4.025808
12680.2214 0.04 0.04 3 1 1 0 1 0 3 2 a  E" 1769 0 0 0 0 0 0 2 1 a  E' 2 21ZoBeVaCi.185 12736.9306 12736.8809 12736.029743  0.0497  0.900857
12680.9752 0.04 0.04 3 0 1 0 1 0 4 3 s  E" 2233 0 0 0 0 0 0 3 2 s  E' 1 21ZoBeVaCi.186 12785.3973 12789.5558 12789.387709 -4.1585 -3.990409
12682.7442 0.04 0.04 3 1 1 0 1 0 3 1 a A2'  921 0 0 0 0 0 0 2 0 a A2" 1 21ZoBeVaCi.187 12743.1572 12741.6482 12745.625787  1.5090 -2.468587
12683.6247 0.04 0.04 4 1 0 0 0 0 3 1 a  E' 1750 0 0 0 0 0 0 2 1 s  E" 2 21ZoBeVaCi.188 12739.5634 12742.1144 12742.415115 -2.5510 -2.851715
12683.7699 0.04 0.04 3 1 1 0 1 0 4 4 a A2" 1146 0 0 0 0 0 0 3 3 a A2' 1 21ZoBeVaCi.189 12770.4277 12770.1520 12770.441305  0.2757 -0.013605
12683.7699 0.04 0.04 2 1 2 0 2 0 3 1 a A2'  921 0 0 0 0 0 0 2 0 a A2" 1 21ZoBeVaCi.190 12744.1854 12746.5713 12745.625787 -2.3859 -1.440387
12686.0071 0.04 0.04 3 0 1 0 1 0 5 5 s  E" 2712 0 0 0 0 0 0 4 4 s  E' 1 21ZoBeVaCi.191 12825.3651 12827.0873 12826.583553 -1.7222 -1.218453
12688.5735 0.04 0.04 0 1 4 0 2 0 6 5 a A2' 1578 0 0 0 0 0 0 5 3 s A2" 1 21ZoBeVaCi.192 12953.1030 12955.3025 12954.979861 -2.1995 -1.876861
12689.1028 0.04 0.04 3 0 1 0 1 0 3 0 s  E' 1752 0 0 0 0 0 0 2 1 s  E" 2 21ZoBeVaCi.193 12745.0456 12746.3841 12746.765092 -1.3385 -1.719492
12689.6924 0.04 0.04 3 0 1 0 1 0 5 3 s  E" 2771 0 0 0 0 0 0 4 1 a  E' 3 21ZoBeVaCi.194 12885.2745 12885.9037 12886.498360 -0.6292 -1.223860
12690.7349 0.04 0.04 2 1 2 0 2 0 4 2 a A2" 1163 0 0 0 0 0 0 3 0 s A2' 2 21ZoBeVaCi.195 12809.9641 12811.3267 12810.763786 -1.3626 -0.799686
12691.4972 0.04 0.04 3 0 1 0 1 0 4 2 s  E' 2270 0 0 0 0 0 0 3 1 s  E" 2 21ZoBeVaCi.196 12807.0338 12807.2047 12806.146438 -0.1709  0.887362
12693.4176 0.04 0.04 3 1 1 0 1 0 3 0 a  E" 1781 0 0 0 0 0 0 2 1 a  E' 2 21ZoBeVaCi.197 12750.1264 12752.0289 12751.548914 -1.9025 -1.422514
12693.7390 0.04 0.04 3 0 1 0 1 0 5 4 s A2' 1398 0 0 0 0 0 0 4 3 s A2" 1 21ZoBeVaCi.198 12859.0701 12861.1086 12861.262638 -2.0385 -2.192538
12694.9700 0.04 0.04 0 1 4 0 2 0 4 4 a A2" 1165 0 0 0 0 0 0 3 0 s A2' 2 21ZoBeVaCi.199 12814.1741 12817.6458 12816.091082 -3.4717 -1.916982
12695.6573 0.04 0.04 2 1 2 0 2 0 5 5 a  E' 2698 0 0 0 0 0 0 4 4 a  E" 1 21ZoBeVaCi.200 12835.8205 12834.8273 12833.699232  0.9932  2.121268
12695.7505 0.04 0.04 2 1 2 0 2 0 5 3 a  E' 2752 0 0 0 0 0 0 4 1 s  E" 3 21ZoBeVaCi.201 12890.6489 12891.0609 12891.264352 -0.4120 -0.615452
12695.8964 0.04 0.04 3 0 1 0 1 0 6 6 s  E' 3169 0 0 0 0 0 0 5 5 s  E" 1 21ZoBeVaCi.202 12901.1655 12902.3130 12902.242455 -1.1475 -1.076955
12695.8964 0.04 0.04 4 0 0 0 0 0 4 1 s  E" 2258 0 0 0 0 0 0 3 1 a  E' 2 21ZoBeVaCi.203 12812.1747 12814.5152 12817.551821 -2.3405 -5.377121
12698.2496 0.04 0.04 3 0 1 0 1 0 7 7 s A2" 1777 0 0 0 0 0 0 6 6 s A2' 1 21ZoBeVaCi.204 12981.8239 12987.4457 12987.068889 -5.6218 -5.244989
12698.6956 0.04 0.04 2 0 2 0 2 0 5 2 s A2' 1417 0 0 0 0 0 0 4 0 a A2" 2 21ZoBeVaCi.205 12897.9974 12899.8843 12900.616702 -1.8869 -2.619302
12699.0379 0.04 0.04 4 1 0 0 0 0 4 1 a  E' 2284 0 0 0 0 0 0 3 1 s  E" 2 21ZoBeVaCi.206 12814.5824 12819.3480 12819.400086 -4.7656 -4.817686
12699.1051 0.04 0.04 3 1 1 0 1 0 5 4 a A2" 1334 0 0 0 0 0 0 4 3 a A2' 1 21ZoBeVaCi.207 12865.1930 12867.2502 12865.641926 -2.0572 -0.448926
12700.5769 0.04 0.04 4 0 0 0 0 0 4 3 s A2" 1150 0 0 0 0 0 0 3 3 a A2' 1 21ZoBeVaCi.208 12787.2347 12785.4952 12785.057719  1.7395  2.176981
12701.1455 0.04 0.04 2 0 2 0 0 0 6 3 s A2" 1663 0 0 0 0 0 0 5 0 s A2' 2 21ZoBeVaCi.209 12998.7767 12995.2238 12994.922194  3.5529  3.854506
12701.4446 0.04 0.04 3 0 1 0 1 0 5 3 s  E" 2771 0 0 0 0 0 0 4 2 s  E' 2 21ZoBeVaCi.210 12885.2745 12885.9037 12886.498360 -0.6292 -1.223860
12701.7862 0.04 0.04 0 1 4 0 2 0 3 1 a  E' 1753 0 0 0 0 0 0 2 2 a  E" 1 21ZoBeVaCi.211 12747.3957 12749.1734 12749.203621 -1.7777 -1.807921
12702.0022 0.04 0.04 2 0 2 0 2 0 5 3 s  E" 2775 0 0 0 0 0 0 4 2 s  E' 2 21ZoBeVaCi.212 12885.2737 12888.3453 12888.301796 -3.0716 -3.028096
12703.6411 0.04 0.04 3 0 1 0 1 0 6 5 s  E" 3188 0 0 0 0 0 0 5 4 s  E' 2 21ZoBeVaCi.213 12942.2937 12942.7868 12940.976891 -0.4931  1.316809
12705.3804 0.04 0.04 3 0 1 0 1 0 6 4 s A2' 1585 0 0 0 0 0 0 5 3 s A2" 1 21ZoBeVaCi.214 12969.8970 12972.3181 12971.916645 -2.4211 -2.019645
12706.0959 0.04 0.04 2 1 2 0 2 0 5 3 a  E' 2752 0 0 0 0 0 0 4 2 a  E" 2 21ZoBeVaCi.215 12890.6489 12891.0609 12891.264352 -0.4120 -0.615452
12706.7315 0.04 0.04 0 0 4 0 4 0 3 2 s A2'  932 0 0 0 0 0 0 3 3 s A2" 1 21ZoBeVaCi.216 12792.5847 12789.2593 12789.701026  3.3254  2.883674
12706.8987 0.04 0.04 4 1 0 0 0 0 4 3 a A2' 1088 0 0 0 0 0 0 3 3 s A2" 1 21ZoBeVaCi.217 12792.7603 12792.6131 12790.962617  0.1472  1.797683
12707.8209 0.04 0.04 0 0 4 0 4 0 6 5 s  E" 3195 0 0 0 0 0 0 5 4 s  E' 2 21ZoBeVaCi.218 12946.4735 12947.0277 12945.795415 -0.5542  0.678085
12708.2329 0.04 0.04 2 0 2 0 2 0 4 1 s  E" 2262 0 0 0 0 0 0 3 1 a  E' 2 21ZoBeVaCi.219 12824.5018 12820.9249 12821.291268  3.5769  3.210532
12708.2927 0.04 0.04 2 1 2 0 0 0 4 0 a A2" 1172 0 0 0 0 0 0 3 0 s A2' 2 21ZoBeVaCi.220 12827.5305 12829.6757 12830.308109 -2.1452 -2.777609
12708.8142 0.04 0.04 3 0 1 0 1 0 7 6 s  E' 3659 0 0 0 0 0 0 6 5 s  E" 1 21ZoBeVaCi.221 13033.1831 13036.9726 13039.760479 -3.7895 -6.577379
12708.8523 0.04 0.04 2 1 2 0 2 0 7 7 a A2' 1844 0 0 0 0 0 0 6 6 a A2" 1 21ZoBeVaCi.222 12993.2624 12995.3526 12994.831367 -2.0902 -1.568967
12709.3986 0.04 0.04 3 0 1 0 1 0 4 0 s  E' 2290 0 0 0 0 0 0 3 1 s  E" 2 21ZoBeVaCi.223 12824.9357 12822.6577 12826.204886  2.2780 -1.269186
12711.4042 0.04 0.04 1 0 3 0 1 0 5 4 s A2' 1425 0 0 0 0 0 0 4 0 a A2" 2 21ZoBeVaCi.224 12910.6805 12913.6014 12912.680741 -2.9209 -2.000241
12712.2469 0.04 0.04 3 1 1 0 1 0 4 0 a  E" 2268 0 0 0 0 0 0 3 1 a  E' 2 21ZoBeVaCi.225 12828.5337 12831.3404 12830.108643 -2.8067 -1.574943
12712.8469 0.04 0.04 2 0 2 0 2 0 3 3 s  E" 1783 0 0 0 0 0 0 2 2 s  E' 1 21ZoBeVaCi.226 12757.6429 12758.0402 12756.654484 -0.3973  0.988416
12713.8899 0.04 0.04 4 0 0 0 0 0 5 3 s A2" 1343 0 0 0 0 0 0 4 3 a A2' 1 21ZoBeVaCi.227 12879.9778 12881.4929 12881.645700 -1.5151 -1.667900
12714.3227 0.04 0.04 1 0 3 0 1 0 2 1 s A2"  667 0 0 0 0 0 0 1 0 s A2' 1 21ZoBeVaCi.228 12734.2126 12737.6518 12737.929394 -3.4392 -3.716794
12715.5770 0.04 0.04 1 0 3 0 1 0 4 3 s  E" 2289 0 0 0 0 0 0 4 4 s  E' 1 21ZoBeVaCi.229 12854.9341 12856.2817 12854.680431 -1.3476  0.253669
12716.2522 0.04 0.04 1 0 3 0 1 0 6 4 s A2' 1591 0 0 0 0 0 0 5 3 s A2" 1 21ZoBeVaCi.230 12980.7688 12982.1619 12980.426834 -1.3931  0.341966
12716.2983 0.04 0.04 1 0 3 0 1 0 7 5 s  E" 3729 0 0 0 0 0 0 6 4 s  E' 2 21ZoBeVaCi.231 13073.8825 13075.3003 13075.061061 -1.4178 -1.178561
12716.9499 0.04 0.04 4 0 0 0 0 0 5 0 s A2' 1428 0 0 0 0 0 0 4 0 a A2" 2 21ZoBeVaCi.232 12916.2438 12918.2295 12917.370611 -1.9857 -1.126811
12718.0125 0.04 0.04 3 0 1 0 1 0 7 2 s A2' 1932 0 0 0 0 0 0 6 0 a A2" 3 21ZoBeVaCi.233 13134.2814 13137.3830 13136.810016 -3.1016 -2.528616
12718.7536 0.04 0.04 2 0 1 2 1 2 5 5 s A2" 1345 0 0 0 0 0 0 4 3 a A2' 1 21ZoBeVaCi.234 12884.8446 12886.1490 12884.637202 -1.3044  0.207398
12719.0754 0.04 0.04 1 0 3 0 1 0 4 0 s  E' 2291 0 0 0 0 0 0 3 2 a  E" 1 21ZoBeVaCi.235 12824.2547 12827.0713 12826.561344 -2.8166 -2.306644
12719.1477 0.04 0.04 2 1 2 0 2 0 3 3 a  E' 1765 0 0 0 0 0 0 2 2 a  E" 1 21ZoBeVaCi.236 12764.7351 12768.9027 12767.392772 -4.1676 -2.657672
12719.2944 0.04 0.04 2 1 2 0 2 0 6 2 a A2" 1678 0 0 0 0 0 0 5 0 s A2' 2 21ZoBeVaCi.237 13016.9328 13016.5572 13015.782601  0.3756  1.150199
12719.5986 0.04 0.04 0 0 4 0 2 0 4 4 s A2' 1096 0 0 0 0 0 0 3 3 s A2" 1 21ZoBeVaCi.238 12805.4602 12807.4511 12805.773686 -1.9909 -0.313486
12720.4784 0.04 0.04 1 0 3 0 1 0 4 4 s A2' 1096 0 0 0 0 0 0 3 3 s A2" 1 21ZoBeVaCi.239 12806.3400 12806.7780 12805.773686 -0.4380  0.566314
12722.8633 0.04 0.04 2 0 2 0 2 0 4 2 s A2' 1100 0 0 0 0 0 0 3 3 s A2" 1 21ZoBeVaCi.240 12808.7399 12808.9749 12809.558933 -0.2350 -0.819033
12723.2082 0.04 0.04 3 1 1 0 1 0 7 5 a  E' 3710 0 0 0 0 0 0 6 4 a  E" 2 21ZoBeVaCi.241 13081.4018 13080.2455 13081.101712  1.1563  0.300088
12726.2413 0.04 0.04 1 0 3 0 1 0 5 5 s  E" 2751 0 0 0 0 0 0 4 4 s  E' 1 21ZoBeVaCi.242 12865.5993 12868.2540 12867.032683 -2.6547 -1.433383
12726.4483 0.04 0.04 3 0 1 0 1 0 6 1 s A2" 1682 0 0 0 0 0 0 5 0 s A2' 2 21ZoBeVaCi.243 13024.0901 13021.9610 13022.318724  2.1291  1.771376
12727.5163 0.04 0.04 0 1 4 0 2 0 4 4 a A2" 1165 0 0 0 0 0 0 3 3 a A2' 1 21ZoBeVaCi.244 12814.1741 12817.6458 12816.091082 -3.4717 -1.916982
12728.3178 0.04 0.04 3 0 1 0 1 0 5 0 s  E' 2785 0 0 0 0 0 0 4 1 s  E" 3 21ZoBeVaCi.245 12923.2247 12920.2978 12920.291528  2.9269  2.933172
12732.1745 0.04 0.04 0 0 4 0 4 0 3 2 s A2'  932 0 0 0 0 0 0 2 0 a A2" 1 21ZoBeVaCi.246 12792.5847 12789.2593 12789.701026  3.3254  2.883674
12733.5501 0.04 0.04 2 0 2 0 0 0 6 3 s A2" 1663 0 0 0 0 0 0 5 3 a A2' 1 21ZoBeVaCi.247 12998.7767 12995.2238 12994.922194  3.5529  3.854506
12735.6555 0.04 0.04 0 1 4 0 4 0 5 5 a  E' 2735 0 0 0 0 0 0 4 4 a  E" 1 21ZoBeVaCi.248 12875.8187 12878.6184 12877.330317 -2.7997 -1.511617
12737.4467 0.04 0.04 4 0 0 0 0 0 7 3 s A2" 1862 0 0 0 0 0 0 6 3 a A2' 2 21ZoBeVaCi.249 13121.4242 13124.2805 13125.138150 -2.8563 -3.713950
12738.6568 0.04 0.04 1 0 3 0 1 0 4 3 s  E" 2289 0 0 0 0 0 0 3 1 a  E' 2 21ZoBeVaCi.250 12854.9341 12856.2817 12854.680431 -1.3476  0.253669
12739.0751 0.04 0.04 2 0 2 0 2 0 7 7 s A2" 1801 0 0 0 0 0 0 6 6 s A2' 1 21ZoBeVaCi.251 13022.6494 13026.3872 13025.393887 -3.7378 -2.744487
12744.1051 0.04 0.04 0 1 4 0 2 0 5 2 a A2" 1360 0 0 0 0 0 0 4 3 a A2' 1 21ZoBeVaCi.252 12910.2687 12912.3785 12910.440289 -2.1098 -0.171589
12745.3008 0.04 0.04 4 0 0 0 0 0 7 0 s A2' 1941 0 0 0 0 0 0 6 0 a A2" 3 21ZoBeVaCi.253 13162.1885 13163.9509 13151.955605 -1.7624 10.232895
12745.3494 0.04 0.04 1 0 3 0 1 0 5 4 s A2' 1425 0 0 0 0 0 0 4 3 s A2" 1 21ZoBeVaCi.254 12910.6805 12913.6014 12912.680741 -2.9209 -2.000241
12747.6632 0.04 0.04 2 1 2 0 2 0 6 6 a  E" 3201 0 0 0 0 0 0 5 5 a  E' 1 21ZoBeVaCi.255 12953.7506 12952.3551 12950.289733  1.3955  3.460867
12747.8453 0.04 0.04 3 0 1 0 1 0 5 4 s A2' 1425 0 0 0 0 0 0 4 3 s A2" 1 21ZoBeVaCi.256 12913.1764 12912.6807 12912.680741  0.4957  0.495659
12758.8754 0.04 0.04 3 0 1 0 1 0 6 1 s A2" 1682 0 0 0 0 0 0 5 3 a A2' 1 21ZoBeVaCi.257 13024.0901 13021.9610 13022.318724  2.1291  1.771376
12759.7062 0.04 0.04 0 1 4 0 4 0 5 4 a A2" 1365 0 0 0 0 0 0 4 3 a A2' 1 21ZoBeVaCi.258 12925.7941 12923.4206 12921.047204  2.3735  4.746896
12763.4893 0.04 0.04 1 0 3 0 1 0 4 1 s A2" 1190 0 0 0 0 0 0 3 0 s A2' 2 21ZoBeVaCi.259 12882.7271 12884.3506 12883.371653 -1.6235 -0.644553