12491.3802	4.01E-25
12491.7051	5.53E-25
12492.6681	3.9E-25
12492.9699	6.0E-25
12493.5049	4.48E-25
12493.6816	3.5E-25
12493.8116	5.7E-25    5  4  A2' <-  6 0 A2"  12913.6014 <-  416.8930  12496.7084   0  0  4  0  0  0  <-  0  0  0  0  0  1	1.26E-24
12494.1348	6.46E-25
12494.3624	5.3E-25
12494.7129	1.17E-24   6  2  A2" <-  7 3 A2'  13016.5572 <-  522.2267  12494.3305   0  0  4  0  0  1  <-  0  0  0  0  0  1	9.50E-25 
12494.8925	2.8E-25
12494.9875	6.16E-25
12495.4167	8.1E-25
12495.6000	7.78E-25
12495.9752	9.1E-25
12496.1305	1.18E-24
12496.2042	1.3E-24
12496.4052	4.71E-25
12496.9181	1.32E-24
12497.1055	2.65E-25
12497.6151	1.22E-24
12497.7388	1.50E-24
12497.8276	3.88E-25
12498.2393	1.27E-24
12498.3355	2.8E-25
12498.4891	1.2E-24    4  4  A2' <-  5 3 A2"  12764.6944 <-  264.5172  12500.1772   0  0  4  0  0  0  <-  0  0  0  0  0  0	3.61E-25
12498.6750	6.74E-25
12498.7542	9.8E-25
12498.9453	7.55E-25
12500.0525	2.8E-25
12500.8895	7.0E-25
12501.0295	9.70E-25
12501.1381	4.2E-25
12501.6626	6.3E-25
12501.8861	3.42E-25   6  1  A2" <-  7 3 A2'  13021.9610 <-  522.2267  12499.7343   0  0  4  0  0  0  <-  0  0  0  0  0  1	1.48E-25
12502.1085	1.11E-24
12502.4697	4.6E-25    4  3  E"  <-  5 2 E'   12789.5558 <-  282.9391  12506.6167   0  0  4  0  0  0  <-  0  0  0  0  0  0	6.65E-25
12502.5703	3.04E-25
12503.1537	8.78E-25
12503.4390	4.46E-25
12503.6309	4.2E-25
12504.1257	5.6E-25
12504.4293	3.87E-25
12504.8740	5.6E-25
12505.0794	2.21E-25
12505.2022	5.3E-25    4  4  A2" <-  5 3 A2'  12770.1520 <-  265.2288  12504.9232   0  0  4  0  0  1  <-  0  0  0  0  0  1	2.66E-25
12505.8041	3.39E-25
12506.0856	3.68E-25
12506.6251	3.5E-25
12507.2868	6.83E-25
12507.4693	6.0E-25
12507.6326	3.83E-25
12507.8847	5.23E-25
12509.0574	2.8E-25
12509.2948	5.3E-25
12509.5252	1.1E-24
12509.7065	1.36E-24
12509.8965	6.69E-25
12510.1251	2.66E-25
12511.3826	3.5E-25
12511.6984	1.45E-24
12511.9182	5.6E-25
12512.0074	6.7E-25
12512.1018	6.0E-25
12512.3297	3.2E-25
12512.5016	9.8E-25
12512.9248	1.68E-24   6  4  E'  <-  7 5 E"   12976.1006 <-  463.0118  12513.0889   0  0  4  0  0  0  <-  0  0  0  0  0  0	1.74E-24 
12513.0662	1.00E-24   4  2  E'  <-  5 1 E"   12807.2047 <-  293.9711  12513.2337   0  0  4  0  0  0  <-  0  0  0  0  0  0	9.59E-25 
12513.2154	4.43E-25
12513.2938	3.9E-25
12513.4336	1.0E-24
12513.8274	3.37E-25
12514.5458	9.69E-25
12514.6801	1.02E-24   5  2  A2' <-  6 3 A2"  12899.8843 <-  383.3200  12516.5643   0  0  4  0  0  0  <-  0  0  0  0  0  0	3.44E-24 
12514.8936	6.3E-25
12515.3681	6.3E-25
12515.7016	1.03E-24
12515.8072	4.18E-25
12515.9589	7.77E-25
12516.1055	7.0E-25
12516.4522	4.2E-25
12516.8433	5.3E-25
12516.9666	1.01E-24
12517.0774	4.76E-24   4  1  A2" <-  5 0 A2'  12815.6976 <-  297.6448  12518.0528   0  0  4  0  0  0  <-  0  0  0  0  0  0	5.33E-24 
12517.5529	4.50E-25
12517.7433	4.47E-25
12517.9249	3.5E-25
12518.2010	1.3E-24
12518.2085	1.18E-24
12518.4506	2.50E-25
12518.5671	4.08E-25
12519.1426	6.0E-25
12519.3796	5.6E-25
12520.4811	3.2E-25
12520.5858	4.9E-25
12521.2548	3.36E-25
12521.5116	2.02E-24
12521.5979	3.57E-24
12521.8751	6.99E-25
12521.9380	3.54E-25
12522.1910	3.5E-25
12522.2869	3.9E-25
12522.6928	3.03E-25
12522.8026	3.9E-25
12523.0473	2.82E-25
12523.1311	7.4E-25
12523.4263	8.8E-25
12523.6847	2.28E-25
12523.8372	5.65E-25
12523.9546	4.74E-25
12524.3061	1.0E-24
12524.6564	4.9E-25
12525.4298	4.57E-24   6  6  A2' <-  7 6 A2"  12947.7858 <-  423.2205  12524.5653   0  0  4  0  0  0  <-  0  0  0  0  0  1	9.04E-25
12526.2982	4.46E-25
12526.5665	5.71E-25   5  2  A2" <-  6 3 A2'  12912.3785 <-  383.9805  12528.3979   0  0  4  0  0  1  <-  0  0  0  0  0  1	2.53E-24 
12526.8286	3.68E-24
12527.3718	4.34E-25   5  4  A2' <-  6 3 A2"  12913.6014 <-  383.3200  12530.2814   0  0  4  0  0  0  <-  0  0  0  0  0  0	2.91E-25
12527.4580	9.5E-25
12527.6903	1.17E-24   5  3  E"  <-  6 4 E'   12885.9037 <-  357.5840  12528.3197   0  0  4  0  0  0  <-  0  0  0  0  0  0	2.84E-24 
12528.0967	5.39E-25
12528.2473	9.99E-25   5  3  E"  <-  6 4 E'   12888.3453 <-  357.5840  12530.7613   0  0  4  0  0  0  <-  0  0  0  0  0  0	1.84E-25 
12528.2473	9.99E-25   4  3  A2' <-  5 3 A2"  12792.6131 <-  264.5172  12528.0959   0  0  4  0  0  1  <-  0  0  0  0  0  0	1.25E-25 
12528.8528	3.5E-25
12529.2320	3.79E-25   4  1  E"  <-  4 2 E'   12814.5152 <-  183.8301  12630.6851   0  0  4  0  0  0  <-  0  0  0  0  0  0	1.30E-24 
12529.4515	8.1E-25
12529.8802	5.3E-25    6  5  A2' <-  7 6 A2"  12955.3025 <-  423.2205  12532.0820   0  0  4  0  0  1  <-  0  0  0  0  0  1	1.90E-24
12529.8802	5.3E-25    4  0  A2" <-  5 0 A2'  12829.6757 <-  297.6448  12532.0308   0  0  4  0  0  1  <-  0  0  0  0  0  0	4.15E-25   
12530.0063	3.9E-25
12530.2806	1.29E-24   4  0  E'  <-  5 1 E"   12827.0713 <-  293.9711  12533.1003   0  0  4  0  0  0  <-  0  0  0  0  0  0	6.18E-25
12530.9789	9.39E-25   4  0  E'  <-  5 1 E"   12822.6577 <-  293.9711  12528.6866   0  0  4  0  0  0  <-  0  0  0  0  0  0	3.91E-25 
12530.9789	9.39E-25   4  1  E'  <-  5 2 E"   12819.3480 <-  283.6202  12535.7278   0  0  4  0  0  1  <-  0  0  0  0  0  1	6.67E-25
12531.1791	4.32E-25
12531.2373	7.7E-25
12532.0186	5.36E-25   3  3  E'  <-  4 2 E"   12718.7199 <-  184.5558  12534.1641   0  0  4  0  0  1  <-  0  0  0  0  0  1	3.37E-25
12532.2902	1.0E-24
12532.6392	3.9E-25
12532.9106	1.01E-24   5  0  A2' <-  6 3 A2"  12918.2295 <-  383.3200  12534.9095   0  0  4  0  0  0  <-  0  0  0  0  0  0	1.19E-24 
12533.4792	2.37E-24
12533.8530	7.0E-25
12533.9151	2.10E-25   4  0  E"  <-  5 1 E'   12831.3404 <-  294.6343  12536.7061   0  0  4  0  0  1  <-  0  0  0  0  0  1	4.55E-25 
12534.0066	2.91E-25
12534.3497	1.4E-24
12534.4807	2.96E-25
12534.6653	7.0E-25
12534.8718	4.76E-25
12535.1875	7.4E-25
12535.5034	4.9E-25
12535.8433	8.1E-25
12536.1175	3.16E-24
12536.3386	3.5E-25
12536.5424	4.98E-25
12536.6494	8.87E-25
12536.8091	1.2E-24
12536.9810	3.2E-25
12537.2178	1.2E-24
12537.4185	2.78E-25
12537.6462	3.18E-25
12537.8339	3.5E-25
12538.0863	4.6E-25
12538.6655	1.18E-24
12539.0830	2.8E-25
12539.5333	9.8E-25
12539.6971	1.27E-24   3  2  E'  <-  4 1 E"   12730.8776 <-  194.9083  12535.9694   0  0  4  0  0  0  <-  0  0  0  0  0  0	1.05E-24
12539.8930	4.6E-25
12540.0830	7.43E-25
12540.1491	8.1E-25
12540.2545	1.71E-24
12540.4619	3.9E-25    5  5  E"  <-  6 5 E'   12868.2540 <-  325.1263  12543.1277   0  0  4  0  0  0  <-  0  0  0  0  0  1	1.60E-25
12540.6164	2.24E-24
12540.9802	7.4E-25
12541.2752	7.31E-25
12541.3243	8.02E-25   3  2  E"  <-  4 1 E'   12736.8809 <-  195.6149  12541.2660   0  0  4  0  0  1  <-  0  0  0  0  0  1	1.10E-24 
12541.3243	8.02E-25   4  0  E'  <-  5 2 E"   12822.6577 <-  283.6202  12539.0375   0  0  4  0  0  0  <-  0  0  0  0  0  1	2.85E-25 
12541.5146	5.09E-25
12541.5738	6.0E-25    4  1  E"  <-  5 2 E'   12820.9249 <-  282.9391  12537.9857   0  0  4  0  0  0  <-  0  0  0  0  0  0	8.93E-25
12541.8348	4.48E-25   4  4  A2' <-  5 3 A2"  12806.7780 <-  264.5172  12542.2608   0  0  4  0  0  0  <-  0  0  0  0  0  0	1.06E-25 
12542.0723	6.68E-24   5  5  A2" <-  6 6 A2'  12828.9782 <-  283.5690  12545.4092   0  0  4  0  0  0  <-  0  0  0  0  0  0	1.16E-23
12542.2467	9.60E-25
12542.3932	5.3E-25
12542.7701	3.2E-25
12543.0614	4.17E-25
12543.8641	3.50E-24   3  1  A2' <-  4 0 A2"  12741.6482 <-  199.2978  12542.3504   0  0  4  0  0  1  <-  0  0  0  0  0  1	1.49E-24  
12544.0544	5.6E-25
12544.2233	6.55E-24   4  2  A2' <-  5 3 A2"  12808.9749 <-  264.5172  12544.4576   0  0  4  0  0  0  <-  0  0  0  0  0  0	4.47E-24
12544.7375	3.72E-24   4  2  A2" <-  5 3 A2'  12811.3267 <-  265.2288  12546.0979   0  0  4  0  0  1  <-  0  0  0  0  0  1	3.86E-24 
12544.9119	8.8E-25    3  1  A2' <-  4 0 A2"  12746.5713 <-  199.2978  12547.2735   0  0  4  0  0  1  <-  0  0  0  0  0  1	1.48E-24 
12545.9248	3.5E-25
12546.1134	7.0E-25
12546.4377	2.23E-25
12546.5122	7.7E-25
12547.1296	3.95E-25
12547.2754	8.4E-25
12547.8111	7.24E-25
12548.1520	3.2E-25
12548.3011	6.39E-24
12548.5669	1.77E-24
12548.6938	4.9E-25    4  3  E"  <-  5 4 E'   12790.2839 <-  238.6513  12551.6327   0  0  4  0  0  0  <-  0  0  0  0  0  0	5.37E-24
12548.7931	1.3E-24
12548.9422	7.7E-25    4  4  A2" <-  5 3 A2'  12817.6458 <-  265.2288  12552.4170   0  0  4  0  0  1  <-  0  0  0  0  0  1	4.33E-25 
12549.4751	2.29E-25   4  1  A2" <-  5 3 A2'  12815.6976 <-  265.2288  12550.4687   0  0  4  0  0  0  <-  0  0  0  0  0  1	8.36E-25 
12549.5437	1.04E-24
12549.8574	7.0E-25
12550.1392	1.93E-24   3  0  E'  <-  4 1 E"   12746.3841 <-  194.9083  12551.4758   0  0  4  0  0  0  <-  0  0  0  0  0  0	2.42E-24
12550.3244	3.5E-25
12550.4694	4.6E-25
12550.6301	4.9E-25
12550.7561	2.8E-25
12551.1366	9.8E-25
12551.4424	1.59E-24   3  1  E"  <-  4 2 E'   12740.3391 <-  183.8301  12556.5090   0  0  4  0  0  0  <-  0  0  0  0  0  0	1.51E-24
12551.8863	1.97E-24
12552.5597	9.8E-25
12552.7512	4.2E-25
12552.8441	4.63E-25   2  2  E'  <-  3 1 E"   12671.7701 <-  115.5377  12556.2324   0  0  4  0  0  0  <-  0  0  0  0  0  0	5.94E-25
12553.0912	7.7E-25
12553.4229	3.2E-25
12553.6248	8.4E-25
12553.9495	6.0E-25
12554.2140	5.3E-25
12554.5157	1.49E-24   3  0  E"  <-  4 1 E'   12752.0289 <-  195.6149  12556.4141   0  0  4  0  0  1  <-  0  0  0  0  0  1	1.80E-24
12554.7953	3.02E-24   4  3  E'  <-  5 4 E"   12796.4136 <-  239.4086  12557.0050   0  0  4  0  0  1  <-  0  0  0  0  0  1	3.99E-24 
12555.0074	2.52E-25   3  1  E'  <-  4 2 E"   12742.1144 <-  184.5558  12557.5587   0  0  4  0  0  1  <-  0  0  0  0  0  1	6.35E-25
12555.8684	3.9E-25
12556.1198	5.02E-24
12556.4039	5.88E-25
12556.6379	5.32E-25
12557.7916	4.9E-25
12557.9081	9.28E-25
12558.0752	4.59E-25
12558.5921	1.19E-24
12558.7332	9.1E-25
12559.0158	3.48E-25
12559.2917	3.67E-24   2  1  A2" <-  3 0 A2'  12682.6027 <-  119.2393  12563.3635   0  0  4  0  0  0  <-  0  0  0  0  0  0	5.17E-24
12559.4082	4.9E-25    7  7  A2" <-  7 6 A2'  12987.4457 <-  422.4542  12564.9914   0  0  4  0  0  0  <-  0  0  0  0  0  0	1.03E-24
12559.6406	1.90E-24
12559.7911	8.1E-25
12559.9850	4.6E-25
12560.4942	7.0E-25
12560.5972	7.0E-25
12560.6980	5.58E-25
12560.9541	3.98E-25
12561.3582	7.4E-25
12561.7952	2.8E-25
12562.1034	7.09E-24   3  2  A2' <-  4 3 A2"  12729.9911 <-  165.3307  12564.6604   0  0  4  0  0  0  <-  0  0  0  0  0  0	6.91E-24
12562.3430	4.21E-24
12562.8331	1.49E-24   3  1  E'  <-  4 2 E"   12749.1734 <-  184.5558  12564.6176   0  0  4  0  0  1  <-  0  0  0  0  0  1	2.72E-24 
12563.2126	9.8E-25
12563.5840	3.2E-25
12563.8789	8.8E-25
12563.9299	5.19E-25
12564.2266	3.5E-25
12564.3819	9.57E-25
12564.5463	5.17E-25
12564.8967	5.89E-25
12565.0133	3.9E-25
12565.7060	5.3E-25
12565.8946	2.56E-24   4  4  E"  <-  5 5 E'   12771.6080 <-  206.0854  12565.5226   0  0  4  0  0  1  <-  0  0  0  0  0  1	5.26E-24
12566.4920	8.8E-25
12566.6420	5.38E-25   2  2  E"  <-  3 1 E'   12678.7430 <-  116.2811  12562.4619   0  0  4  0  0  1  <-  0  0  0  0  0  1	5.37E-25 
12567.1036	5.6E-25
12567.7640	7.0E-25
12567.8729	7.7E-25
12567.9629	3.52E-25
12568.0027	1.2E-24
12568.4699	8.4E-25
12569.0146	9.46E-25
12569.2448	7.0E-25
12569.3857	2.55E-24
12569.6868	5.29E-24   3  2  A2" <-  4 3 A2'  12738.1795 <-  166.0892  12572.0903   0  0  4  0  0  1  <-  0  0  0  0  0  1	6.58E-24
12569.8218	5.37E-24
12570.0277	8.4E-25    7  7  A2' <-  7 6 A2"  12995.3526 <-  423.2205  12572.1320   0  0  4  0  0  1  <-  0  0  0  0  0  1	6.00E-25
12570.1614	6.58E-25   7  6  E'  <-  7 5 E"   13036.9726 <-  463.0118  12573.9609   0  0  4  0  0  0  <-  0  0  0  0  0  0	2.74E-25
12570.2824	3.94E-25
12570.3855	1.10E-24
12571.0243	3.23E-25
12571.2276	3.16E-25
12571.2966	3.46E-25
12571.6187	5.71E-25
12571.7315	4.2E-25
12572.2554	4.2E-25
12572.4031	6.29E-25
12573.0606	2.49E-25
12573.2208	1.83E-24
12573.3604	5.6E-25
12573.5312	4.41E-25   4  1  E"  <-  5 4 E'   12814.5152 <-  238.6513  12575.8639   0  0  4  0  0  0  <-  0  0  0  0  0  0	1.66E-25 
12573.6013	4.9E-25
12573.8122	2.8E-25    3  3  E"  <-  4 2 E'   12758.0402 <-  183.8301  12574.2101   0  0  4  0  0  0  <-  0  0  0  0  0  0	1.95E-25 
12574.6835	1.46E-24   5  4  A2' <-  6 6 A2"  12861.1086 <-  284.4065  12576.7021   0  0  4  0  0  0  <-  0  0  0  0  0  1	1.86E-25
12574.8041	5.43E-25
12575.1988	4.2E-25
12575.3175	2.76E-25
12575.4333	2.8E-25
12575.5739	2.11E-24    3  3  E"  <-  4 4 E'   12712.8911 <-  139.3556  12573.5356   0  0  4  0  0  0  <-  0  0  0  0  0  0	7.62E-24
12575.7512	7.0E-25
12575.8516	8.59E-25
12575.9542	2.36E-25
12576.2077	1.62E-24
12576.3347	2.53E-25   6  3  A2" <-  7 6 A2'  12995.2238 <-  422.4542  12572.7696   0  0  4  0  0  0  <-  0  0  0  0  0  0	1.51E-25 
12576.7056	4.2E-25
12576.7879	3.74E-25   6  6  E'  <-  6 5 E"   12902.3130 <-  324.3664  12577.9466   0  0  4  0  0  0  <-  0  0  0  0  0  0	7.24E-25
12576.7879	3.74E-25   2  1  E"  <-  3 2 E'   12680.5364 <-  104.4223  12576.1141   0  0  4  0  0  0  <-  0  0  0  0  0  0	8.59E-25 
12576.8514	3.03E-24
12577.1406	9.61E-25   2  1  E"  <-  3 2 E'   12684.8262 <-  104.4223  12580.4039   0  0  4  0  0  0  <-  0  0  0  0  0  0	4.27E-24 
12577.3967	2.01E-24
12577.4138	1.3E-24
12577.4652	8.39E-25   3  1  A2" <-  4 3 A2'  12744.7400 <-  166.0892  12578.6507   0  0  4  0  0  0  <-  0  0  0  0  0  1	3.86E-25  
12577.6532	3.05E-25
12577.8453	3.5E-25    3  1  A2' <-  4 3 A2"  12741.6482 <-  165.3307  12576.3175   0  0  4  0  0  1  <-  0  0  0  0  0  0	2.70E-25  
12577.8453	3.5E-25    7  5  E"  <-  7 4 E'   13075.3003 <-  496.0359  12579.2644   0  0  4  0  0  0  <-  0  0  0  0  0  0	3.44E-25   
12578.1315	5.3E-25
12578.2291	5.6E-25
12578.4242	7.37E-25
12578.5670	4.2E-25
12578.8616	8.8E-25    3  1  A2' <-  4 3 A2"  12746.5713 <-  165.3307  12581.2406   0  0  4  0  0  1  <-  0  0  0  0  0  0	3.15E-25 
12578.9618	2.12E-25
12579.1247	6.43E-25
12579.2202	4.08E-25
12579.3270	6.40E-25   4  3  E"  <-  5 5 E'   12789.5558 <-  206.0854  12583.4704   0  0  4  0  0  0  <-  0  0  0  0  0  1	1.29E-25
12579.6598	9.81E-25
12580.4682	6.3E-25
12580.6300	1.34E-24
12580.9680	4.67E-25
12581.3022	5.83E-25
12581.6848	5.19E-25
12582.0268	6.29E-25
12582.6268	4.21E-24   2  1  E'  <-  3 2 E"   12689.7044 <-  105.1857  12584.5187   0  0  4  0  0  1  <-  0  0  0  0  0  1	4.54E-24
12583.3024	9.63E-24
12583.3707	2.11E-24
12583.5269	7.4E-25
12583.5803	5.92E-25
12583.7700	2.82E-25
12583.8538	2.73E-25
12583.9661	4.95E-25
12584.3806	5.05E-25
12584.5168	3.9E-25
12584.7184	4.56E-25   6  5  E"  <-  6 4 E'   12942.7868 <-  357.5840  12585.2028   0  0  4  0  0  0  <-  0  0  0  0  0  0	4.48E-25
12584.7184	4.56E-25   7  5  E'  <-  7 4 E"   13080.2455 <-  496.6783  12583.5671   0  0  4  0  0  1  <-  0  0  0  0  0  1	6.40E-25   
12585.0767	9.8E-25    4  1  A2" <-  5 0 A2'  12884.3506 <-  297.6448  12586.7057   0  0  4  0  0  0  <-  0  0  0  0  0  0	1.36E-24
12585.4879	1.61E-24   2  2  A2' <-  3 3 A2"  12673.0216 <-   85.8603  12587.1613   0  0  4  0  0  0  <-  0  0  0  0  0  0	1.48E-23
12585.7933	3.9E-25
12586.4101	4.6E-25 
12586.5685	6.53E-25   6  4  A2' <-  6 3 A2"  12972.3181 <-  383.3200  12588.9981   0  0  4  0  0  0  <-  0  0  0  0  0  0	2.53E-24
12586.7072	4.2E-25    5  5  E"  <-  5 4 E'   12827.0873 <-  238.6513  12588.4360   0  0  4  0  0  0  <-  0  0  0  0  0  0	1.02E-24
12586.9628	5.92E-25
12587.1713	5.88E-25
12587.4149	3.53E-25
12587.5383	4.6E-25
12587.6599	4.9E-25
12587.8698	5.6E-25
12588.0448	3.02E-25
12588.2265	2.06E-24   1  0  E'  <-  2 1 E"   12648.5232 <-   55.9392  12592.5840   0  0  4  0  0  0  <-  0  0  0  0  0  0	3.18E-24 
12588.4395	1.6E-24
12588.7337	8.57E-24   2  2  A2" <-  3 3 A2'  12678.4242 <-   86.6583  12591.7659   0  0  4  0  0  1  <-  0  0  0  0  0  1	1.25E-23
12588.8813	2.69E-25   6  5  E"  <-  6 4 E'   12947.0277 <-  357.5840  12589.4437   0  0  4  0  0  0  <-  0  0  0  0  0  0	2.77E-25
12589.0074	4.44E-25
12589.0648	1.22E-24
12589.4514	6.94E-25
12589.5173	6.41E-25
12589.6917	4.73E-25   1  1  A2' <-  2 0 A2"  12650.9560 <-   60.4155  12590.5405   0  0  4  0  0  1  <-  0  0  0  0  0  1	3.53E-24
12589.8824	3.16E-25
12590.3277	2.8E-25
12590.8899	1.1E-24
12590.9831	7.51E-25
12591.1953	3.2E-25
12591.3387	7.18E-25
12591.4459	3.17E-25
12591.8613	9.20E-25   2  1  A2" <-  3 3 A2'  12682.6027 <-   86.6583  12595.9444   0  0  4  0  0  0  <-  0  0  0  0  0  1	1.59E-25
12591.9025	6.0E-25
12592.1814	1.93E-24   3  3  A2" <-  4 3 A2'  12757.0767 <-  166.0892  12590.9875   0  0  4  0  0  0  <-  0  0  0  0  0  1	4.28E-25 
12592.3419	4.2E-25
12592.6812	4.24E-24
12592.9582	3.5E-25
12593.5962	4.6E-25
12593.8834	4.43E-25
12593.9502	2.04E-24
12594.0321	4.56E-25
12594.2023	9.70E-25
12594.4002	1.3E-24
12594.5613	1.40E-24   5  4  A2' <-  5 3 A2"  12861.1086 <-  264.5172  12596.5914   0  0  4  0  0  0  <-  0  0  0  0  0  0	3.62E-24
12594.6381	1.43E-24
12594.8991	3.9E-25
12595.1390	1.80E-24
12595.4951	2.68E-25
12595.5826	6.04E-25
12595.8115	3.39E-24
12595.9174	2.96E-25
12596.1304	3.20E-24
12596.2912	2.14E-24
12596.4004	3.2E-25    5  5  E'  <-  5 4 E"   12834.8273 <-  239.4086  12595.4187   0  0  4  0  0  1  <-  0  0  0  0  0  1	1.18E-24
12596.4004	3.2E-25    5  3  A2" <-  6 6 A2'  12881.4929 <-  283.5690  12597.9239   0  0  4  0  0  0  <-  0  0  0  0  0  0	6.49E-25
12596.6111	1.49E-24
12596.9112	5.32E-25
12597.1168	3.13E-25
12597.1969	3.16E-25
12597.4424	6.25E-25   6  4  A2' <-  6 3 A2"  12982.1619 <-  383.3200  12598.8419   0  0  4  0  0  0  <-  0  0  0  0  0  0	7.54E-25
12597.6826	2.30E-24   4  4  A2' <-  4 3 A2"  12764.6944 <-  165.3307  12599.3637   0  0  4  0  0  0  <-  0  0  0  0  0  0	2.56E-24
12597.9233	3.9E-25
12598.0746	3.51E-25
12598.2317	3.9E-25
12598.4368	4.21E-25
12598.6160	8.15E-25
12598.6760	7.72E-25
12598.7423	5.72E-25
12598.8817	6.01E-25
12599.0618	1.70E-24
12599.1988	5.21E-25
12599.3658	3.72E-25
12599.5976	1.02E-24
12599.6484	1.79E-24
12599.9647	9.67E-25    5  4  A2" <-  5 3 A2'  12867.2502 <-  265.2288  12602.0214   0  0  4  0  0  1  <-  0  0  0  0  0  1	3.79E-24
12600.1949	1.93E-24    7  7  A2" <-  7 6 A2'  13026.3872 <-  422.4542  12603.9330   0  0  4  0  0  0  <-  0  0  0  0  0  0	8.79E-25
12600.6057	1.03E-24
12600.7016	5.80E-25
12601.0630	2.32E-25
12601.2731	1.91E-24   5  5  A2" <-  6 6 A2'  12886.1490 <-  283.5690  12602.5800   0  0  3  0  2  0  <-  0  0  0  0  0  0	2.61E-24 
12601.4144	7.4E-25
12601.5263	1.2E-24
12601.6668	5.6E-25
12601.7878	9.39E-25   1  1  E'  <-  2 2 E"   12647.9248 <-   45.5886  12602.3362   0  0  4  0  0  1  <-  0  0  0  0  0  1	1.71E-25
12602.0367	2.89E-25
12602.3409	4.56E-25   5  3  E"  <-  5 2 E'   12885.9037 <-  282.9391  12602.9646   0  0  4  0  0  0  <-  0  0  0  0  0  0	1.61E-25 
12602.4286	3.32E-25
12602.5221	4.06E-24   1  1  E"  <-  2 2 E'   12644.9837 <-   44.7955  12600.1883   0  0  4  0  0  0  <-  0  0  0  0  0  0	5.35E-24
12602.7239	9.5E-25
12602.8927	1.78E-24   5  3  E"  <-  5 2 E'   12888.3453 <-  282.9391  12605.4062   0  0  4  0  0  0  <-  0  0  0  0  0  0	8.68E-25 
12603.1568	3.56E-25
12603.3611	4.6E-25
12603.6185	3.2E-25
12603.8007	4.94E-25
12603.9720	1.17E-24   3  3  E"  <-  3 2 E'   12711.1960 <-  104.4223  12606.7738   0  0  4  0  0  0  <-  0  0  0  0  0  0	1.96E-24 
12604.0865	6.30E-25
12604.2650	6.3E-25
12604.3490	6.04E-25   4  4  A2" <-  4 3 A2'  12770.1520 <-  166.0892  12604.0628   0  0  4  0  0  1  <-  0  0  0  0  0  1	1.73E-24
12605.4054	3.91E-25
12605.6510	3.76E-25
12605.9000	1.20E-24
12606.1471	5.3E-25    4  4  A2' <-  4 0 A2"  12807.4511 <-  199.2978  12608.1534   0  0  4  0  0  0  <-  0  0  0  0  0  1	1.39E-24
12606.2624	1.3E-24
12606.3935	7.0E-25
12606.6263	4.06E-25
12607.0414	5.14E-25   4  4  A2' <-  4 0 A2"  12806.7780 <-  199.2978  12607.4803   0  0  4  0  0  0  <-  0  0  0  0  0  1	1.47E-24 
12607.0414	5.14E-25   5  3  E'  <-  5 2 E"   12891.0609 <-  283.6202  12607.4407   0  0  4  0  0  1  <-  0  0  0  0  0  1	1.34E-24
12607.1112	9.35E-25
12607.4497	1.31E-24
12607.6385	5.82E-25
12607.8208	2.33E-24
12607.9931	3.9E-25
12608.1074	1.2E-24
12608.2377	5.6E-25
12608.3754	5.12E-25
12608.6402	1.54E-24
12608.9038	3.88E-25
12609.1754	3.53E-24
12609.3228	5.18E-25
12609.3783	7.4E-25
12609.5396	1.31E-24
12609.6782	4.33E-25
12610.0386	3.64E-25
12610.0792	8.8E-25
12610.1521	1.03E-24
12610.3930	1.25E-24
12610.5322	2.78E-24
12610.6479	7.7E-25
12610.7490	9.5E-25
12610.9369	3.74E-25
12611.3898	1.36E-24   3  3  E'  <-  3 2 E"   12718.7199 <-  105.1857  12613.5342   0  0  4  0  0  1  <-  0  0  0  0  0  1	1.58E-24
12611.6443	4.79E-25
12611.7757	2.99E-25
12611.9110	3.5E-25
12612.0384	3.75E-25
12612.1270	2.63E-24   4  2  E'  <-  4 1 E"   12807.2047 <-  194.9083  12612.2965   0  0  4  0  0  0  <-  0  0  0  0  0  0	1.51E-24 
12612.3248	8.4E-25
12612.4579	4.66E-25   2  2  E'  <-  2 1 E"   12671.7701 <-   55.9392  12615.8309   0  0  4  0  0  0  <-  0  0  0  0  0  0	2.34E-24
12612.6121	6.53E-25   5  2  A2" <-  5 0 A2'  12912.3785 <-  297.6448  12614.7336   0  0  4  0  0  1  <-  0  0  0  0  0  0	2.36E-25 
12612.6595	1.60E-24   7  2  A2' <-  7 3 A2"  13137.3830 <-  521.6243  12615.7587   0  0  4  0  0  0  <-  0  0  0  0  0  0	2.04E-24 
12612.7671	1.2E-24
12612.9708	4.83E-24
12613.0653	4.93E-25
12613.3851	7.38E-25
12613.5858	2.18E-24
12613.6266	4.23E-24
12613.7362	1.74E-24
12614.0458	3.9E-25
12614.2097	5.3E-25
12614.3176	7.65E-25
12614.5374	1.45E-24
12614.7472	2.25E-25   5  3  A2" <-  5 3 A2'  12881.4929 <-  265.2288  12616.2641   0  0  4  0  0  0  <-  0  0  0  0  0  1	6.84E-25
12614.8431	3.36E-25
12614.9672	3.85E-25   2  1  A2" <-  3 0 A2'  12737.6518 <-  119.2393  12618.4126   0  0  4  0  0  0  <-  0  0  0  0  0  0	2.01E-24 
12615.2513	3.99E-25
12615.6205	4.64E-25
12615.7502	6.3E-25
12615.9804	2.37E-24
12616.2329	5.3E-25
12616.2815	9.73E-25   4  3  E"  <-  5 4 E'   12856.2817 <-  238.6513  12617.6304   0  0  4  0  0  0  <-  0  0  0  0  0  0	1.46E-24 
12616.7240	1.68E-24
12616.8109	6.47E-25
12616.9751	1.89E-24
12617.1267	3.05E-24
12617.3784	3.89E-25
12617.4250	3.69E-25
12617.5739	4.41E-25
12617.6448	2.41E-25
12617.7830	4.9E-25
12617.8464	1.08E-24
12618.2979	4.72E-25
12618.7555	4.28E-25
12619.0564	1.03E-24   3  2  E'  <-  3 1 E"   12730.8776 <-  115.5377  12615.3399   0  0  4  0  0  0  <-  0  0  0  0  0  0	1.98E-24
12619.1196	5.66E-25
12619.2998	7.32E-25
12619.4248	4.04E-25
12619.6707	7.16E-24   1  1  A2" <-  1 0 A2'  12644.8754 <-   19.8901  12624.9852   0  0  4  0  0  0  <-  0  0  0  0  0  0	1.23E-23
12619.6707	7.16E-24   4  1  E'  <-  4 1 E"   12819.3480 <-  194.9083  12624.4397   0  0  4  0  0  1  <-  0  0  0  0  0  0	9.08E-25
12619.7504	8.42E-25
12620.0286	1.27E-24
12620.1029	1.13E-24
12620.3100	1.51E-24
12620.4002	8.00E-25
12620.4498	3.74E-25
12620.6087	1.39E-24
12620.6589	2.12E-24   3  2  E"  <-  3 1 E'   12736.8809 <-  116.2811  12620.5998   0  0  4  0  0  1  <-  0  0  0  0  0  1	1.26E-24 
12621.0052	8.97E-25
12621.1494	1.49E-24   4  3  A2" <-  4 3 A2'  12785.4952 <-  166.0892  12619.4060   0  0  4  0  0  0  <-  0  0  0  0  0  1	1.39E-24 
12621.2790	2.73E-24   5  1  A2" <-  5 0 A2'  12919.1662 <-  297.6448  12621.5214   0  0  4  0  0  0  <-  0  0  0  0  0  0	6.16E-24
12621.5178	6.7E-25
12621.6581	6.12E-25
12621.9593	5.22E-25
12622.0812	2.98E-25
12622.1754	3.5E-25
12622.4441	1.39E-24
12622.5734	7.70E-25
12622.7450	4.6E-25
12622.8725	8.30E-25
12623.0173	4.09E-25
12623.0684	2.57E-25
12623.4160	1.2E-24
12623.6429	2.85E-25
12623.8304	2.27E-24
12623.9403	5.30E-25
12624.1762	1.12E-24
12624.2345	1.43E-23
12624.3138	1.39E-23   3  1  A2" <-  3 0 A2'  12744.7400 <-  119.2393  12625.5007   0  0  4  0  0  0  <-  0  0  0  0  0  0	2.02E-23  
12624.4282	9.70E-25
12624.6593	5.6E-25
12624.8746	4.53E-25
12624.9362	1.44E-24
12625.2168	9.10E-25
12625.3591	6.7E-25
12625.5168	3.5E-25
12625.9970	5.51E-25
12626.1345	5.03E-25
12626.2083	3.30E-25   2  2  E"  <-  2 1 E'   12678.7430 <-   56.7114  12622.0316   0  0  4  0  0  1  <-  0  0  0  0  0  1	1.89E-24 
12626.5341	4.6E-25
12626.7005	1.2E-24
12626.8054	5.26E-25
12626.8956	5.87E-25
12626.9574	9.8E-25    5  5  E"  <-  5 4 E'   12868.2540 <-  238.6513  12629.6027   0  0  4  0  0  0  <-  0  0  0  0  0  0	8.08E-25 
12627.1240	1.76E-24
12627.2536	6.25E-25   3  2  A2' <-  4 3 A2"  12789.2593 <-  165.3307  12623.9286   0  0  4  0  0  0  <-  0  0  0  0  0  0	1.99E-24 
12627.4334	3.71E-25   4  3  A2' <-  4 3 A2"  12792.6131 <-  165.3307  12627.2824   0  0  4  0  0  1  <-  0  0  0  0  0  0	1.65E-24 
12627.5686	6.87E-25
12627.6274	1.12E-23
12627.7453	5.33E-25
12627.8227	7.0E-25
12627.9892	2.73E-24   1  0  E'  <-  1 1 E"   12648.5232 <-   16.1729  12632.3503   0  0  4  0  0  0  <-  0  0  0  0  0  0	1.96E-24
12628.0249	1.3E-24
12628.1534	5.64E-25   5  4  A2" <-  5 0 A2'  12923.4206 <-  297.6448  12625.7757   0  0  4  0  0  1  <-  0  0  0  0  0  0	3.22E-24 
12628.2032	1.35E-23   2  1  A2' <-  2 0 A2"  12691.7132 <-   60.4155  12631.2977   0  0  4  0  0  1  <-  0  0  0  0  0  1	1.84E-23
12628.3454	2.32E-24
12628.5471	4.00E-24
12628.6165	5.71E-25
12628.7811	3.77E-25
12628.9863	3.42E-24 !!
12629.1082	1.41E-24
12629.2564	1.0E-24    5  0  E'  <-  5 1 E"   12920.2978 <-  293.9711  12626.3267   0  0  4  0  0  0  <-  0  0  0  0  0  0	3.91E-24
12629.3484	3.12E-25   4  0  E'  <-  4 1 E"   12827.0713 <-  194.9083  12632.1631   0  0  4  0  0  0  <-  0  0  0  0  0  0	1.54E-24 
12629.5090	3.91E-24   3  0  E'  <-  3 1 E"   12746.3841 <-  115.5377  12630.8464   0  0  4  0  0  0  <-  0  0  0  0  0  0	5.61E-24
12629.5535	7.60E-25
12629.6419	1.05E-24
12629.7187	3.13E-24
12629.7827	6.05E-25
12630.0294	3.29E-24   4  0  E'  <-  4 1 E"   12822.6577 <-  194.9083  12627.7494   0  0  4  0  0  0  <-  0  0  0  0  0  0	2.21E-24 
12630.0294	3.29E-24   4  1  E'  <-  4 2 E"   12819.3480 <-  184.5558  12634.7922   0  0  4  0  0  1  <-  0  0  0  0  0  1	1.65E-24 
12630.2380	3.34E-24
12630.4803	3.67E-25
12630.8542	9.8E-25    3  1  E"  <-  3 2 E'   12740.3391 <-  104.4223  12635.9168   0  0  4  0  0  0  <-  0  0  0  0  0  0	1.35E-24
12630.9902	7.51E-25
12631.0494	8.1E-25
12631.1688	6.63E-25
12631.2077	2.25E-24   1  1  E'  <-  1 1 E"   12647.9248 <-   16.1729  12631.7519   0  0  4  0  0  1  <-  0  0  0  0  0  0	1.62E-24
12631.2322	1.93E-24
12631.3854	1.10E-24
12631.7552	6.7E-25
12631.8546	5.07E-25   3  1  E'  <-  3 1 E"   12749.1734 <-  115.5377  12633.6356   0  0  4  0  0  1  <-  0  0  0  0  0  0	2.65E-25 
12631.9125	6.77E-25
12632.1392	9.46E-25
12632.2441	2.89E-25
12632.3139	3.5E-25
12632.6607	4.72E-24
12632.9224	1.03E-24   4  0  E"  <-  4 1 E'   12831.3404 <-  195.6149  12635.7256   0  0  4  0  0  1  <-  0  0  0  0  0  1	3.58E-24 
12632.9553	2.87E-24   6  2  A2" <-  6 3 A2'  13016.5572 <-  383.9805  12632.5766   0  0  4  0  0  1  <-  0  0  0  0  0  1	2.96E-24 
12633.0520	9.44E-25
12633.1527	7.80E-25
12633.2234	2.96E-25
12633.4808	1.20E-24   5  2  A2' <-  5 3 A2"  12899.8843 <-  264.5172  12635.3671   0  0  4  0  0  0  <-  0  0  0  0  0  0	4.33E-24 
12633.5805	7.64E-25
12633.6887	9.25E-25
12633.8481	3.90E-24   3  0  E"  <-  3 1 E'   12752.0289 <-  116.2811  12635.7478   0  0  4  0  0  1  <-  0  0  0  0  0  1	5.61E-24
12633.8844	1.31E-24
12633.9607	5.16E-25
12634.0595	4.2E-25
12634.2511	2.95E-24
12634.3858	1.63E-24   3  1  E'  <-  3 2 E"   12742.1144 <-  105.1857  12636.9287   0  0  4  0  0  1  <-  0  0  0  0  0  1	8.45E-25
12634.4188	1.16E-24
12634.5048	1.86E-24
12634.6075	3.44E-25
12634.6613	9.48E-25
12634.7726	8.78E-25
12635.0441	5.75E-25
12635.2984	2.97E-24
12635.4572	7.7E-25
12635.7307	5.54E-25
12635.9278	4.20E-24
12635.9861	4.46E-25
12636.0374	2.56E-24
12636.1119	2.23E-25
12636.2480	7.4E-25
12636.2951	1.40E-24
12636.4138	8.30E-25   5  5  E'  <-  5 4 E"   12878.6184 <-  239.4086  12639.2098   0  0  4  0  0  1  <-  0  0  0  0  0  1	1.00E-24
12636.4138	8.30E-25   2  1  E"  <-  2 2 E'   12680.5364 <-   44.7955  12635.7409   0  0  4  0  0  0  <-  0  0  0  0  0  0	4.47E-25
12636.4734	2.81E-25
12636.5530	2.50E-24
12636.6568	4.64E-25
12636.7732	6.04E-25   2  1  E"  <-  2 2 E'   12684.8262 <-   44.7955  12640.0308   0  0  4  0  0  0  <-  0  0  0  0  0  0	2.29E-24 
12636.8470	4.14E-25
12637.0193	1.01E-24
12637.1325	2.25E-24
12637.5275	5.6E-25
12637.6241	5.3E-25
12637.7088	4.94E-25
12637.9985	1.60E-24
12638.1456	6.59E-25
12638.4362	3.9E-25
12638.6854	4.2E-25
12638.7846	2.27E-24
12638.8308	1.76E-24
12639.0446	1.16E-24   3  3  A2" <-  3 0 A2'  12757.0767 <-  119.2393  12637.8374   0  0  4  0  0  0  <-  0  0  0  0  0  0	2.65E-25 
12639.0866	3.23E-25
12639.1529	8.70E-25
12639.2582	2.70E-25
12639.3647	2.78E-24
12639.4789	2.03E-24
12639.6894	4.71E-25   4  0  E'  <-  4 2 E"   12827.0713 <-  184.5558  12642.5156   0  0  4  0  0  0  <-  0  0  0  0  0  1	5.82E-25 
12639.7312	9.21E-25
12639.8993	2.65E-25
12640.1285	6.7E-25    4  4  A2' <-  4 3 A2"  12807.4511 <-  165.3307  12642.1204   0  0  4  0  0  0  <-  0  0  0  0  0  0	2.08E-24
12640.1927	9.56E-25
12640.3554	2.39E-24   4  0  E'  <-  4 2 E"   12822.6577 <-  184.5558  12638.1019   0  0  4  0  0  0  <-  0  0  0  0  0  1	4.22E-25 
12640.5746	1.24E-24   7  0  A2' <-  7 3 A2"  13163.9509 <-  521.6243  12642.3266   0  0  4  0  0  0  <-  0  0  0  0  0  0	4.00E-25
12640.6727	1.00E-24   4  1  E"  <-  4 2 E'   12820.9249 <-  183.8301  12637.0947   0  0  4  0  0  0  <-  0  0  0  0  0  0	1.73E-24 
12640.8498	3.10E-24
12641.0621	4.65E-25
12641.1371	1.03E-24
12641.2829	2.83E-25
12641.3455	1.01E-24
12641.5806	3.43E-24   3  2  A2' <-  3 3 A2"  12729.9911 <-   85.8603  12644.1309   0  0  4  0  0  0  <-  0  0  0  0  0  0	2.70E-24 
12641.7560	9.95E-25
12642.0311	1.1E-24
12642.2120	3.18E-24   2  1  E'  <-  2 2 E"   12689.7044 <-   45.5886  12644.1158   0  0  4  0  0  1  <-  0  0  0  0  0  1	2.58E-24
12642.2120	3.18E-24   3  1  E'  <-  3 2 E"   12749.1734 <-  105.1857  12643.9877   0  0  4  0  0  1  <-  0  0  0  0  0  1	2.84E-24 
12642.3010	4.04E-25
12642.4960	9.64E-25
12642.6521	7.4E-25
12642.7159	3.96E-25
12643.0105	4.6E-25
12643.1627	2.17E-25
12643.2936	3.24E-24   2  2  A2' <-  3 3 A2"  12730.9886 <-   85.8603  12645.1283   0  0  4  0  0  0  <-  0  0  0  0  0  0	6.08E-24
12643.4090	5.60E-24   4  2  A2' <-  4 3 A2"  12808.9749 <-  165.3307  12643.6442   0  0  4  0  0  0  <-  0  0  0  0  0  0	2.30E-24
12643.7478	1.56E-24
12643.8732	2.41E-24   4  2  A2" <-  4 3 A2'  12811.3267 <-  166.0892  12645.2375   0  0  4  0  0  1  <-  0  0  0  0  0  1	3.69E-24
12644.0186	3.60E-25
12644.2601	2.13E-25
12644.7001	9.1E-25
12645.0033	6.54E-25
12645.0421	4.79E-24   5  2  A2" <-  5 3 A2'  12912.3785 <-  265.2288  12647.1496   0  0  4  0  0  1  <-  0  0  0  0  0  1	4.20E-24 
12645.0991	3.83E-24
12645.2529	2.67E-24
12645.3214	1.44E-24
12645.3810	3.73E-25
12645.5031	1.05E-24
12645.5936	3.10E-25
12645.6515	2.8E-25
12646.0432	1.63E-24
12646.1129	2.27E-24
12646.1802	9.79E-25   5  4  A2' <-  5 3 A2"  12913.6014 <-  264.5172  12649.0842   0  0  4  0  0  0  <-  0  0  0  0  0  0	1.12E-24
12646.2674	4.62E-25
12646.6261	6.07E-25   5  3  E"  <-  5 4 E'   12885.9037 <-  238.6513  12647.2524   0  0  4  0  0  0  <-  0  0  0  0  0  0	1.53E-24 
12646.7968	1.34E-24
12647.0334	1.05E-24
12647.1618	1.08E-24
12647.5373	3.80E-25   2  1  A2" <-  3 3 A2'  12737.6518 <-   86.6583  12650.9936   0  0  4  0  0  0  <-  0  0  0  0  0  1	1.23E-25 
12647.8607	3.61E-25
12647.9954	8.8E-25    4  3  E"  <-  4 4 E'   12790.2839 <-  139.3556  12650.9284   0  0  4  0  0  0  <-  0  0  0  0  0  0	1.35E-24
12648.0695	2.95E-25   4  4  A2" <-  4 3 A2'  12817.6458 <-  166.0892  12651.5566   0  0  4  0  0  1  <-  0  0  0  0  0  1	1.57E-24 
12648.2314	5.30E-25
12648.7360	4.2E-25
12648.8223	2.33E-25
12648.9100	7.72E-25
12649.0047	7.25E-25
12649.1123	2.00E-24   3  2  A2" <-  3 3 A2'  12738.1795 <-   86.6583  12651.5212   0  0  4  0  0  1  <-  0  0  0  0  0  1	2.47E-24
12649.1553	1.08E-24
12649.3087	2.97E-24   1  1  A2' <-  0 0 A2"  12650.9560 <-    0.7953  12650.1607   0  0  4  0  0  1  <-  0  0  0  0  0  1	8.43E-24
12649.6426	7.0E-25
12649.7001	3.16E-25
12649.8077	1.2E-24
12649.9581	8.36E-25
12650.1387	4.85E-25
12650.3206	8.20E-25
12650.4692	3.9E-25
12650.7643	3.5E-25
12650.8944	1.36E-24
12650.9321	1.79E-24
12651.1770	3.60E-25
12651.2454	5.67E-25
12651.4666	5.54E-25
12651.5679	8.28E-25   6  4  E'  <-  6 5 E"   12976.1006 <-  324.3664  12651.7342   0  0  4  0  0  0  <-  0  0  0  0  0  0	8.76E-25
12651.7184	8.41E-25   5  0  A2' <-  5 3 A2"  12918.2295 <-  264.5172  12653.7122   0  0  4  0  0  0  <-  0  0  0  0  0  0	1.28E-24 
12651.9149	3.2E-25
12652.2202	3.9E-25    2  2  E'  <-  1 1 E"   12671.7701 <-   16.1729  12655.5972   0  0  4  0  0  0  <-  0  0  0  0  0  0	6.12E-24
12652.4157	8.8E-25
12652.5730	4.6E-25
12652.9512	4.15E-25
12653.1283	7.79E-25
12653.2271	4.9E-25    3  3  E"  <-  3 2 E'   12758.0402 <-  104.4223  12653.6179   0  0  4  0  0  0  <-  0  0  0  0  0  0	1.17E-24 
12653.3257	2.8E-25
12653.6960	3.13E-25   5  1  A2" <-  5 3 A2'  12919.1662 <-  265.2288  12653.9374   0  0  4  0  0  0  <-  0  0  0  0  0  1	2.25E-25
12653.8660	1.61E-24
12654.0417	9.34E-25   4  3  E'  <-  4 4 E"   12796.4136 <-  140.1626  12656.2510   0  0  4  0  0  1  <-  0  0  0  0  0  1	1.30E-24 
12654.1125	6.26E-25
12654.1659	5.62E-25
12654.4440	2.55E-25
12654.5290	3.73E-25
12655.2331	1.33E-24
12655.3073	2.04E-24
12655.5021	4.05E-25   2  2  A2" <-  1 0 A2'  12678.4242 <-   19.8901  12658.5341   0  0  4  0  0  1  <-  0  0  0  0  0  0	1.44E-25
12655.6942	1.05E-24
12655.7407	1.79E-24
12655.8455	5.37E-25
12655.9719	2.16E-24
12656.1374	2.63E-24
12656.2362	3.45E-25
12656.4813	3.31E-24
12656.9243	3.02E-25
12657.0495	9.53E-25
12657.1239	4.83E-25
12657.3038	1.60E-24   3  1  A2' <-  3 3 A2"  12741.6482 <-   85.8603  12655.7879   0  0  4  0  0  1  <-  0  0  0  0  0  0	1.08E-25  
12657.4573	2.11E-24
12658.0798	1.16E-24
12658.1234	1.22E-24
12658.2966	7.0E-25
12658.3903	3.39E-25
12658.5177	2.49E-24
12658.6396	6.58E-24   2  1  A2" <-  1 0 A2'  12682.6027 <-   19.8901  12662.7126   0  0  4  0  0  0  <-  0  0  0  0  0  0	9.72E-24
12659.0435	3.65E-25
12659.2794	1.39E-24
12659.5514	1.55E-24   3  3  E'  <-  3 2 E"   12768.9027 <-  105.1857  12663.7170   0  0  4  0  0  1  <-  0  0  0  0  0  1	8.85E-25
12659.5514	1.55E-24   5  5  A2" <-  4 3 A2'  12828.9782 <-  166.0892  12662.8890   0  0  4  0  0  0  <-  0  0  0  0  0  1	1.61E-25
12659.7098	2.46E-24
12659.9518	4.9E-25
12660.1214	6.19E-25
12660.3197	8.8E-25
12660.4950	9.86E-25
12660.5674	4.62E-25   5  4  A2" <-  5 3 A2'  12923.4206 <-  265.2288  12658.1917   0  0  4  0  0  1  <-  0  0  0  0  0  1	2.16E-25 
12661.0251	8.35E-25
12661.1940	9.02E-25
12661.4441	4.9E-25    4  0  A2" <-  4 3 A2'  12829.6757 <-  166.0892  12663.5864   0  0  4  0  0  1  <-  0  0  0  0  0  1	9.67E-25
12661.9110	3.15E-25
12662.7204	6.81E-25
12662.8187	3.17E-24
12662.8971	5.26E-25
12663.4188	3.76E-25
12663.4955	7.7E-25
12663.6018	4.80E-24   3  3  E"  <-  2 2 E'   12711.1960 <-   44.7955  12666.4006   0  0  4  0  0  0  <-  0  0  0  0  0  0	7.32E-24 
12663.6644	1.11E-24
12664.0528	2.31E-25
12664.0978	8.38E-25
12664.2436	1.39E-24   6  6  A2' <-  6 6 A2"  12947.7858 <-  284.4065  12663.3793   0  0  4  0  0  0  <-  0  0  0  0  0  1	2.41E-24 
12664.2436	1.39E-24   2  1  E"  <-  1 1 E'   12680.5364 <-   16.9651  12663.5712   0  0  4  0  0  0  <-  0  0  0  0  0  1	1.70E-24 
12664.5315	1.98E-24
12664.5941	5.67E-25   2  1  E"  <-  1 1 E'   12684.8262 <-   16.9651  12667.8611   0  0  4  0  0  0  <-  0  0  0  0  0  1	2.13E-25 
12664.8423	1.07E-24
12664.9705	9.78E-25
12665.1373	4.84E-25
12665.2701	4.62E-25
12665.4249	5.3E-25
12665.6490	6.25E-25
12665.8612	1.91E-24
12665.9472	4.48E-25   2  2  E"  <-  1 1 E'   12678.7430 <-   16.9651  12661.7779   0  0  4  0  0  1  <-  0  0  0  0  0  1	3.46E-24 
12666.2916	6.94E-24
12666.5734	9.5E-25
12666.7590	1.61E-24
12667.0215	5.65E-25   3  2  A2' <-  2 0 A2"  12729.9911 <-   60.4155  12669.5756   0  0  4  0  0  0  <-  0  0  0  0  0  1	6.43E-25 
12667.5522	2.8E-25    4  4  E"  <-  3 2 E'   12771.6080 <-  104.4223  12667.1858   0  0  4  0  0  1  <-  0  0  0  0  0  0	1.13E-25 
12667.6564	6.3E-25
12667.9999	3.99E-25   4  3  A2" <-  3 0 A2'  12785.4952 <-  119.2393  12666.2559   0  0  4  0  0  0  <-  0  0  0  0  0  0	1.29E-25 
12668.5216	7.0E-25
12668.7096	2.09E-24
12669.1265	1.1E-24
12669.4855	7.0E-25
12669.6583	3.5E-25
12669.8628	2.35E-24
12669.9827	3.81E-24
12670.5492	1.39E-24
12670.6972	2.19E-24
12670.8189	8.4E-25
12670.9872	3.83E-24   3  3  E'  <-  2 2 E"   12718.7199 <-   45.5886  12673.1313   0  0  4  0  0  1  <-  0  0  0  0  0  1	6.86E-24
12671.0678	5.54E-25   4  3  E"  <-  3 1 E'   12790.2839 <-  116.2811  12674.0028   0  0  4  0  0  0  <-  0  0  0  0  0  1	1.46E-25
12671.1443	4.68E-25
12671.2246	3.78E-25
12671.5394	4.2E-25
12671.6198	7.62E-25   3  3  A2" <-  3 3 A2'  12757.0767 <-   86.6583  12670.4184   0  0  4  0  0  0  <-  0  0  0  0  0  1	3.29E-24 
12671.6620	3.5E-25
12671.9296	3.9E-25
12672.1381	1.16E-23
12672.2144	1.24E-24
12672.5768	7.4E-25
12672.8938	3.9E-25
12673.1367	4.21E-25
12673.2969	5.31E-25
12673.4724	2.08E-24
12673.7487	2.72E-24
12673.8569	1.43E-24
12674.3423	6.3E-25
12674.5486	6.0E-25
12674.6590	6.3E-25
12674.9004	3.5E-25
12675.2666	3.58E-25
12675.3149	5.6E-25
12675.4443	5.31E-25
12676.5430	5.62E-25
12676.7814	1.02E-24
12676.8893	1.14E-24
12676.9720	1.60E-24
12677.1668	5.12E-24   4  4  A2' <-  3 3 A2"  12764.6944 <-   85.8603  12678.8341   0  0  4  0  0  0  <-  0  0  0  0  0  0	1.40E-23
12677.4743	3.95E-25
12678.0049	9.75E-25
12678.4365	1.08E-24
12678.5726	5.6E-25    3  1  E"  <-  2 1 E'   12740.3391 <-   56.7114  12683.6277   0  0  4  0  0  0  <-  0  0  0  0  0  1	1.35E-24
12678.6628	4.32E-25   4  3  E'  <-  3 1 E"   12796.4136 <-  115.5377  12680.8758   0  0  4  0  0  1  <-  0  0  0  0  0  0	4.19E-25 
12678.6628	4.32E-25   3  2  E'  <-  2 1 E"   12730.8776 <-   55.9392  12674.9385   0  0  4  0  0  0  <-  0  0  0  0  0  0	3.63E-24 
12678.7381	3.88E-25
12679.0244	5.62E-25
12679.0779	8.68E-24
12679.3312	2.66E-25
12679.5803	4.99E-25
12679.7284	3.79E-25
12679.9149	4.6E-25
12680.2214	7.91E-25   3  2  E"  <-  2 1 E'   12736.8809 <-   56.7114  12680.1695   0  0  4  0  0  1  <-  0  0  0  0  0  1	3.02E-24 
12680.5259	3.39E-25
12680.9244	3.76E-25
12680.9752	3.27E-24   4  3  E"  <-  3 2 E'   12789.5558 <-  104.4223  12685.1336   0  0  4  0  0  0  <-  0  0  0  0  0  0	6.62E-24
12681.1375	5.39E-25
12681.2692	1.47E-24
12681.7612	3.97E-25
12681.8095	6.7E-25
12681.9528	4.58E-24
12682.1990	4.35E-25
12682.6167	6.7E-25
12682.7442	9.44E-24   3  1  A2' <-  2 0 A2"  12741.6482 <-   60.4155  12681.2326   0  0  4  0  0  1  <-  0  0  0  0  0  1	4.95E-24  
12683.0401	7.4E-25
12683.2315	3.38E-25
12683.6247	3.47E-25   3  1  E'  <-  2 1 E"   12742.1144 <-   55.9392  12686.1753   0  0  4  0  0  1  <-  0  0  0  0  0  0	1.45E-24 
12683.7699	1.08E-24   4  4  A2" <-  3 3 A2'  12770.1520 <-   86.6583  12683.4937   0  0  4  0  0  1  <-  0  0  0  0  0  1	9.95E-24
12683.7699	1.08E-24   3  1  A2' <-  2 0 A2"  12746.5713 <-   60.4155  12686.1557   0  0  4  0  0  1  <-  0  0  0  0  0  1	9.82E-24
12684.1458	5.33E-25
12684.3026	6.0E-25
12684.5021	8.44E-25
12684.5618	1.3E-24
12684.6636	3.79E-25
12684.7551	1.03E-24
12684.8385	7.12E-25
12685.0883	7.4E-25
12685.1892	9.27E-25
12685.4088	6.91E-25
12685.5822	9.19E-25
12685.6817	1.68E-24
12685.8693	3.76E-25
12686.0071	9.76E-25   5  5  E"  <-  4 4 E'   12827.0873 <-  139.3556  12687.7317   0  0  4  0  0  0  <-  0  0  0  0  0  0	7.31E-24
12686.1999	2.82E-25
12686.4817	2.28E-24
12686.9136	1.22E-24
12687.4287	8.79E-25
12687.7898	5.6E-25
12688.1349	3.35E-24
12688.2349	5.38E-25
12688.3466	7.23E-25
12688.5735	4.46E-25   6  5  A2' <-  5 3 A2"  12955.3025 <-  264.5172  12690.7853   0  0  4  0  0  1  <-  0  0  0  0  0  0	5.11E-25
12688.6587	1.1E-24
12688.8988	2.38E-25
12688.9731	3.04E-25
12689.1028	5.02E-25   3  0  E'  <-  2 1 E"   12746.3841 <-   55.9392  12690.4449   0  0  4  0  0  0  <-  0  0  0  0  0  0	4.22E-25
12689.2606	5.22E-25
12689.3918	4.37E-24
12689.6924	2.8E-25    5  3  E"  <-  4 1 E'   12885.9037 <-  195.6149  12690.2888   0  0  4  0  0  0  <-  0  0  0  0  0  1	2.20E-25
12689.8765	8.52E-25
12690.3825	5.3E-25
12690.5521	5.6E-25
12690.7349	4.30E-25   4  2  A2" <-  3 0 A2'  12811.3267 <-  119.2393  12692.0875   0  0  4  0  0  1  <-  0  0  0  0  0  0	1.60E-24
12690.9096	5.97E-25
12691.1865	5.41E-25
12691.3690	7.73E-24
12691.4972	3.77E-24   4  2  E'  <-  3 1 E"   12807.2047 <-  115.5377  12691.6670   0  0  4  0  0  0  <-  0  0  0  0  0  0	2.82E-24 
12691.5247	1.96E-24
12691.7602	6.7E-25
12692.3093	3.39E-25
12692.4614	6.33E-25
12692.6278	4.44E-25
12692.8047	7.7E-25
12692.9249	7.0E-25
12693.0991	1.33E-24
12693.1419	1.36E-24
12693.4176	5.53E-25   3  0  E"  <-  2 1 E'   12752.0289 <-   56.7114  12695.3175   0  0  4  0  0  1  <-  0  0  0  0  0  1	4.17E-25
12693.6522	2.12E-25
12693.7390	7.87E-25   5  4  A2' <-  4 3 A2"  12861.1086 <-  165.3307  12695.7779   0  0  4  0  0  0  <-  0  0  0  0  0  0	1.36E-23
12693.8129	3.5E-25
12694.0613	2.8E-25
12694.1760	8.1E-25
12694.3856	7.02E-25
12694.4858	9.5E-25
12694.6548	1.27E-24
12694.7032	9.8E-25
12694.8794	5.6E-25
12694.9700	3.9E-25    4  4  A2" <-  3 0 A2'  12817.6458 <-  119.2393  12698.4066   0  0  4  0  0  1  <-  0  0  0  0  0  0	1.71E-25 
12695.1578	3.2E-25
12695.3179	1.70E-24
12695.4812	8.03E-24
12695.6167	4.70E-25
12695.6573	3.66E-24   5  5  E'  <-  4 4 E"   12834.8273 <-  140.1626  12694.6647   0  0  4  0  0  1  <-  0  0  0  0  0  1	7.23E-24
12695.7505	5.78E-24   5  3  E'  <-  4 1 E"   12891.0609 <-  194.9083  12696.1526   0  0  4  0  0  1  <-  0  0  0  0  0  0	2.08E-25
12695.8498	7.07E-25
12695.8964	3.45E-24   6  6  E'  <-  5 5 E"   12902.3130 <-  205.2653  12697.0478   0  0  4  0  0  0  <-  0  0  0  0  0  0	6.06E-24
12695.8964	3.45E-24   4  1  E"  <-  3 1 E'   12814.5152 <-  116.2811  12698.2341   0  0  4  0  0  0  <-  0  0  0  0  0  1	3.86E-24 
12696.1581	3.91E-25
12696.2555	5.26E-24
12696.5049	4.35E-25
12696.8701	2.54E-24
12696.9631	5.01E-24
12696.9946	1.71E-24
12697.0550	4.90E-25
12697.5781	2.61E-25
12697.6885	5.3E-25
12698.2496	3.53E-24   7  7  A2" <-  6 6 A2'  12987.4457 <-  283.5690  12703.8767   0  0  4  0  0  0  <-  0  0  0  0  0  0	7.69E-24
12698.5238	3.18E-25
12698.6956	4.16E-25   5  2  A2' <-  4 0 A2"  12899.8843 <-  199.2978  12700.5865   0  0  4  0  0  0  <-  0  0  0  0  0  1	1.68E-24 
12698.8901	2.57E-25
12699.0379	7.68E-25   4  1  E'  <-  3 1 E"   12819.3480 <-  115.5377  12703.8102   0  0  4  0  0  1  <-  0  0  0  0  0  0	1.36E-24
12699.1051	1.26E-24   5  4  A2" <-  4 3 A2'  12867.2502 <-  166.0892  12701.1610   0  0  4  0  0  1  <-  0  0  0  0  0  1	9.98E-24
12699.4051	2.63E-25
12699.5930	1.21E-24
12699.7296	1.95E-24
12700.3895	5.55E-25
12700.5769	7.97E-25   4  3  A2" <-  3 3 A2'  12785.4952 <-   86.6583  12698.8369   0  0  4  0  0  0  <-  0  0  0  0  0  1	2.70E-24 
12701.1455	5.16E-25   6  3  A2" <-  5 0 A2'  12995.2238 <-  297.6448  12697.5790   0  0  4  0  0  0  <-  0  0  0  0  0  0	4.28E-25 
12701.3327	1.35E-24
12701.3925	3.2E-25
12701.4446	9.41E-25   5  3  E"  <-  4 2 E'   12885.9037 <-  183.8301  12702.0736   0  0  4  0  0  0  <-  0  0  0  0  0  0	3.50E-25 
12701.5214	3.75E-25
12701.6400	4.82E-25
12701.7862	2.25E-25   3  1  E'  <-  2 2 E"   12749.1734 <-   45.5886  12703.5848   0  0  4  0  0  1  <-  0  0  0  0  0  1	1.41E-25 
12701.8669	4.35E-25
12701.9335	7.4E-25
12702.0022	1.93E-24   5  3  E"  <-  4 2 E'   12888.3453 <-  183.8301  12704.5152   0  0  4  0  0  0  <-  0  0  0  0  0  0	2.77E-24 
12702.0627	2.00E-25
12702.3088	6.05E-25
12702.6294	7.96E-25
12702.8400	3.66E-25
12702.9305	1.41E-24
12703.1953	7.02E-25
12703.3579	2.76E-24
12703.5396	1.00E-24
12703.6411	8.48E-25   6  5  E"  <-  5 4 E'   12942.7868 <-  238.6513  12704.1355   0  0  4  0  0  0  <-  0  0  0  0  0  0	1.66E-24
12703.8209	2.52E-25
12703.8995	1.66E-24
12703.9834	9.28E-25
12704.1255	1.02E-24
12704.1770	5.01E-25
12704.3593	5.3E-25
12704.4678	3.62E-24
12704.5544	4.85E-25
12704.7027	7.00E-25
12704.7808	2.29E-25
12704.8827	5.3E-25
12704.9730	1.68E-24
12705.0743	1.1E-24
12705.1968	1.03E-24
12705.3804	1.01E-24   6  4  A2' <-  5 3 A2"  12972.3181 <-  264.5172  12707.8009   0  0  4  0  0  0  <-  0  0  0  0  0  0	4.57E-24
12705.4301	1.38E-24
12705.6706	5.86E-24
12705.9099	1.65E-24
12706.0264	7.65E-25
12706.0959	2.28E-25   5  3  E'  <-  4 2 E"   12891.0609 <-  184.5558  12706.5051   0  0  4  0  0  1  <-  0  0  0  0  0  1	1.51E-24 
12706.1801	2.33E-25
12706.3230	6.03E-25
12706.3796	3.29E-25
12706.6561	5.3E-25
12706.7315	8.87E-25   3  2  A2' <-  3 3 A2"  12789.2593 <-   85.8603  12703.3990   0  0  4  0  0  0  <-  0  0  0  0  0  0	7.93E-25 
12706.8410	1.1E-24
12706.8987	1.71E-24   4  3  A2' <-  3 3 A2"  12792.6131 <-   85.8603  12706.7528   0  0  4  0  0  1  <-  0  0  0  0  0  0	1.82E-24 
12706.9675	4.68E-25
12707.2685	3.2E-25
12707.4285	1.69E-24
12707.6252	6.53E-25
12707.7046	6.14E-25
12707.8209	1.37E-24   6  5  E"  <-  5 4 E'   12947.0277 <-  238.6513  12708.3764   0  0  4  0  0  0  <-  0  0  0  0  0  0	1.98E-24 
12707.9998	4.2E-25
12708.0966	4.84E-25
12708.2329	4.25E-25   4  1  E"  <-  3 1 E'   12820.9249 <-  116.2811  12704.6438   0  0  4  0  0  0  <-  0  0  0  0  0  1	1.24E-25
12708.2927	1.1E-24    4  0  A2" <-  3 0 A2'  12829.6757 <-  119.2393  12710.4364   0  0  4  0  0  1  <-  0  0  0  0  0  0	1.78E-24 
12708.5232	3.73E-24
12708.8142	3.33E-24   7  6  E'  <-  6 5 E"   13036.9726 <-  324.3664  12712.6062   0  0  4  0  0  0  <-  0  0  0  0  0  0	1.73E-24
12708.8523	1.14E-24   7  7  A2' <-  6 6 A2"  12995.3526 <-  284.4065  12710.9460   0  0  4  0  0  1  <-  0  0  0  0  0  1	5.98E-24 
12708.9615	4.53E-25
12709.1704	3.30E-25
12709.3986	5.54E-25   4  0  E'  <-  3 1 E"   12822.6577 <-  115.5377  12707.1200   0  0  4  0  0  0  <-  0  0  0  0  0  0	1.41E-25 
12709.5547	3.46E-25
12709.6250	6.7E-25
12709.9806	5.66E-25
12710.0834	7.85E-25
12710.2070	9.61E-25
12710.2762	1.59E-24
12710.4467	2.76E-25
12710.6130	7.88E-25
12710.7230	2.92E-24
12710.8984	2.35E-25
12711.2426	2.92E-25
12711.4042	2.46E-24   5  4  A2' <-  4 0 A2"  12913.6014 <-  199.2978  12714.3037   0  0  4  0  0  0  <-  0  0  0  0  0  1	1.57E-24
12711.4993	7.09E-24
12711.5419	1.18E-24
12711.8239	9.87E-25
12711.9904	8.97E-25
12712.0747	3.02E-24
12712.2469	1.34E-24   4  0  E"  <-  3 1 E'   12831.3404 <-  116.2811  12715.0593   0  0  4  0  0  1  <-  0  0  0  0  0  1	3.72E-25 
12712.3627	3.33E-25
12712.4485	4.49E-25
12712.6122	1.81E-24
12712.6861	1.76E-24
12712.7664	5.03E-25
12712.8469	4.84E-25   3  3  E"  <-  2 2 E'   12758.0402 <-   44.7955  12713.2448   0  0  4  0  0  0  <-  0  0  0  0  0  0	4.42E-24 
12713.0116	1.27E-24
12713.2061	4.45E-25
12713.4669	3.67E-24
12713.6334	2.35E-25
12713.7356	5.12E-25
12713.8006	1.02E-24
12713.8899	6.02E-24   5  3  A2" <-  4 3 A2'  12881.4929 <-  166.0892  12715.4037   0  0  4  0  0  0  <-  0  0  0  0  0  1	1.70E-24 
12714.1325	5.29E-24
12714.3227	3.35E-25   2  1  A2" <-  1 0 A2'  12737.6518 <-   19.8901  12717.7617   0  0  4  0  0  0  <-  0  0  0  0  0  0	4.93E-24 
12714.5267	7.82E-25
12714.6137	2.45E-25
12714.7599	9.60E-24
12714.8523	1.62E-24
12715.0532	1.20E-24
12715.1246	1.6E-24
12715.3319	3.28E-24
12715.5136	3.65E-24
12715.5770	2.94E-25   4  3  E"  <-  4 4 E'   12856.2817 <-  139.3556  12716.9261   0  0  4  0  0  0  <-  0  0  0  0  0  0	3.93E-25
12715.6541	2.27E-25
12715.8141	5.21E-25
12715.9830	1.88E-24
12716.2522	7.93E-25   6  4  A2' <-  5 3 A2"  12982.1619 <-  264.5172  12717.6446   0  0  4  0  0  0  <-  0  0  0  0  0  0	2.01E-24
12716.2983	1.11E-24   7  5  E"  <-  6 4 E'   13075.3003 <-  357.5840  12717.7163   0  0  4  0  0  0  <-  0  0  0  0  0  0	1.74E-24 
12716.5366	1.73E-24
12716.8532	6.32E-25
12716.9499	5.77E-25   5  0  A2' <-  4 0 A2"  12918.2295 <-  199.2978  12718.9317   0  0  4  0  0  0  <-  0  0  0  0  0  1	4.12E-24 
12717.3153	4.63E-25
12717.3841	5.67E-25
12717.4960	1.13E-24
12717.5810	8.98E-25
12717.7733	4.11E-25
12718.0125	7.90E-25   7  2  A2' <-  6 0 A2"  13137.3830 <-  416.8930  12720.4900   0  0  4  0  0  0  <-  0  0  0  0  0  1	6.14E-25
12718.1424	8.28E-25
12718.2719	4.47E-25
12718.4082	3.03E-25
12718.6417	8.92E-25
12718.7536	5.57E-25   5  5  A2" <-  4 3 A2'  12886.1490 <-  166.0892  12720.0598   0  0  3  0  2  0  <-  0  0  0  0  0  1	3.94E-25
12718.9062	2.15E-24
12719.0754	2.81E-25   4  0  E'  <-  3 2 E"   12827.0713 <-  105.1857  12721.8856   0  0  4  0  0  0  <-  0  0  0  0  0  1	2.42E-25
12719.1477	2.11E-24   3  3  E'  <-  2 2 E"   12768.9027 <-   45.5886  12723.3141   0  0  4  0  0  1  <-  0  0  0  0  0  1	1.77E-24
12719.2019	7.67E-25
12719.2944	6.98E-25   6  2  A2" <-  5 0 A2'  13016.5572 <-  297.6448  12718.9123   0  0  4  0  0  1  <-  0  0  0  0  0  0	1.24E-24 
12719.3995	3.95E-25
12719.4925	1.2E-24
12719.5986	3.2E-25    4  4  A2' <-  3 3 A2"  12807.4511 <-   85.8603  12721.5909   0  0  4  0  0  0  <-  0  0  0  0  0  0	6.34E-24
12719.7811	5.57E-25
12719.8450	1.25E-24
12719.9739	5.45E-25
12720.1369	2.57E-25
12720.1897	6.13E-25
12720.2861	2.51E-25
12720.4784	1.46E-24   4  4  A2' <-  3 3 A2"  12806.7780 <-   85.8603  12720.9178   0  0  4  0  0  0  <-  0  0  0  0  0  0	3.96E-24 
12720.5523	3.70E-25
12720.7788	4.09E-25
12720.9006	4.60E-25
12720.9823	8.4E-25
12721.1608	1.82E-24
12721.2993	9.1E-25
12721.5362	3.9E-25
12721.7321	9.24E-25
12722.1955	3.32E-25
12722.4250	1.02E-24
12722.5546	1.27E-24
12722.6949	2.97E-24
12722.7264	9.18E-24
12722.8030	2.18E-25
12722.8633	2.37E-24   4  2  A2' <-  3 3 A2"  12808.9749 <-   85.8603  12723.1146   0  0  4  0  0  0  <-  0  0  0  0  0  0	2.26E-25
12723.2082	1.36E-24   7  5  E'  <-  6 4 E"   13080.2455 <-  358.2859  12721.9596   0  0  4  0  0  1  <-  0  0  0  0  0  1	1.63E-24
12723.3130	7.4E-25
12723.3825	3.46E-25
12723.4695	4.6E-25
12723.8629	6.89E-25
12724.0523	5.53E-25
12724.2465	2.65E-25
12724.3666	4.37E-25
12724.5017	1.15E-24
12724.7840	4.6E-25
12724.9149	4.11E-25
12725.0391	4.68E-25
12725.3130	3.75E-25
12725.3965	1.45E-24
12725.4397	1.6E-24
12725.5531	8.58E-25
12725.7016	4.28E-25
12725.8636	3.24E-24
12725.9386	8.99E-25
12726.1334	7.50E-25
12726.2413	1.16E-24   5  5  E"  <-  4 4 E'   12868.2540 <-  139.3556  12728.8985   0  0  4  0  0  0  <-  0  0  0  0  0  0	4.98E-24
12726.3619	2.06E-24
12726.4483	5.73E-24   6  1  A2" <-  5 0 A2'  13021.9610 <-  297.6448  12724.3162   0  0  4  0  0  0  <-  0  0  0  0  0  0	4.61E-24
12726.6833	4.6E-25
12726.7890	4.75E-25
12726.9402	2.8E-25
12727.2475	4.17E-25
12727.4219	2.14E-25
12727.5163	2.78E-24   4  4  A2" <-  3 3 A2'  12817.6458 <-   86.6583  12730.9875   0  0  4  0  0  1  <-  0  0  0  0  0  1	7.39E-24 
12727.6847	1.87E-24
12727.7601	3.39E-24
12727.8762	2.36E-25
12728.0032	1.11E-24
12728.0690	7.98E-25
12728.2784	7.38E-25
12728.3178	5.6E-25    5  0  E'  <-  4 1 E"   12920.2978 <-  194.9083  12725.3895   0  0  4  0  0  0  <-  0  0  0  0  0  0	1.73E-25
12728.4972	1.58E-24
12728.5339	9.8E-25
12728.6283	2.16E-25
12728.7441	1.2E-24
12728.9295	2.77E-24
12729.0177	3.95E-25
12729.2272	2.14E-24
12729.4128	1.2E-24
12729.4665	7.17E-25
12729.6161	4.64E-25
12729.7094	9.24E-25
12729.9752	3.36E-25
12730.1346	1.2E-24
12730.2171	1.39E-24
12730.3080	2.46E-24
12730.4374	3.18E-25
12730.5251	5.74E-25
12730.7181	9.67E-25
12730.7620	1.30E-24
12730.8266	9.87E-25
12730.9093	5.63E-25
12731.0638	3.64E-25
12731.1287	7.34E-24
12731.2213	2.12E-25
12731.3900	5.25E-24
12731.4581	2.48E-24
12731.5091	1.01E-24
12731.6051	8.4E-25
12731.6828	6.43E-25
12731.7904	2.75E-25
12731.9715	1.12E-24
12732.0018	4.9E-25
12732.0730	4.44E-25
12732.1745	2.69E-25   3  2  A2' <-  2 0 A2"  12789.2593 <-   60.4155  12728.8438   0  0  4  0  0  0  <-  0  0  0  0  0  1	6.69E-25 
12732.5934	5.88E-25
12732.7303	2.77E-25
12732.8403	3.71E-25
12733.0945	5.20E-25
12733.2122	8.20E-25
12733.4840	3.2E-25
12733.5501	9.52E-25   6  3  A2" <-  5 3 A2'  12995.2238 <-  265.2288  12729.9950   0  0  4  0  0  0  <-  0  0  0  0  0  1	3.04E-24 
12733.6951	1.05E-24
12733.7628	2.81E-25
12734.2209	9.1E-25
12734.5649	3.25E-25
12734.7104	1.03E-24
12735.1800	2.42E-25
12735.3133	2.88E-24
12735.4005	1.32E-24
12735.4396	1.9E-24
12735.6555	1.33E-24   5  5  E'  <-  4 4 E"   12878.6184 <-  140.1626  12738.4559   0  0  4  0  0  1  <-  0  0  0  0  0  1	2.97E-24 
12735.8530	5.80E-25
12735.9384	4.30E-24
12736.0382	2.95E-25
12736.1728	4.6E-25
12736.5246	1.53E-24
12736.5840	1.1E-24
12736.6247	3.84E-25
12736.8381	5.6E-25
12736.9939	4.50E-25
12737.1922	5.39E-25
12737.2696	6.7E-25
12737.3644	3.40E-25
12737.4467	2.33E-24   7  3  A2" <-  6 3 A2'  13124.2805 <-  383.9805  12740.3000   0  0  4  0  0  0  <-  0  0  0  0  0  1	2.09E-24 
12737.5735	5.99E-25
12737.6855	7.7E-25
12737.7597	7.32E-25
12737.9538	4.44E-25
12738.0065	2.8E-25
12738.1433	2.01E-25
12738.2842	1.59E-24
12738.5223	1.14E-24
12738.6568	7.57E-25   4  3  E"  <-  3 1 E'   12856.2817 <-  116.2811  12740.0006   0  0  4  0  0  0  <-  0  0  0  0  0  1	1.32E-25
12738.8520	6.67E-25
12738.8979	7.78E-25
12739.0751	1.08E-23    7  7  A2" <-  6 6 A2'  13026.3872 <-  283.5690  12742.8182   0  0  4  0  0  0  <-  0  0  0  0  0  0	9.48E-24
12739.1298	8.16E-25
12739.2388	3.76E-25
12739.6416	6.66E-24
12739.6864	5.47E-25
12739.8648	5.77E-24
12740.0577	7.0E-25
12740.3190	5.58E-25
12740.5977	3.9E-25
12740.8477	1.11E-24
12740.9667	6.7E-25
12741.0806	5.52E-25
12741.2287	3.5E-25
12741.3242	3.72E-25
12741.4091	9.5E-25
12741.5677	8.4E-25
12741.6138	4.42E-25
12741.7762	2.06E-24
12742.0018	7.93E-25
12742.1392	4.9E-25
12742.2032	4.76E-25
12742.3194	5.80E-25
12742.3749	7.57E-25
12742.5661	3.08E-25
12742.7345	2.07E-25
12743.2373	4.24E-25
12743.8532	8.68E-25
12743.9354	1.03E-24
12744.1051	5.07E-25   5  2  A2" <-  4 3 A2'  12912.3785 <-  166.0892  12746.2893   0  0  4  0  0  1  <-  0  0  0  0  0  1	1.32E-25
12744.1802	1.72E-24
12744.3227	7.20E-25
12744.6080	1.53E-24
12744.6653	8.13E-25
12744.7230	2.75E-24
12744.8230	4.71E-25
12745.0378	7.41E-25
12745.3008	2.17E-24   7  0  A2' <-  6 0 A2"  13163.9509 <-  416.8930  12747.0579   0  0  4  0  0  0  <-  0  0  0  0  0  1	1.88E-24
12745.3494	1.61E-24   5  4  A2' <-  4 3 A2"  12913.6014 <-  165.3307  12748.2707   0  0  4  0  0  0  <-  0  0  0  0  0  0	2.22E-24 
12745.6940	5.46E-25
12745.7350	6.33E-25
12745.8010	3.74E-25
12745.9460	6.04E-25
12745.9839	9.39E-25
12746.0717	5.48E-25
12746.2557	4.52E-25
12746.6180	3.94E-25
12746.6903	2.10E-24
12746.7610	1.6E-24
12746.8748	9.02E-25
12746.9187	3.08E-24
12747.3976	8.55E-25
12747.4624	8.44E-25
12747.6632	4.56E-24   6  6  E"  <-  5 5 E'   12952.3551 <-  206.0854  12746.2697   0  0  4  0  0  1  <-  0  0  0  0  0  1	2.02E-24 
12747.7770	1.30E-24
12747.8453	5.02E-25   5  4  A2' <-  4 3 A2"  12915.9505 <-  165.3307  12750.6198   0  1  1  0  0 12  <-  0  0  0  0  0  0	1.27E-24
12747.9047	1.81E-24
12748.0713	4.05E-25
12748.1575	6.14E-25
12748.2702	1.20E-24
12748.3203	9.80E-25
12748.5745	1.89E-24
12748.7083	1.57E-24
12748.7715	8.94E-25
12748.8549	6.95E-25
12749.0957	2.69E-25
12749.2434	9.32E-25
12749.5189	1.22E-24
12749.6616	3.98E-25
12749.8443	2.32E-25
12750.3787	3.43E-25
12750.5099	9.99E-25
12750.6595	3.9E-25
12750.7978	1.24E-24
12750.8822	3.41E-25
12751.0349	1.12E-24
12751.2421	3.5E-25
12751.3620	3.9E-25
12751.4158	9.84E-25
12751.4842	2.65E-25
12751.5679	3.22E-25
12751.6360	4.77E-25
12751.9302	3.39E-25
12752.0922	3.80E-25
12752.2120	1.09E-24
12752.3879	4.59E-25
12752.4597	2.49E-24
12752.5935	4.81E-25
12752.6718	4.9E-25
12752.7878	5.3E-25
12752.8506	3.26E-25
12753.2150	5.78E-25
12753.2881	2.24E-25
12753.4930	3.08E-25
12753.5736	2.8E-25
12753.7248	7.08E-25
12753.8427	3.62E-25
12753.9548	3.2E-25
12754.2005	4.09E-25
12754.3358	5.37E-25
12754.4494	4.35E-25
12754.5570	3.70E-24
12754.9142	8.1E-25
12755.2895	2.54E-25
12755.3696	4.04E-25
12755.4816	2.11E-24
12755.6567	1.59E-24
12755.8368	3.06E-25
12755.8914	7.7E-25
12756.0160	8.52E-25
12756.0589	5.88E-25
12756.1422	7.64E-25
12756.3689	1.77E-24
12756.5198	9.5E-25
12756.6649	2.24E-25
12756.8773	4.9E-25
12756.9397	1.46E-24
12757.2201	1.1E-24
12757.3002	4.06E-25
12757.5456	2.05E-25
12757.7003	3.51E-25
12757.7526	2.80E-25
12757.9292	2.19E-25
12758.2127	7.4E-25
12758.4990	4.2E-25
12758.6774	5.6E-25
12758.8754	2.23E-25   6  1  A2" <-  5 3 A2'  13021.9610 <-  265.2288  12756.7322   0  0  4  0  0  0  <-  0  0  0  0  0  1	1.55E-25
12759.0229	1.74E-24
12759.0762	2.59E-25
12759.1627	2.48E-25
12759.5609	1.02E-24
12759.7062	1.58E-24   5  4  A2" <-  4 3 A2'  12923.4206 <-  166.0892  12757.3314   0  0  4  0  0  1  <-  0  0  0  0  0  1	1.60E-24
12760.1597	1.06E-24
12760.2360	2.48E-24
12760.5665	9.87E-25
12760.7836	6.57E-25
12760.9802	3.9E-25
12761.0760	3.37E-25
12761.4144	2.02E-25
12761.6407	2.91E-25
12762.0286	2.03E-25
12762.3748	2.23E-25
12762.6398	3.9E-25
12762.7735	4.2E-25
12762.9067	5.37E-25
12762.9772	2.03E-25
12763.0755	7.0E-25
12763.2481	4.12E-25
12763.2906	5.19E-25
12763.4211	5.47E-25
12763.4893	3.24E-24   4  1  A2" <-  3 0 A2'  12884.3506 <-  119.2393  12765.1113   0  0  4  0  0  0  <-  0  0  0  0  0  0	1.98E-24
12763.8244	9.60E-25
12764.1006	1.58E-24
12764.1907	5.34E-24
12764.3108	2.22E-25
12764.5166	2.56E-25
12764.7127	9.99E-25
12765.0140	2.40E-25
12765.1160	8.62E-25
12765.2225	6.08E-25
12765.3335	1.16E-24
12765.6970	8.22E-25
12765.7587	3.02E-25
12766.0657	2.59E-25
12766.1085	5.52E-25
12766.5567	8.8E-25
12767.4780	2.91E-25
12767.5739	4.77E-25
12767.7526	2.17E-24
12767.9930	7.50E-25
12768.0667	5.42E-25
12768.2291	3.75E-25
12768.5004	1.56E-24
12768.6215	2.82E-24
12768.9463	1.38E-24
12769.6116	2.66E-25
12769.9049	3.08E-25
12771.2492	2.58E-24
12771.3187	4.90E-25
12771.3950	5.44E-25
12771.5350	7.89E-25
12771.8322	3.5E-25
12771.8922	8.50E-25
12772.1409	2.56E-25
12772.2999	6.66E-25
12772.6134	1.14E-24
12772.7197	1.30E-24
12772.8489	6.53E-25
12773.1785	4.16E-25
12773.5626	2.52E-25
12773.6778	6.0E-25
12773.7229	5.61E-25
12774.1085	2.07E-25
12774.4106	4.9E-25
12774.7229	4.6E-25
12775.1084	4.64E-25
12775.3450	2.45E-25
12775.8085	3.24E-25
12775.9643	6.49E-25
12776.7826	5.43E-25
12777.0926	3.46E-25
12777.1870	7.4E-25
12777.2411	4.66E-25
12777.6470	3.2E-25
12777.7873	4.90E-25
12778.7386	5.3E-25
12778.9742	2.61E-25
12780.0485	2.26E-25
12780.1247	6.7E-25
12780.3132	2.14E-25
12780.4303	4.01E-25
12781.0649	3.91E-25
12781.1059	3.42E-25
12781.2913	3.5E-25
12781.4225	9.58E-25
12781.5695	3.82E-25
12781.6380	3.08E-25
12781.9474	3.73E-25
12782.3615	2.62E-25
12782.3625	9.8E-25
12782.4895	1.37E-24
12782.4947	6.3E-25
12783.4203	1.2E-24
12783.5951	6.0E-25
12783.8549	2.18E-25
12784.3997	4.38E-25
12784.5222	5.6E-25
12784.5666	9.84E-25
12784.6823	7.39E-25
12784.8104	7.53E-25
12784.9487	4.6E-25
12785.9980	3.2E-25
12786.2311	3.61E-25
12787.7221	2.47E-25
12788.1486	8.43E-25
12788.3471	8.8E-25
12789.1349	3.72E-25
12789.5237	5.03E-25
12789.8983	3.53E-25
12790.5201	4.23E-25
12791.0581	3.2E-25
12791.7907	3.9E-25
12791.8732	3.15E-25
12792.6520	2.64E-25
12792.7119	4.34E-25
12793.4432	2.84E-25
12794.8475	5.46E-25
12795.3176	3.48E-25
12795.4615	3.23E-25
12795.7411	4.16E-25
12795.8428	4.12E-25
12796.3234	6.20E-25
12796.3852	2.53E-25
12796.7558	7.47E-25
12796.8436	2.24E-25
12797.0153	3.66E-25
12797.6508	9.06E-25
12797.7364	5.18E-25
12799.6400	5.85E-25
12800.8282	4.00E-25
12801.0266	2.74E-25
12801.6441	5.17E-25
12802.3103	2.58E-25
12802.5514	3.87E-25
12805.2718	3.11E-25
12806.3972	5.07E-25
12807.7265	4.06E-25
12808.6795	3.07E-25
12809.2729	2.99E-25
12809.4071	1.05E-24
12809.4598	3.02E-25
12809.5952	1.23E-24
12810.1300	8.70E-25
