6540.2490 0.0002 0.0002 1 0 0 2 0 2 0 0 s  E'  24 0 0 0 0 0 0 1 1 s  E" 1  19SvRaVo.1
6540.9671 0.0002 0.0002 1 0 0 2 0 2 0 0 a  E"  22 0 0 0 0 0 0 1 1 a  E' 1  19SvRaVo.2
6564.8620 0.0002 0.0002 1 0 1 0 1 0 1 1 a A2'  46 0 0 0 0 0 0 2 0 a A2" 1  19SvRaVo.3
6568.3062 0.0002 0.0002 1 0 1 0 1 0 2 2 s A2'  53 0 0 0 0 0 0 3 3 s A2" 1  19SvRaVo.4
6568.4092 0.0002 0.0002 1 0 1 0 1 0 2 2 a A2"  68 0 0 0 0 0 0 3 3 a A2' 1  19SvRaVo.5
6568.4700 0.0002 0.0002 1 0 0 2 0 2 1 1 a A2'  44 0 0 0 0 0 0 0 0 a A2" 1  19SvRaVo.6
6592.6489 0.0002 0.0002 1 0 1 0 1 0 0 0 s  E'  26 0 0 0 0 0 0 1 1 s  E" 1  19SvRaVo.7
6592.7902 0.0002 0.0002 1 0 1 0 1 0 0 0 a  E"  23 0 0 0 0 0 0 1 1 a  E' 1  19SvRaVo.8
6624.4821 0.0002 0.0002 1 0 1 0 1 0 1 1 a A2'  46 0 0 0 0 0 0 0 0 a A2" 1  19SvRaVo.9
6625.6481 0.0002 0.0002 1 0 0 2 0 2 3 1 a A2'  93 0 0 0 0 0 0 2 0 a A2" 1 19SvRaVo.10
6634.4866 0.0002 0.0002 0 0 1 2 1 2 3 1 a A2'  94 0 0 0 0 0 0 2 0 a A2" 1 19SvRaVo.11
6638.0530 0.0002 0.0002 0 0 1 2 1 2 3 1 a A2'  94 0 0 0 0 0 0 2 0 a A2" 1 19SvRaVo.12
6646.5774 0.0002 0.0002 1 0 1 0 1 0 3 1 a A2'  98 0 0 0 0 0 0 3 3 s A2" 1 19SvRaVo.13
6647.6093 0.0002 0.0002 1 0 1 0 1 0 3 3 s  E" 170 0 0 0 0 0 0 2 2 s  E' 1 19SvRaVo.14
6647.6789 0.0002 0.0002 1 0 1 0 1 0 3 3 a  E' 167 0 0 0 0 0 0 2 2 a  E" 1 19SvRaVo.15
6648.6306 0.0002 0.0002 0 0 1 2 1 2 1 1 s  E"  82 0 0 0 0 0 0 2 2 s  E' 1 19SvRaVo.16
6648.7199 0.0002 0.0002 1 0 1 0 1 0 2 1 a  E' 127 0 0 0 0 0 0 1 1 s  E" 1 19SvRaVo.17
6648.9582 0.0002 0.0002 0 0 1 2 1 2 1 1 a  E'  80 0 0 0 0 0 0 2 2 a  E" 1 19SvRaVo.18
6649.9177 0.0002 0.0002 1 0 1 0 1 0 2 1 a  E' 127 0 0 0 0 0 0 1 1 s  E" 1 19SvRaVo.19
6652.4693 0.0002 0.0002 1 0 1 0 1 0 2 0 a  E" 125 0 0 0 0 0 0 1 1 a  E' 1 19SvRaVo.20
6652.5029 0.0002 0.0002 1 0 1 0 1 0 2 0 s  E' 128 0 0 0 0 0 0 1 1 s  E" 1 19SvRaVo.21
6658.9062 0.0002 0.0002 1 0 1 0 1 0 4 4 s A2'  99 0 0 0 0 0 0 3 3 s A2" 1 19SvRaVo.22
6658.9568 0.0002 0.0002 1 0 1 0 1 0 4 4 a A2" 114 0 0 0 0 0 0 3 3 a A2' 1 19SvRaVo.23
6659.2601 0.0002 0.0002 0 0 1 2 1 2 2 2 s A2'  57 0 0 0 0 0 0 2 0 a A2" 1 19SvRaVo.24
6661.2587 0.0002 0.0002 0 0 1 2 1 2 0 0 s  E'  28 0 0 0 0 0 0 1 1 s  E" 1 19SvRaVo.25
6661.3464 0.0002 0.0002 0 0 1 2 1 2 0 0 a  E"  25 0 0 0 0 0 0 1 1 a  E' 1 19SvRaVo.26
6662.1899 0.0002 0.0002 1 0 0 2 0 0 3 0 s A2'  97 0 0 0 0 0 0 2 0 a A2" 1 19SvRaVo.27
6664.0026 0.0002 0.0002 1 0 0 2 0 2 4 1 a A2' 100 0 0 0 0 0 0 3 3 s A2" 1 19SvRaVo.28
6664.9060 0.0002 0.0002 1 0 0 2 0 2 4 1 a A2' 100 0 0 0 0 0 0 3 3 s A2" 1 19SvRaVo.29
6666.0730 0.0002 0.0002 1 0 1 0 1 0 2 1 s A2"  70 0 0 0 0 0 0 1 0 s A2' 1 19SvRaVo.30
6668.4320 0.0002 0.0002 1 0 1 0 1 0 3 1 a A2'  98 0 0 0 0 0 0 2 0 a A2" 1 19SvRaVo.31
6668.9648 0.0002 0.0002 0 0 1 2 1 2 1 0 a  E"  81 0 0 0 0 0 0 1 1 a  E' 1 19SvRaVo.32
6685.2671 0.0002 0.0002 1 0 1 0 1 0 1 1 a A2'  46 0 0 0 0 0 0 0 0 a A2" 1 19SvRaVo.33
6694.1059 0.0002 0.0002 1 0 1 0 1 0 1 1 a A2'  46 0 0 0 0 0 0 0 0 a A2" 1 19SvRaVo.34
6697.6719 0.0002 0.0002 1 0 1 0 1 0 1 1 a A2'  46 0 0 0 0 0 0 0 0 a A2" 1 19SvRaVo.35
6755.2643 0.0002 0.0002 0 0 2 0 0 0 1 0 s A2'  54 0 0 0 0 0 0 2 0 a A2" 1 19SvRaVo.36
6755.4360 0.0002 0.0002 0 0 2 0 0 0 1 0 s A2'  54 0 0 0 0 0 0 2 0 a A2" 1 19SvRaVo.37
6775.4505 0.0002 0.0002 0 0 2 0 0 0 0 0 a A2"  25 0 0 0 0 0 0 1 0 s A2' 1 19SvRaVo.38
6807.2132 0.0002 0.0002 0 0 2 0 0 0 3 3 a A2' 113 0 0 0 0 0 0 2 0 a A2" 1 19SvRaVo.39
6815.0567 0.0002 0.0002 0 0 2 0 0 0 1 0 s A2'  54 0 0 0 0 0 0 0 0 a A2" 1 19SvRaVo.40
6833.1136 0.0002 0.0002 0 0 2 0 0 0 2 0 a A2"  81 0 0 0 0 0 0 1 0 s A2' 1 19SvRaVo.41
6833.4725 0.0002 0.0002 0 0 2 0 0 0 2 1 a  E' 152 0 0 0 0 0 0 1 1 s  E" 1 19SvRaVo.42
6833.6445 0.0002 0.0002 0 0 2 0 0 0 2 1 s  E" 148 0 0 0 0 0 0 1 1 a  E' 1 19SvRaVo.43
6833.6923 0.0002 0.0002 0 0 2 0 2 0 0 0 a  E"  28 0 0 0 0 0 0 1 1 a  E' 1 19SvRaVo.44
6834.0718 0.0002 0.0002 0 0 2 0 2 0 0 0 s  E'  31 0 0 0 0 0 0 1 1 s  E" 1 19SvRaVo.45
6866.8330 0.0002 0.0002 0 0 2 0 0 0 1 0 s A2'  54 0 0 0 0 0 0 0 0 a A2" 1 19SvRaVo.46