 -1.363104 9707.900300  0.01 0.01 1 0 1 2 1 2 0  0  0 3 1 3 0 0 0 0 0 1  1  0 1 1 6 6 Br
 -0.421085 9712.936380  0.01 0.01 1 0 1 2 1 2 1  0  0 3 2 3 0 0 0 0 0 2  2  1 5 5 3 6 CD
 -0.419178 9742.353170  0.01 0.01 1 0 1 2 1 2 1  0  0 3 2 3 0 0 0 0 0 1  1  0 1 1 6 6 CD
 -0.162359 9708.327990  0.01 0.01 1 0 1 2 1 2 1  1  0 3 6 6 0 0 0 0 0 2  2  0 1 1 3 3 Br
 -0.326455 9735.966190  0.01 0.01 1 0 1 2 1 2 1  1  0 3 6 5 0 0 0 0 0 1  0  0 1 1 2 2 Br
 -0.476987 9672.198230  0.01 0.01 1 0 1 2 1 2 2  0  0 3 1 3 0 0 0 0 0 3  1  0 1 1 6 6 CD
 -1.072701 9688.892070  0.01 0.01 1 0 1 2 1 2 2  1  0 3 6 6 0 0 0 0 0 3  2  0 1 1 3 3 CD
 -0.478731 9731.795210  0.01 0.01 1 0 1 2 1 2 2  0  0 3 1 3 0 0 0 0 0 2  1  0 1 1 6 6 CD
 -1.073805 9748.517840  0.01 0.01 1 0 1 2 1 2 2  1  0 3 6 6 0 0 0 0 0 2  2  0 1 1 3 3 CD
 -0.984902 9763.384690  0.01 0.01 1 0 1 2 1 2 2  2  0 3 3 3 0 0 0 0 0 1  1  0 1 1 6 6 Br
 -1.441482 9767.000670  0.01 0.01 1 0 1 2 1 2 2  1  0 3 6 5 0 0 0 0 0 1  0  0 1 1 2 2 Br
  0.036876 9657.474680  0.01 0.01 1 0 1 2 1 2 3  2  0 3 3 2 0 0 0 0 0 4  3  0 1 1 5 5 CD
 -0.425809 9669.166740  0.01 0.01 1 0 1 2 1 2 3  0  0 3 2 3 0 0 0 0 0 4  1  0 1 1 6 6 CD
 -1.820522 9670.261540  0.01 0.01 1 0 1 2 1 2 3  1  0 3 6 6 0 0 0 0 0 4  2  0 1 1 3 3 CD
  0.033515 9736.941890  0.01 0.01 1 0 1 2 1 2 3  2  0 3 3 2 0 0 0 0 0 3  3  0 1 1 5 5 CD
 -1.818226 9749.672040  0.01 0.01 1 0 1 2 1 2 3  1  0 3 6 6 0 0 0 0 0 3  2  0 1 1 3 3 CD
 -0.432735 9808.129520  0.01 0.01 1 0 1 2 1 2 3  0  0 3 2 3 0 0 0 0 0 2  1  0 1 1 6 6 CD
 -1.822697 9724.721330  0.01 0.01 1 0 1 2 1 2 3  2  0 3 3 3 0 0 0 0 0 3  1  0 1 1 6 6 Br
  0.020424 9734.430600  0.01 0.01 1 0 1 2 1 2 3  1  0 3 6 5 0 0 0 0 0 3  0  0 1 1 2 2 Br
 -0.370424 9621.195320  0.01 0.01 1 0 1 2 1 2 4  3  0 3 5 6 0 0 0 0 0 5  2  0 1 1 3 3 CD
 -1.892240 9657.444680  0.01 0.01 1 0 1 2 1 2 4  2  0 3 3 2 0 0 0 0 0 5  3  0 1 1 5 5 CD
 -1.790064 9639.811050  0.01 0.01 1 0 1 2 1 2 4  1  0 3 6 6 0 0 0 0 0 5  2  0 1 1 3 3 CD_b
 -0.367907 9720.307650  0.01 0.01 1 0 1 2 1 2 4  3  0 3 5 6 0 0 0 0 0 4  2  0 1 1 3 3 CD
 -1.898530 9756.625510  0.01 0.01 1 0 1 2 1 2 4  2  0 3 3 2 0 0 0 0 0 4  3  0 1 1 5 5 CD
 -1.801347 9738.909580  0.01 0.01 1 0 1 2 1 2 4  1  0 3 6 6 0 0 0 0 0 4  2  0 1 1 3 3 CD_b
 -0.368011 9799.715750  0.01 0.01 1 0 1 2 1 2 4  3  0 3 5 6 0 0 0 0 0 3  2  0 1 1 3 3 CD
 -1.898301 9836.096310  0.01 0.01 1 0 1 2 1 2 4  2  0 3 3 2 0 0 0 0 0 3  3  0 1 1 5 5 CD
  0.043845 9790.856380  0.01 0.01 1 0 1 2 1 2 4  4  0 3 3 2 0 0 0 0 0 3  3  0 1 1 5 5 Br
 -0.272574 9628.165390  0.01 0.01 1 0 1 2 1 2 4  2  0 3 3 3 0 0 0 0 0 5  1  0 1 1 6 6 Br
 -1.743844 9808.638120  0.01 0.01 1 0 1 2 1 2 4  1  0 3 6 5 0 0 0 0 0 3  0  0 1 1 2 2 Br
 -1.832951 9662.072170  0.01 0.01 1 0 1 2 1 2 4  4  0 3 3 3 0 0 0 0 0 5  5  0 1 1 6 6 Br
 -0.230329 9738.892980  0.01 0.01 1 0 1 2 1 2 4  0  0 3 1 3 0 0 0 0 0 4  1  0 1 1 6 6 Br
 -1.259493 9762.443390  0.01 0.01 1 0 1 2 1 2 4  0  0 2 1 2 0 0 0 0 0 4  0  1 5 5 1 5 Br
 -1.586640 9593.617920  0.01 0.01 1 0 1 2 1 2 5  4  0 3 3 2 0 0 0 0 0 6  3  0 1 1 5 5 CD
 -0.479315 9604.397380  0.01 0.01 1 0 1 2 1 2 5  3  0 3 5 6 0 0 0 0 0 6  2  0 1 1 3 3 CD
 -1.581126 9608.866170  0.01 0.01 1 0 1 2 1 2 5  2  0 3 3 3 0 0 0 0 0 6  1  0 1 1 6 6 CD
 -1.588351 9712.420280  0.01 0.01 1 0 1 2 1 2 5  4  0 3 3 2 0 0 0 0 0 5  3  0 1 1 5 5 CD
 -1.171397 9743.730460  0.01 0.01 1 0 1 2 1 2 5  1  0 3 6 6 0 0 0 0 0 5  2  0 1 1 3 3 CD
 -1.589741 9811.606010  0.01 0.01 1 0 1 2 1 2 5  4  0 3 3 2 0 0 0 0 0 4  3  0 1 1 5 5 CD
 -0.483351 9822.216270  0.01 0.01 1 0 1 2 1 2 5  3  0 3 5 6 0 0 0 0 0 4  2  0 1 1 3 3 CD
 -1.587809 9826.581850  0.01 0.01 1 0 1 2 1 2 5  2  0 3 3 3 0 0 0 0 0 4  1  0 1 1 6 6 CD
 -1.177605 9831.052230  0.01 0.01 1 0 1 2 1 2 5  1  0 3 6 6 0 0 0 0 0 4  1  1 5 5 6 3 CD
 -1.017896 9745.401050  0.01 0.01 1 0 1 2 1 2 5  2  0 3 3 2 0 0 0 0 0 5  3  0 1 1 5 5 Br
 -0.624949 9645.736130  0.01 0.01 1 0 1 2 1 2 5  4  0 3 3 3 0 0 0 0 0 6  5  0 1 1 6 6 Br
 -1.603056 9800.160350  0.01 0.01 1 0 1 2 1 2 5  5  0 3 6 6 0 0 0 0 0 4  4  0 1 1 3 3 Br
 -1.299844 9725.178930  0.01 0.01 1 0 1 2 1 2 5  3  0 1 5 5 0 0 0 0 0 5  0  0 1 1 2 2 Br
 -1.612272 9746.222850  0.01 0.01 1 0 1 2 1 2 5  1  0 3 6 5 0 0 0 0 0 5  0  0 1 1 2 2 Br
  0.056937 9568.664120  0.01 0.01 1 0 1 2 1 2 6  3  0 3 5 6 0 0 0 0 0 7  2  0 1 1 3 3 CD
  0.056011 9612.472750  0.01 0.01 1 0 1 2 1 2 6  3  0 3 5 6 0 0 0 0 0 7  4  0 1 1 3 3 CD
 -0.231690 9583.945860  0.01 0.01 1 0 1 2 1 2 6  1  0 3 6 5 0 0 0 0 0 7  0  0 1 1 2 2 CD
 -0.703035 9592.673530  0.01 0.01 1 0 1 2 1 2 6  2  0 3 3 3 0 0 0 0 0 7  1  0 1 1 6 6 CD
 -1.374219 9596.612610  0.01 0.01 1 0 1 2 1 2 6  3  0 1 5 5 0 0 0 0 0 7  3  1 5 5 4 2 CD_b
  0.052794 9750.923230  0.01 0.01 1 0 1 2 1 2 6  3  0 3 5 6 0 0 0 0 0 6  4  0 1 1 3 3 CD
 -1.420852 9750.652630  0.01 0.01 1 0 1 2 1 2 6  5  0 3 6 5 0 0 0 0 0 6  6  0 1 1 2 2 CD
 -1.044207 9679.164000  0.01 0.01 1 0 1 2 1 2 6  4  0 3 3 3 0 0 0 0 0 6  1  0 1 1 6 6 CD
 -1.445590 9649.416910  0.01 0.01 1 0 1 2 1 2 6  5  0 3 6 6 0 0 0 0 0 6  1  1 5 5 6 3 CD
  0.050606 9825.571250  0.01 0.01 1 0 1 2 1 2 6  3  0 3 5 6 0 0 0 0 0 5  2  0 1 1 3 3 CD
 -0.237248 9840.697600  0.01 0.01 1 0 1 2 1 2 6  1  0 3 6 5 0 0 0 0 0 5  0  0 1 1 2 2 CD
 -0.710364 9849.462460  0.01 0.01 1 0 1 2 1 2 6  2  0 3 3 3 0 0 0 0 0 5  1  0 1 1 6 6 CD
 -1.426648 9768.999470  0.01 0.01 1 0 1 2 1 2 6  5  0 3 6 5 0 0 0 0 0 5  3  1 5 5 4 2 CD
 -1.049499 9808.168620  0.01 0.01 1 0 1 2 1 2 6  4  0 3 3 3 0 0 0 0 0 5  2  1 5 5 3 6 CD
 -1.447396 9824.001660  0.01 0.01 1 0 1 2 1 2 6  5  0 3 6 6 0 0 0 0 0 5  4  0 1 1 3 3 CD
 -1.371118 9853.617650  0.01 0.01 1 0 1 2 1 2 6  3  0 1 5 5 0 0 0 0 0 5  3  1 5 5 4 2 CD_b
 -0.846191 9750.149340  0.01 0.01 1 0 1 2 1 2 6  2  0 3 3 2 0 0 0 0 0 6  3  0 1 1 5 5 Br
 -1.464627 9834.317420  0.01 0.01 1 0 1 2 1 2 6  4  0 3 3 2 0 0 0 0 0 5  3  0 1 1 5 5 Br
 -1.714971 9811.470810  0.01 0.01 1 0 1 2 1 2 6  6  0 3 2 3 0 0 0 0 0 5  5  0 1 1 6 6 Br
 -1.650380 9593.671220  0.01 0.01 1 0 1 2 1 2 7  4  0 3 3 3 0 0 0 0 0 8  5  0 1 1 6 6 CD
 -0.900526 9599.441900  0.01 0.01 1 0 1 2 1 2 7  3  0 3 5 6 0 0 0 0 0 8  4  0 1 1 3 3 CD
 -0.048569 9616.988240  0.01 0.01 1 0 1 2 1 2 7  5  0 3 6 5 0 0 0 0 0 8  6  0 1 1 2 2 CD
 -0.798665 9682.354390  0.01 0.01 1 0 1 2 1 2 7  7  0 3 6 5 0 0 0 0 0 7  6  0 1 1 2 2 CD
 -1.658817 9663.973860  0.01 0.01 1 0 1 2 1 2 7  4  0 3 3 3 0 0 0 0 0 7  1  0 1 1 6 6 CD
 -0.906621 9757.275110  0.01 0.01 1 0 1 2 1 2 7  3  0 3 5 6 0 0 0 0 0 7  4  0 1 1 3 3 CD
 -0.048530 9643.379340  0.01 0.01 1 0 1 2 1 2 7  5  0 3 6 5 0 0 0 0 0 7  0  0 1 1 2 2 CD
 -0.255013 9686.626680  0.01 0.01 1 0 1 2 1 2 7  5  0 3 6 6 0 0 0 0 0 7  1  1 5 5 6 3 CD
 -0.804641 9821.234170  0.01 0.01 1 0 1 2 1 2 7  7  0 3 6 5 0 0 0 0 0 6  6  0 1 1 2 2 CD
 -0.260208 9824.707560  0.01 0.01 1 0 1 2 1 2 7  5  0 3 6 6 0 0 0 0 0 6  1  1 5 5 6 3 CD
 -1.377070 9762.855790  0.01 0.01 1 0 1 2 1 2 7  2  0 3 3 2 0 0 0 0 0 7  3  0 1 1 5 5 Br
 -0.970332 9836.319010  0.01 0.01 1 0 1 2 1 2 7  6  0 3 2 3 0 0 0 0 0 6  5  0 1 1 6 6 Br
 -1.221811 9859.691130  0.01 0.01 1 0 1 2 1 2 7  4  0 3 3 2 0 0 0 0 0 6  3  0 1 1 5 5 Br
 -0.113963 9583.427160  0.01 0.01 1 0 1 2 1 2 8  5  0 3 6 5 0 0 0 0 0 9  6  0 1 1 2 2 CD_b
 -0.958548 9601.944390  0.01 0.01 1 0 1 2 1 2 8  7  0 2 6 6 0 0 0 0 0 9  7  1 5 5 6 3 CD_b
 -0.576369 9624.304910  0.01 0.01 1 0 1 2 1 2 8  6  0 3 2 3 0 0 0 0 0 8  2  1 5 5 3 6 CD
 -0.966882 9779.818630  0.01 0.01 1 0 1 2 1 2 8  7  0 2 6 6 0 0 0 0 0 8  7  1 5 5 6 3 CD_b
 -0.582295 9859.206930  0.01 0.01 1 0 1 2 1 2 8  6  0 3 2 3 0 0 0 0 0 7  5  0 1 1 6 6 CD
 -0.128147 9819.583480  0.01 0.01 1 0 1 2 1 2 8  5  0 3 6 5 0 0 0 0 0 7  3  1 5 5 4 2 CD_b
 -0.811556 9792.117680  0.01 0.01 1 0 1 2 1 2 8  7  0 3 6 6 0 0 0 0 0 7  5  1 5 5 6 3 Br
 -0.353656 9604.590180  0.01 0.01 1 0 1 2 1 2 8  8  0 3 3 2 0 0 0 0 0 9  9  0 1 1 5 5 Br
 -1.291000 9830.727230  0.01 0.01 1 0 1 2 1 2 8  8  0 3 3 3 0 0 0 0 0 7  7  0 1 1 6 6 Br
 -1.389787 9845.628380  0.01 0.01 1 0 1 2 1 2 8  7  0 3 6 5 0 0 0 0 0 7  6  0 1 1 2 2 Br
 -0.196985 9880.686050  0.01 0.01 1 0 1 2 1 2 8  4  0 3 3 2 0 0 0 0 0 7  3  0 1 1 5 5 Br
 -1.149349 9588.137640  0.01 0.01 1 0 1 2 1 2 9  8  0 3 3 2 0 0 0 0 0 10 9  0 1 1 5 5 Br
 -0.364158 9840.244000  0.01 0.01 1 0 1 2 1 2 9  9  0 3 5 6 0 0 0 0 0 8  8  0 1 1 3 3 Br
 -1.801152 9854.191650  0.01 0.01 1 0 1 2 1 2 9  8  0 3 3 3 0 0 0 0 0 8  7  0 1 1 6 6 Br
 -0.317984 9870.292190  0.01 0.01 1 0 1 2 1 2 9  7  0 3 6 5 0 0 0 0 0 8  6  0 1 1 2 2 Br
 -1.305995 9649.291420  0.01 0.01 1 0 1 2 1 2 10 10 0 3 3 2 0 0 0 0 0 10 9  0 1 1 5 5 CD
 -1.308823 9847.385570  0.01 0.01 1 0 1 2 1 2 10 10 0 3 3 2 0 0 0 0 0 9  9  0 1 1 5 5 CD
 -0.190903 9866.185200  0.01 0.01 1 0 1 2 1 2 10 9  0 3 5 6 0 0 0 0 0 9  8  0 1 1 3 3 Br
 -1.887852 9860.398220  0.01 0.01 1 0 1 2 1 2 11 11 0 3 6 6 0 0 0 0 0 10 10 0 1 1 3 3 Br
 -1.672606 9873.954470  0.01 0.01 1 0 1 2 1 2 11 10 0 3 3 2 0 0 0 0 0 10 9  0 1 1 5 5 Br
 -0.799441 9875.923370  0.01 0.01 1 0 1 2 1 2 13 13 0 3 6 5 0 0 0 0 0 12 12 0 1 1 2 2 Br
 -3.225047 9709.682890  0.01 0.01 1 0 1 2 1 2 0  0  1 6 1 6 0 0 0 0 0 1  1  1 5 5 6 3 Br
 -3.034625 9692.828950  0.01 0.01 1 0 1 2 1 2 1  0  1 6 2 6 0 0 0 0 0 2  1  1 5 5 6 3 CD
 -3.142286 9699.362530  0.01 0.01 1 0 1 2 1 2 1  1  1 6 6 2 0 0 0 0 0 2  0  1 5 5 1 5 CD_b
 -3.038117 9732.571900  0.01 0.01 1 0 1 2 1 2 1  0  1 6 2 6 0 0 0 0 0 1  1  1 5 5 6 3 CD
 -3.150192 9758.975100  0.01 0.01 1 0 1 2 1 2 1  1  1 6 6 2 0 0 0 0 0 0  0  1 5 5 1 5 CD_b
 -3.880501 9691.389960  0.01 0.01 1 0 1 2 1 2 1  1  1 6 6 3 0 0 0 0 0 2  2  1 5 5 3 6 Br
 -2.129091 9676.263010  0.01 0.01 1 0 1 2 1 2 2  1  1 6 6 3 0 0 0 0 0 3  2  1 5 5 3 6 CD
 -3.988889 9695.396040  0.01 0.01 1 0 1 2 1 2 2  2  1 6 3 5 0 0 0 0 0 3  3  1 5 5 4 2 CD
 -2.133876 9725.504230  0.01 0.01 1 0 1 2 1 2 2  1  1 6 6 3 0 0 0 0 0 2  1  0 1 1 6 6 CD
 -3.986721 9762.168390  0.01 0.01 1 0 1 2 1 2 2  2  1 6 3 5 0 0 0 0 0 1  0  0 1 1 2 2 CD
 -3.929181 9665.475950  0.01 0.01 1 0 1 2 1 2 2  0  1 6 1 6 0 0 0 0 0 3  1  1 5 5 6 3 Br
 -2.403958 9765.944380  0.01 0.01 1 0 1 2 1 2 2  2  1 6 3 6 0 0 0 0 0 1  1  1 5 5 6 3 Br
 -2.993166 9740.305770  0.01 0.01 1 0 1 2 1 2 2  1  1 6 6 2 0 0 0 0 0 2  0  1 5 5 1 5 Br
 -2.979953 9640.897050  0.01 0.01 1 0 1 2 1 2 3  3  1 6 4 3 0 0 0 0 0 4  2  1 5 5 3 6 CD
 -2.268882 9644.167530  0.01 0.01 1 0 1 2 1 2 3  3  1 4 4 2 0 0 0 0 0 4  0  1 5 5 1 5 CD
 -2.279374 9647.618420  0.01 0.01 1 0 1 2 1 2 3  2  1 6 3 6 0 0 0 0 0 4  1  1 5 5 6 3 CD
 -2.370714 9649.075920  0.01 0.01 1 0 1 2 1 2 3  0  1 6 2 6 0 0 0 0 0 4  1  1 5 5 6 3 CD
 -3.418352 9656.958290  0.01 0.01 1 0 1 2 1 2 3  1  1 6 6 2 0 0 0 0 0 4  0  1 5 5 1 5 CD
 -2.777201 9815.918790  0.01 0.01 1 0 1 2 1 2 3  2  1 6 3 5 0 0 0 0 0 4  3  1 5 5 4 2 CD
 -2.480930 9655.685690  0.01 0.01 1 0 1 2 1 2 3  2  1 5 3 6 0 0 0 0 0 4  2  0 1 1 3 3 CD_b
 -3.441750 9659.952580  0.01 0.01 1 0 1 2 1 2 3  1  1 6 6 3 0 0 0 0 0 4  2  1 5 5 3 6 CD_b
 -2.978774 9720.268850  0.01 0.01 1 0 1 2 1 2 3  3  1 6 4 3 0 0 0 0 0 3  2  1 5 5 3 6 CD
 -2.283288 9726.948920  0.01 0.01 1 0 1 2 1 2 3  2  1 6 3 6 0 0 0 0 0 3  1  1 5 5 6 3 CD
 -2.371528 9728.409520  0.01 0.01 1 0 1 2 1 2 3  0  1 6 2 6 0 0 0 0 0 3  1  1 5 5 6 3 CD
 -2.783000 9895.344290  0.01 0.01 1 0 1 2 1 2 3  2  1 6 3 5 0 0 0 0 0 3  3  1 5 5 4 2 CD
 -2.490434 9735.084390  0.01 0.01 1 0 1 2 1 2 3  2  1 5 3 6 0 0 0 0 0 3  2  0 1 1 3 3 CD_b
 -3.433171 9739.331780  0.01 0.01 1 0 1 2 1 2 3  1  1 6 6 3 0 0 0 0 0 3  2  1 5 5 3 6 CD_b
 -2.979448 9779.865530  0.01 0.01 1 0 1 2 1 2 3  3  1 6 4 3 0 0 0 0 0 2  2  1 5 5 3 6 CD
 -2.268884 9783.050810  0.01 0.01 1 0 1 2 1 2 3  3  1 4 4 2 0 0 0 0 0 2  0  1 5 5 1 5 CD
 -2.283311 9786.518900  0.01 0.01 1 0 1 2 1 2 3  2  1 6 3 6 0 0 0 0 0 2  1  1 5 5 6 3 CD
 -3.418354 9795.841570  0.01 0.01 1 0 1 2 1 2 3  1  1 6 6 2 0 0 0 0 0 2  0  1 5 5 1 5 CD
 -3.304198 9743.616760  0.01 0.01 1 0 1 2 1 2 3  2  1 4 3 6 0 0 0 0 0 3  1  1 5 5 6 3 Br
 -2.889313 9662.322470  0.01 0.01 1 0 1 2 1 2 4  3  1 6 4 3 0 0 0 0 0 5  4  1 5 5 3 6 CD
 -2.836322 9629.286790  0.01 0.01 1 0 1 2 1 2 4  2  1 6 3 6 0 0 0 0 0 5  1  1 5 5 6 3 CD
 -3.345795 9632.396780  0.01 0.01 1 0 1 2 1 2 4  0  1 6 1 6 0 0 0 0 0 5  1  1 5 5 6 3 CD
 -3.914635 9636.800160  0.01 0.01 1 0 1 2 1 2 4  2  1 5 3 6 0 0 0 0 0 5  2  0 1 1 3 3 CD
 -2.890355 9761.567990  0.01 0.01 1 0 1 2 1 2 4  3  1 6 4 3 0 0 0 0 0 4  4  1 5 5 3 6 CD
 -3.346255 9731.417010  0.01 0.01 1 0 1 2 1 2 4  0  1 6 1 6 0 0 0 0 0 4  1  1 5 5 6 3 CD
 -3.916418 9735.908190  0.01 0.01 1 0 1 2 1 2 4  2  1 5 3 6 0 0 0 0 0 4  2  0 1 1 3 3 CD
 -3.626387 9712.238180  0.01 0.01 1 0 1 2 1 2 4  4  1 6 3 5 0 0 0 0 0 4  3  1 5 5 4 2 CD
 -2.839296 9807.638920  0.01 0.01 1 0 1 2 1 2 4  2  1 6 3 6 0 0 0 0 0 3  1  1 5 5 6 3 CD
 -3.625486 9791.670380  0.01 0.01 1 0 1 2 1 2 4  4  1 6 3 5 0 0 0 0 0 3  3  1 5 5 4 2 CD
 -2.702616 9742.604870  0.01 0.01 1 0 1 2 1 2 4  2  1 6 3 5 0 0 0 0 0 4  3  1 5 5 4 2 Br
 -2.242936 9665.889950  0.01 0.01 1 0 1 2 1 2 4  4  1 6 3 6 0 0 0 0 0 5  5  1 5 5 6 3 Br
 -3.470655 9744.495860  0.01 0.01 1 0 1 2 1 2 4  1  1 6 6 3 0 0 0 0 0 4  2  1 5 5 3 6 Br
 -3.497168 9724.660730  0.01 0.01 1 0 1 2 1 2 4  3  1 4 4 2 0 0 0 0 0 4  0  1 5 5 1 5 Br
 -2.268648 9747.848150  0.01 0.01 1 0 1 2 1 2 4  1  1 6 6 2 0 0 0 0 0 4  0  1 5 5 1 5 Br
 -3.497097 9601.885890  0.01 0.01 1 0 1 2 1 2 5  5  1 6 6 3 0 0 0 0 0 6  4  1 5 5 3 6 CD
 -3.710787 9604.903780  0.01 0.01 1 0 1 2 1 2 5  3  1 5 4 2 0 0 0 0 0 6  0  1 5 5 1 5 CD
 -2.583315 9609.998160  0.01 0.01 1 0 1 2 1 2 5  2  1 6 3 6 0 0 0 0 0 6  1  1 5 5 6 3 CD
 -3.477536 9612.790250  0.01 0.01 1 0 1 2 1 2 5  1  1 6 6 3 0 0 0 0 0 6  2  1 5 5 3 6 CD
 -3.350497 9631.129980  0.01 0.01 1 0 1 2 1 2 5  2  1 6 3 5 0 0 0 0 0 6  3  1 5 5 4 2 CD
 -2.528486 9646.479130  0.01 0.01 1 0 1 2 1 2 5  4  1 6 3 6 0 0 0 0 0 6  5  1 5 5 6 3 CD
 -3.498994 9720.762450  0.01 0.01 1 0 1 2 1 2 5  5  1 6 6 3 0 0 0 0 0 5  4  1 5 5 3 6 CD
 -3.409337 9701.458820  0.01 0.01 1 0 1 2 1 2 5  3  1 6 4 3 0 0 0 0 0 5  2  1 5 5 3 6 CD
 -2.533582 9765.515680  0.01 0.01 1 0 1 2 1 2 5  4  1 6 3 6 0 0 0 0 0 5  5  1 5 5 6 3 CD
 -3.269716 9674.907020  0.01 0.01 1 0 1 2 1 2 5  5  1 5 6 3 0 0 0 0 0 5  1  0 1 1 6 6 CD
 -3.498636 9820.009370  0.01 0.01 1 0 1 2 1 2 5  5  1 6 6 3 0 0 0 0 0 4  4  1 5 5 3 6 CD
 -3.718241 9822.494870  0.01 0.01 1 0 1 2 1 2 5  3  1 5 4 2 0 0 0 0 0 4  0  1 5 5 1 5 CD
 -3.412338 9800.521350  0.01 0.01 1 0 1 2 1 2 5  3  1 6 4 3 0 0 0 0 0 4  2  1 5 5 3 6 CD
 -2.587972 9827.624650  0.01 0.01 1 0 1 2 1 2 5  2  1 6 3 6 0 0 0 0 0 4  1  1 5 5 6 3 CD
 -3.479940 9830.517040  0.01 0.01 1 0 1 2 1 2 5  1  1 6 6 3 0 0 0 0 0 4  2  1 5 5 3 6 CD
 -3.356949 9849.017270  0.01 0.01 1 0 1 2 1 2 5  2  1 6 3 5 0 0 0 0 0 4  3  1 5 5 4 2 CD
 -3.268167 9773.972350  0.01 0.01 1 0 1 2 1 2 5  5  1 5 6 3 0 0 0 0 0 4  1  0 1 1 6 6 CD
 -3.165538 9813.049000  0.01 0.01 1 0 1 2 1 2 5  4  1 6 3 5 0 0 0 0 0 4  3  1 5 5 4 2 Br
 -3.448462 9833.892220  0.01 0.01 1 0 1 2 1 2 5  1  1 6 6 2 0 0 0 0 0 4  0  1 5 5 1 5 Br
 -3.952730 9735.995490  0.01 0.01 1 0 1 2 1 2 5  0  1 6 2 6 0 0 0 0 0 5  1  1 5 5 6 3 Br
 -2.884125 9512.093030  0.01 0.01 1 0 1 2 1 2 6  5  1 6 6 2 0 0 0 0 0 7  3  0 1 1 5 5 CD
 -2.474200 9593.594520  0.01 0.01 1 0 1 2 1 2 6  2  1 6 3 6 0 0 0 0 0 7  1  1 5 5 6 3 CD_b
 -3.699999 9612.182350  0.01 0.01 1 0 1 2 1 2 6  3  1 6 4 3 0 0 0 0 0 7  4  1 5 5 3 6 CD_b
 -2.886201 9650.397510  0.01 0.01 1 0 1 2 1 2 6  5  1 6 6 2 0 0 0 0 0 6  3  0 1 1 5 5 CD
 -2.600560 9696.112540  0.01 0.01 1 0 1 2 1 2 6  6  1 6 1 6 0 0 0 0 0 6  5  1 5 5 6 3 CD
 -3.451260 9715.867370  0.01 0.01 1 0 1 2 1 2 6  4  1 6 3 5 0 0 0 0 0 6  3  1 5 5 4 2 CD
 -3.693225 9750.583740  0.01 0.01 1 0 1 2 1 2 6  3  1 6 4 3 0 0 0 0 0 6  4  1 5 5 3 6 CD_b
 -2.766376 9729.222120  0.01 0.01 1 0 1 2 1 2 6  2  1 6 3 5 0 0 0 0 0 6  3  1 5 5 4 2 CD_b
 -2.891912 9769.195870  0.01 0.01 1 0 1 2 1 2 6  5  1 6 6 2 0 0 0 0 0 5  3  0 1 1 5 5 CD
 -3.669966 9779.234130  0.01 0.01 1 0 1 2 1 2 6  5  1 6 6 3 0 0 0 0 0 5  2  1 5 5 3 6 Br
 -2.606156 9815.148590  0.01 0.01 1 0 1 2 1 2 6  6  1 6 1 6 0 0 0 0 0 5  5  1 5 5 6 3 CD
 -3.453568 9834.618320  0.01 0.01 1 0 1 2 1 2 6  4  1 6 3 5 0 0 0 0 0 5  3  1 5 5 4 2 CD
 -2.473092 9850.292160  0.01 0.01 1 0 1 2 1 2 6  2  1 6 3 6 0 0 0 0 0 5  1  1 5 5 6 3 CD_b
 -2.762512 9815.564790  0.01 0.01 1 0 1 2 1 2 6  2  1 6 3 5 0 0 0 0 0 5  0  0 1 1 2 2 CD_b
 -2.859090 9610.603060  0.01 0.01 1 0 1 2 1 2 6  4  1 6 3 6 0 0 0 0 0 7  5  1 5 5 6 3 Br
 -2.383159 9785.266810  0.01 0.01 1 0 1 2 1 2 6  6  1 5 1 5 0 0 0 0 0 5  3  1 5 5 4 2 Br
 -2.114934 9743.432860  0.01 0.01 1 0 1 2 1 2 6  0  1 6 1 6 0 0 0 0 0 6  1  1 5 5 6 3 Br
 -4.095454 9745.890050  0.01 0.01 1 0 1 2 1 2 6  1  1 6 6 2 0 0 0 0 0 6  0  1 5 5 1 5 Br
 -2.173197 9597.645610  0.01 0.01 1 0 1 2 1 2 7  5  1 6 6 2 0 0 0 0 0 8  6  1 5 5 1 5 CD
 -2.430732 9562.472640  0.01 0.01 1 0 1 2 1 2 7  4  1 6 3 5 0 0 0 0 0 8  3  1 5 5 4 2 CD_b
 -2.175840 9755.894020  0.01 0.01 1 0 1 2 1 2 7  5  1 6 6 2 0 0 0 0 0 7  6  1 5 5 1 5 CD
 -2.190844 9671.256030  0.01 0.01 1 0 1 2 1 2 7  6  1 5 1 5 0 0 0 0 0 7  3  1 5 5 4 2 CD
 -3.263088 9647.260120  0.01 0.01 1 0 1 2 1 2 7  7  1 5 6 3 0 0 0 0 0 7  4  1 5 5 3 6 CD_b
 -2.672492 9697.566930  0.01 0.01 1 0 1 2 1 2 7  6  1 6 1 6 0 0 0 0 0 7  5  1 5 5 6 3 CD_b
 -2.197445 9809.498110  0.01 0.01 1 0 1 2 1 2 7  6  1 5 1 5 0 0 0 0 0 6  3  1 5 5 4 2 CD
 -2.428340 9858.341730  0.01 0.01 1 0 1 2 1 2 7  4  1 6 3 5 0 0 0 0 0 6  3  1 5 5 4 2 CD_b
 -3.273224 9785.644600  0.01 0.01 1 0 1 2 1 2 7  7  1 5 6 3 0 0 0 0 0 6  4  1 5 5 3 6 CD_b
 -2.685558 9759.617200  0.01 0.01 1 0 1 2 1 2 7  6  1 6 1 6 0 0 0 0 0 6  2  0 1 1 3 3 CD_b
 -3.451608 9846.436380  0.01 0.01 1 0 1 2 1 2 7  5  1 6 6 3 0 0 0 0 0 6  4  1 5 5 3 6 Br
 -2.163742 9761.769890  0.01 0.01 1 0 1 2 1 2 7  2  1 6 3 5 0 0 0 0 0 7  3  1 5 5 4 2 Br
 -3.375230 9504.892560  0.01 0.01 1 0 1 2 1 2 8  8  1 6 3 6 0 0 0 0 0 9  4  0 1 1 3 3 CD
 -2.726020 9602.683090  0.01 0.01 1 0 1 2 1 2 8  7  1 6 6 3 0 0 0 0 0 9  8  1 5 5 3 6 CD
 -3.384213 9681.958090  0.01 0.01 1 0 1 2 1 2 8  8  1 6 3 6 0 0 0 0 0 8  4  0 1 1 3 3 CD
 -2.769192 9780.929620  0.01 0.01 1 0 1 2 1 2 8  7  1 6 6 3 0 0 0 0 0 8  8  1 5 5 3 6 CD
 -3.657335 9696.548940  0.01 0.01 1 0 1 2 1 2 8  6  1 6 1 6 0 0 0 0 0 8  5  1 5 5 6 3 CD_b
 -2.136488 9676.408710  0.01 0.01 1 0 1 2 1 2 8  6  1 5 1 5 0 0 0 0 0 8  3  1 5 5 4 2 CD_b
 -3.654409 9778.404330  0.01 0.01 1 0 1 2 1 2 8  6  1 6 1 6 0 0 0 0 0 7  2  0 1 1 3 3 CD_b
 -2.131695 9834.031520  0.01 0.01 1 0 1 2 1 2 8  6  1 5 1 5 0 0 0 0 0 7  3  1 5 5 4 2 CD_b
 -2.836625 9809.601910  0.01 0.01 1 0 1 2 1 2 8  7  1 5 6 3 0 0 0 0 0 7  4  1 5 5 3 6 Br
 -3.892124 9844.235380  0.01 0.01 1 0 1 2 1 2 8  7  1 6 6 2 0 0 0 0 0 7  6  1 5 5 1 5 Br
 -2.939184 9780.885720  0.01 0.01 1 0 1 2 1 2 9  8  1 6 3 5 0 0 0 0 0 9  9  1 5 5 4 2 CD
 -2.830484 9780.994420  0.01 0.01 1 0 1 2 1 2 9  8  1 6 3 5 0 0 0 0 0 9  9  1 5 5 4 2 CD
 -2.949418 9793.605270  0.01 0.01 1 0 1 2 1 2 9  8  1 6 3 5 0 0 0 0 0 8  6  0 1 1 2 2 CD
 -2.839618 9793.715070  0.01 0.01 1 0 1 2 1 2 9  8  1 6 3 5 0 0 0 0 0 8  6  0 1 1 2 2 CD
 -2.228509 9843.504190  0.01 0.01 1 0 1 2 1 2 9  9  1 6 4 3 0 0 0 0 0 8  8  1 5 5 3 6 Br
 -3.460771 9812.635100  0.01 0.01 1 0 1 2 1 2 9  8  1 5 3 6 0 0 0 0 0 8  5  1 5 5 6 3 Br
 -3.858452 9859.264130  0.01 0.01 1 0 1 2 1 2 11 11 1 6 6 3 0 0 0 0 0 10 10 1 5 5 3 6 Br
  5.899854 9624.886910  0.01 0.01 2 0 0 2 0 2 0  0 0 3 1 3 0 0 0 0 0 1  1 0 1 1 6 6 Br
  3.978993 9604.049380  0.01 0.01 2 0 0 2 0 2 1  0 0 3 2 3 0 0 0 0 0 2  1 0 1 1 6 6 CD
  3.978721 9643.815340  0.01 0.01 2 0 0 2 0 2 1  0 0 3 2 3 0 0 0 0 0 1  1 0 1 1 6 6 CD
  4.600808 9603.665090  0.01 0.01 2 0 0 2 0 2 2  2 0 3 3 2 0 0 0 0 0 3  3 0 1 1 5 5 Br
  5.432850 9663.378260  0.01 0.01 2 0 0 2 0 2 2  2 0 3 3 3 0 0 0 0 0 1  1 0 1 1 6 6 Br
  4.791990 9655.804390  0.01 0.01 2 0 0 2 0 2 2  1 0 3 6 6 0 0 0 0 0 2  2 0 1 1 3 3 Br
  4.278778 9574.846090  0.01 0.01 2 0 0 2 0 2 2  1 0 3 6 5 0 0 0 0 0 3  0 0 1 1 2 2 CD
  4.305719 9586.372650  0.01 0.01 2 0 0 2 0 2 2  0 0 3 1 3 0 0 0 0 0 3  1 0 1 1 6 6 CD
  4.307675 9645.973330  0.01 0.01 2 0 0 2 0 2 2  0 0 3 1 3 0 0 0 0 0 2  1 0 1 1 6 6 CD
  4.277283 9674.193920  0.01 0.01 2 0 0 2 0 2 2  1 0 3 6 5 0 0 0 0 0 1  0 0 1 1 2 2 CD
  5.218216 9671.714230  0.01 0.01 2 0 0 2 0 2 3  3 0 3 5 6 0 0 0 0 0 2  2 0 1 1 3 3 Br
  4.629186 9639.571050  0.01 0.01 2 0 0 2 0 2 3  1 0 3 6 5 0 0 0 0 0 3  0 0 1 1 2 2 Br
  4.450308 9546.292400  0.01 0.01 2 0 0 2 0 2 3  2 0 3 3 3 0 0 0 0 0 4  1 0 1 1 6 6 CD
  5.800055 9570.738710  0.01 0.01 2 0 0 2 0 2 3  0 0 3 2 3 0 0 0 0 0 4  1 0 1 1 6 6 CD
  5.701914 9579.742280  0.01 0.01 2 0 0 2 0 2 3  1 0 3 6 6 0 0 0 0 0 4  2 0 1 1 3 3 CD
  4.449626 9625.662700  0.01 0.01 2 0 0 2 0 2 3  2 0 3 3 3 0 0 0 0 0 3  1 0 1 1 6 6 CD
  5.799273 9650.108910  0.01 0.01 2 0 0 2 0 2 3  0 0 3 2 3 0 0 0 0 0 3  1 0 1 1 6 6 CD
  5.701510 9659.150080  0.01 0.01 2 0 0 2 0 2 3  1 0 3 6 6 0 0 0 0 0 3  2 0 1 1 3 3 CD
  4.448582 9685.260380  0.01 0.01 2 0 0 2 0 2 3  2 0 3 3 3 0 0 0 0 0 2  1 0 1 1 6 6 CD
  5.796729 9709.705090  0.01 0.01 2 0 0 2 0 2 3  0 0 3 2 3 0 0 0 0 0 2  1 0 1 1 6 6 CD
  5.701506 9718.776950  0.01 0.01 2 0 0 2 0 2 3  1 0 3 6 6 0 0 0 0 0 2  2 0 1 1 3 3 CD
  3.933018 9651.134310  0.01 0.01 2 0 0 2 0 2 4  0 0 3 1 3 0 0 0 0 0 4  1 0 1 1 6 6 Br
  4.830788 9740.341770  0.01 0.01 2 0 0 2 0 2 4  1 0 3 6 6 0 0 0 0 0 3  2 0 1 1 3 3 Br
  4.391475 9694.759140  0.01 0.01 2 0 0 2 0 2 4  3 0 3 5 6 0 0 0 0 0 3  2 0 1 1 3 3 Br
  5.161957 9580.599570  0.01 0.01 2 0 0 2 0 2 4  4 0 3 3 3 0 0 0 0 0 5  5 0 1 1 6 6 Br
  3.949399 9598.893300  0.01 0.01 2 0 0 2 0 2 4  4 0 3 3 2 0 0 0 0 0 4  3 0 1 1 5 5 Br
  4.871977 9668.601640  0.01 0.01 2 0 0 2 0 2 4  2 0 3 3 2 0 0 0 0 0 4  3 0 1 1 5 5 Br
  5.158873 9718.069060  0.01 0.01 2 0 0 2 0 2 4  1 0 3 6 5 0 0 0 0 0 3  0 0 1 1 2 2 Br
  4.904220 9530.898160  0.01 0.01 2 0 0 2 0 2 4  2 0 3 3 3 0 0 0 0 0 5  1 0 1 1 6 6 CD
  4.903687 9709.332390  0.01 0.01 2 0 0 2 0 2 4  2 0 3 3 3 0 0 0 0 0 3  1 0 1 1 6 6 CD
  5.144395 9763.470990  0.01 0.01 2 0 0 2 0 2 5  1 0 3 6 6 0 0 0 0 0 4  2 0 1 1 3 3 Br
  4.409547 9675.754520  0.01 0.01 2 0 0 2 0 2 5  2 0 3 3 2 0 0 0 0 0 5  3 0 1 1 5 5 Br
  5.207861 9562.407640  0.01 0.01 2 0 0 2 0 2 5  4 0 3 3 3 0 0 0 0 0 6  5 0 1 1 6 6 Br
  4.798134 9567.794120  0.01 0.01 2 0 0 2 0 2 5  5 0 3 6 5 0 0 0 0 0 6  6 0 1 1 2 2 Br
  3.953170 9685.715780  0.01 0.01 2 0 0 2 0 2 5  5 0 3 6 6 0 0 0 0 0 4  4 0 1 1 3 3 Br
  4.233054 9501.200270  0.01 0.01 2 0 0 2 0 2 5  3 0 3 5 6 0 0 0 0 0 6  2 0 1 1 3 3 CD
  3.962446 9565.137930  0.01 0.01 2 0 0 2 0 2 5  2 0 3 3 3 0 0 0 0 0 6  4 1 5 5 3 6 CD
  3.909312 9561.361740  0.01 0.01 2 0 0 2 0 2 5  1 0 3 6 5 0 0 0 0 0 6  3 1 5 5 4 2 CD
  4.230601 9619.910930  0.01 0.01 2 0 0 2 0 2 5  3 0 3 5 6 0 0 0 0 0 5  2 0 1 1 3 3 CD
  3.964939 9684.018880  0.01 0.01 2 0 0 2 0 2 5  2 0 3 3 3 0 0 0 0 0 5  4 1 5 5 3 6 CD
  3.986030 9654.704090  0.01 0.01 2 0 0 2 0 2 5  0 0 3 2 3 0 0 0 0 0 5  1 0 1 1 6 6 CD
  3.904714 9680.110400  0.01 0.01 2 0 0 2 0 2 5  1 0 3 6 5 0 0 0 0 0 5  3 1 5 5 4 2 CD
  5.148802 9605.402280  0.01 0.01 2 0 0 2 0 2 5  4 0 3 3 2 0 0 0 0 0 5  3 0 1 1 5 5 CD_b
  4.230208 9719.020350  0.01 0.01 2 0 0 2 0 2 5  3 0 3 5 6 0 0 0 0 0 4  2 0 1 1 3 3 CD
  3.981979 9753.763820  0.01 0.01 2 0 0 2 0 2 5  0 0 3 2 3 0 0 0 0 0 4  1 0 1 1 6 6 CD
  5.141312 9704.581910  0.01 0.01 2 0 0 2 0 2 5  4 0 3 3 2 0 0 0 0 0 4  3 0 1 1 5 5 CD_b
  5.400603 9783.663310  0.01 0.01 2 0 0 2 0 2 6  1 0 3 6 6 0 0 0 0 0 5  2 0 1 1 3 3 Br
  5.421622 9693.838050  0.01 0.01 2 0 0 2 0 2 6  6 0 3 2 3 0 0 0 0 0 5  5 0 1 1 6 6 Br
  4.825188 9681.192300  0.01 0.01 2 0 0 2 0 2 6  4 0 3 3 3 0 0 0 0 0 6  5 0 1 1 6 6 Br
  4.788140 9688.831870  0.01 0.01 2 0 0 2 0 2 6  5 0 3 6 5 0 0 0 0 0 6  6 0 1 1 2 2 Br
  4.671308 9495.066490  0.01 0.01 2 0 0 2 0 2 6  2 0 3 3 3 0 0 0 0 0 7  1 0 1 1 6 6 CD
  5.388054 9534.381550  0.01 0.01 2 0 0 2 0 2 6  2 0 3 3 2 0 0 0 0 0 7  3 0 1 1 5 5 CD
  4.659766 9624.429010  0.01 0.01 2 0 0 2 0 2 6  3 0 3 5 6 0 0 0 0 0 6  2 0 1 1 3 3 CD
  4.671521 9633.204380  0.01 0.01 2 0 0 2 0 2 6  2 0 3 3 3 0 0 0 0 0 6  1 0 1 1 6 6 CD
  5.385435 9639.116350  0.01 0.01 2 0 0 2 0 2 6  2 0 3 3 2 0 0 0 0 0 6  0 1 5 5 1 5 CD
  4.934352 9595.000220  0.01 0.01 2 0 0 2 0 2 6  5 0 3 6 6 0 0 0 0 0 6  4 0 1 1 3 3 CD
  5.099834 9611.480460  0.01 0.01 2 0 0 2 0 2 6  4 0 3 3 2 0 0 0 0 0 6  3 0 1 1 5 5 CD_b
  5.629784 9743.142060  0.01 0.01 2 0 0 2 0 2 6  3 0 3 5 6 0 0 0 0 0 5  2 0 1 1 3 3 CD
  4.935507 9713.934970  0.01 0.01 2 0 0 2 0 2 6  5 0 3 6 6 0 0 0 0 0 5  4 0 1 1 3 3 CD
  5.089813 9730.274510  0.01 0.01 2 0 0 2 0 2 6  4 0 3 3 2 0 0 0 0 0 5  3 0 1 1 5 5 CD_b
  5.103378 9538.536430  0.01 0.01 2 0 0 2 0 2 7  7 0 3 6 6 0 0 0 0 0 8  8 0 1 1 3 3 Br
  4.122194 9698.721130  0.01 0.01 2 0 0 2 0 2 7  7 0 3 6 5 0 0 0 0 0 6  6 0 1 1 2 2 Br
  4.561018 9738.408780  0.01 0.01 2 0 0 2 0 2 7  5 0 3 6 6 0 0 0 0 0 6  4 0 1 1 3 3 Br
  4.088543 9459.008130  0.01 0.01 2 0 0 2 0 2 7  4 0 3 3 2 0 0 0 0 0 8  3 0 1 1 5 5 CD
  5.080399 9473.581170  0.01 0.01 2 0 0 2 0 2 7  3 0 3 5 6 0 0 0 0 0 8  2 0 1 1 3 3 CD
  5.502945 9510.184740  0.01 0.01 2 0 0 2 0 2 7  1 0 3 6 6 0 0 0 0 0 8  2 0 1 1 3 3 CD
  4.540149 9520.762100  0.01 0.01 2 0 0 2 0 2 7  4 0 3 3 3 0 0 0 0 0 8  5 0 1 1 6 6 CD_b
  4.084579 9616.674240  0.01 0.01 2 0 0 2 0 2 7  4 0 3 3 2 0 0 0 0 0 7  3 0 1 1 5 5 CD
  5.502646 9667.739150  0.01 0.01 2 0 0 2 0 2 7  1 0 3 6 6 0 0 0 0 0 7  2 0 1 1 3 3 CD
  3.976733 9685.756480  0.01 0.01 2 0 0 2 0 2 7  2 0 3 3 3 0 0 0 0 0 7  4 1 5 5 3 6 CD
  4.521086 9583.776060  0.01 0.01 2 0 0 2 0 2 7  6 0 3 2 3 0 0 0 0 0 7  5 0 1 1 6 6 CD
  5.402354 9690.498560  0.01 0.01 2 0 0 2 0 2 7  5 0 3 6 5 0 0 0 0 0 7  6 0 1 1 2 2 CD
  4.531150 9678.809000  0.01 0.01 2 0 0 2 0 2 7  4 0 3 3 3 0 0 0 0 0 7  5 0 1 1 6 6 CD_b
  4.565321 9684.262280  0.01 0.01 2 0 0 2 0 2 7  2 0 3 3 2 0 0 0 0 0 7  3 0 1 1 5 5 CD_b
  4.082803 9754.979020  0.01 0.01 2 0 0 2 0 2 7  4 0 3 3 2 0 0 0 0 0 6  3 0 1 1 5 5 CD
  5.071232 9769.327060  0.01 0.01 2 0 0 2 0 2 7  3 0 3 5 6 0 0 0 0 0 6  2 0 1 1 3 3 CD
  5.502978 9805.939830  0.01 0.01 2 0 0 2 0 2 7  1 0 3 6 6 0 0 0 0 0 6  2 0 1 1 3 3 CD
  3.970809 9780.152520  0.01 0.01 2 0 0 2 0 2 7  2 0 3 3 3 0 0 0 0 0 6  2 1 5 5 3 6 CD
  4.519894 9722.421440  0.01 0.01 2 0 0 2 0 2 7  6 0 3 2 3 0 0 0 0 0 6  5 0 1 1 6 6 CD
  5.397278 9829.379240  0.01 0.01 2 0 0 2 0 2 7  5 0 3 6 5 0 0 0 0 0 6  6 0 1 1 2 2 CD
  4.552712 9788.987090  0.01 0.01 2 0 0 2 0 2 7  2 0 3 3 2 0 0 0 0 0 6  0 1 5 5 1 5 CD_b
  5.079023 9536.188240  0.01 0.01 2 0 0 2 0 2 8  8 0 3 3 2 0 0 0 0 0 9  9 0 1 1 5 5 Br
  4.368494 9674.071320  0.01 0.01 2 0 0 2 0 2 8  2 0 3 3 2 0 0 0 0 0 8  3 0 1 1 5 5 Br
  5.681726 9676.601910  0.01 0.01 2 0 0 2 0 2 8  4 0 3 3 3 0 0 0 0 0 8  5 0 1 1 6 6 Br
  4.625176 9686.217380  0.01 0.01 2 0 0 2 0 2 8  5 0 3 6 5 0 0 0 0 0 8  6 0 1 1 2 2 Br
  4.804233 9785.667200  0.01 0.01 2 0 0 2 0 2 8  2 0 3 3 3 0 0 0 0 0 7  1 0 1 1 6 6 Br
  5.304747 9703.081310  0.01 0.01 2 0 0 2 0 2 8  8 0 3 3 3 0 0 0 0 0 7  7 0 1 1 6 6 Br
  4.807382 9766.494380  0.01 0.01 2 0 0 2 0 2 8  5 0 3 6 6 0 0 0 0 0 7  4 0 1 1 3 3 Br
  4.018969 9447.153570  0.01 0.01 2 0 0 2 0 2 8  4 0 3 3 2 0 0 0 0 0 9  3 0 1 1 5 5 CD
  5.886637 9519.387100  0.01 0.01 2 0 0 2 0 2 8  6 0 3 2 3 0 0 0 0 0 9  7 0 1 1 6 6 CD
  4.247053 9523.569290  0.01 0.01 2 0 0 2 0 2 8  7 0 3 6 6 0 0 0 0 0 9  8 0 1 1 3 3 CD
  4.015330 9624.046010  0.01 0.01 2 0 0 2 0 2 8  4 0 3 3 2 0 0 0 0 0 8  3 0 1 1 5 5 CD
  4.023444 9661.768270  0.01 0.01 2 0 0 2 0 2 8  1 0 3 6 5 0 0 0 0 0 8  3 1 5 5 4 2 CD
  5.884027 9697.350130  0.01 0.01 2 0 0 2 0 2 8  6 0 3 2 3 0 0 0 0 0 8  7 0 1 1 6 6 CD
  4.245926 9701.953020  0.01 0.01 2 0 0 2 0 2 8  7 0 3 6 6 0 0 0 0 0 8  8 0 1 1 3 3 CD
  4.526220 9568.559120  0.01 0.01 2 0 0 2 0 2 8  7 0 3 6 5 0 0 0 0 0 8  6 0 1 1 2 2 CD
  4.011466 9781.712220  0.01 0.01 2 0 0 2 0 2 8  4 0 3 3 2 0 0 0 0 0 7  3 0 1 1 5 5 CD
  4.018268 9787.211300  0.01 0.01 2 0 0 2 0 2 8  1 0 3 6 5 0 0 0 0 0 7  0 0 1 1 2 2 CD
  4.014337 9819.377180  0.01 0.01 2 0 0 2 0 2 8  1 0 3 6 5 0 0 0 0 0 7  3 1 5 5 4 2 CD
  4.523401 9726.880720  0.01 0.01 2 0 0 2 0 2 8  7 0 3 6 5 0 0 0 0 0 7  6 0 1 1 2 2 CD
  3.911805 9707.527900  0.01 0.01 2 0 0 2 0 2 9  9 0 3 5 6 0 0 0 0 0 8  8 0 1 1 3 3 Br
  5.636169 9662.861260  0.01 0.01 2 0 0 2 0 2 9  1 0 3 6 5 0 0 0 0 0 9  0 0 1 1 2 2 Br
  5.659029 9733.122400  0.01 0.01 2 0 0 2 0 2 9  8 0 3 3 3 0 0 0 0 0 8  7 0 1 1 6 6 Br
  3.945814 9748.728640  0.01 0.01 2 0 0 2 0 2 9  7 0 3 6 5 0 0 0 0 0 8  6 0 1 1 2 2 Br
  5.473602 9502.868460  0.01 0.01 2 0 0 2 0 2 9  7 0 3 6 6 0 0 0 0 0 10 8 0 1 1 3 3 CD
  4.824710 9487.305620  0.01 0.01 2 0 0 2 0 2 9  5 0 3 6 5 0 0 0 0 0 10 6 0 1 1 2 2 Br
  5.471113 9700.434720  0.01 0.01 2 0 0 2 0 2 9  7 0 3 6 6 0 0 0 0 0 9  8 0 1 1 3 3 CD
  4.362445 9645.003130  0.01 0.01 2 0 0 2 0 2 9  2 0 3 3 2 0 0 0 0 0 9  3 0 1 1 5 5 CD
  4.675051 9614.943440  0.01 0.01 2 0 0 2 0 2 9  4 0 3 3 2 0 0 0 0 0 9  3 0 1 1 5 5 CD
  4.707612 9603.508790  0.01 0.01 2 0 0 2 0 2 9  5 0 3 6 6 0 0 0 0 0 9  4 0 1 1 3 3 CD_b
  4.358867 9788.829590  0.01 0.01 2 0 0 2 0 2 9  2 0 3 3 2 0 0 0 0 0 8  0 1 5 5 1 5 CD
  4.674212 9791.838680  0.01 0.01 2 0 0 2 0 2 9  4 0 3 3 2 0 0 0 0 0 8  3 0 1 1 5 5 CD
  4.696429 9780.572120  0.01 0.01 2 0 0 2 0 2 9  5 0 3 6 6 0 0 0 0 0 8  4 0 1 1 3 3 CD_b
  5.081440 9665.433650  0.01 0.01 2 0 0 2 0 2 10 2 0 3 3 2 0 0 0 0 0 10 3 0 1 1 5 5 Br
  5.745748 9780.366220  0.01 0.01 2 0 0 2 0 2 10 7 0 3 6 5 0 0 0 0 0 9  6 0 1 1 2 2 Br
  4.071374 9786.270200  0.01 0.01 2 0 0 2 0 2 10 6 0 3 2 3 0 0 0 0 0 9  5 0 1 1 6 6 Br
  5.158263 9823.822260  0.01 0.01 2 0 0 2 0 2 10 1 0 3 6 5 0 0 0 0 0 9  0 0 1 1 2 2 Br
  0.230362 9625.745000  0.01 0.01 2 0 0 2 0 2 0  0  1 6 1 6 0 0 0 0 0 1  1  1 5 5 6 3 Br
  0.825561 9596.181210  0.01 0.01 2 0 0 2 0 2 1  1  1 6 6 2 0 0 0 0 0 2  0  1 5 5 1 5 Br
  0.782227 9646.763120  0.01 0.01 2 0 0 2 0 2 1  0  1 6 2 6 0 0 0 0 0 1  1  1 5 5 6 3 Br
  0.131678 9615.799540  0.01 0.01 2 0 0 2 0 2 1  1  1 6 6 3 0 0 0 0 0 2  2  1 5 5 3 6 Br
  0.309296 9565.361530  0.01 0.01 2 0 0 2 0 2 2  2  1 6 3 6 0 0 0 0 0 3  1  1 5 5 6 3 CD
 -0.050933 9587.619650  0.01 0.01 2 0 0 2 0 2 2  0  1 6 1 6 0 0 0 0 0 3  1  1 5 5 6 3 CD
  0.729353 9597.705310  0.01 0.01 2 0 0 2 0 2 2  1  1 6 6 3 0 0 0 0 0 3  2  1 5 5 3 6 CD
  0.308173 9624.930410  0.01 0.01 2 0 0 2 0 2 2  2  1 6 3 6 0 0 0 0 0 2  1  1 5 5 6 3 CD
 -0.051466 9647.189120  0.01 0.01 2 0 0 2 0 2 2  0  1 6 1 6 0 0 0 0 0 2  1  1 5 5 6 3 CD
  0.728669 9657.301980  0.01 0.01 2 0 0 2 0 2 2  1  1 6 6 3 0 0 0 0 0 2  2  1 5 5 3 6 CD
 -0.056958 9686.930070  0.01 0.01 2 0 0 2 0 2 2  0  1 6 1 6 0 0 0 0 0 1  1  1 5 5 6 3 CD
  0.389732 9570.142610  0.01 0.01 2 0 0 2 0 2 3  0  1 6 2 6 0 0 0 0 0 4  1  1 5 5 6 3 CD
  0.456777 9579.501380  0.01 0.01 2 0 0 2 0 2 3  1  1 6 6 3 0 0 0 0 0 4  2  1 5 5 3 6 CD
  1.123030 9587.694750  0.01 0.01 2 0 0 2 0 2 3  2  1 6 3 5 0 0 0 0 0 4  3  1 5 5 4 2 CD
  0.388118 9649.475410  0.01 0.01 2 0 0 2 0 2 3  0  1 6 2 6 0 0 0 0 0 3  1  1 5 5 6 3 CD
  0.456856 9658.872080  0.01 0.01 2 0 0 2 0 2 3  1  1 6 6 3 0 0 0 0 0 3  2  1 5 5 3 6 CD
  1.121731 9667.124750  0.01 0.01 2 0 0 2 0 2 3  2  1 6 3 5 0 0 0 0 0 3  3  1 5 5 4 2 CD
  0.385895 9709.043190  0.01 0.01 2 0 0 2 0 2 3  0  1 6 2 6 0 0 0 0 0 2  1  1 5 5 6 3 CD
  0.455782 9718.468360  0.01 0.01 2 0 0 2 0 2 3  1  1 6 6 3 0 0 0 0 0 2  2  1 5 5 3 6 CD
  1.739432 9687.871070  0.01 0.01 2 0 0 2 0 2 3  2  1 6 3 6 0 0 0 0 0 2  1  1 5 5 6 3 Br
  1.106219 9553.616970  0.01 0.01 2 0 0 2 0 2 4  0  1 6 1 6 0 0 0 0 0 5  1  1 5 5 6 3 CD
  1.281777 9562.945340  0.01 0.01 2 0 0 2 0 2 4  1  1 6 6 3 0 0 0 0 0 5  2  1 5 5 3 6 CD
  1.105959 9652.637400  0.01 0.01 2 0 0 2 0 2 4  0  1 6 1 6 0 0 0 0 0 4  1  1 5 5 6 3 CD
  1.279076 9662.008170  0.01 0.01 2 0 0 2 0 2 4  1  1 6 6 3 0 0 0 0 0 4  2  1 5 5 3 6 CD
  1.103445 9731.969300  0.01 0.01 2 0 0 2 0 2 4  0  1 6 1 6 0 0 0 0 0 3  1  1 5 5 6 3 CD
  1.103080 9743.824560  0.01 0.01 2 0 0 2 0 2 4  0  1 6 1 6 0 0 0 0 0 3  2  0 1 1 3 3 CD
  1.280855 9741.380570  0.01 0.01 2 0 0 2 0 2 4  1  1 6 6 3 0 0 0 0 0 3  2  1 5 5 3 6 CD
  0.330235 9709.017890  0.01 0.01 2 0 0 2 0 2 4  2  1 6 3 6 0 0 0 0 0 3  1  1 5 5 6 3 Br
  1.261480 9582.448070  0.01 0.01 2 0 0 2 0 2 4  4  1 6 3 6 0 0 0 0 0 5  5  1 5 5 6 3 Br
  0.323044 9680.755000  0.01 0.01 2 0 0 2 0 2 4  4  1 6 3 5 0 0 0 0 0 3  3  1 5 5 4 2 Br
  0.862808 9696.432740  0.01 0.01 2 0 0 2 0 2 4  3  1 6 4 3 0 0 0 0 0 3  2  1 5 5 3 6 Br
  1.225879 9672.885430  0.01 0.01 2 0 0 2 0 2 4  2  1 6 3 5 0 0 0 0 0 4  3  1 5 5 4 2 Br
  0.791800 9485.279830  0.01 0.01 2 0 0 2 0 2 5  4  1 6 3 5 0 0 0 0 0 6  3  1 5 5 4 2 CD
  1.487417 9503.145860  0.01 0.01 2 0 0 2 0 2 5  3  1 6 4 3 0 0 0 0 0 6  2  1 5 5 3 6 CD
  1.590557 9523.068490  0.01 0.01 2 0 0 2 0 2 5  1  1 6 6 2 0 0 0 0 0 6  0  1 5 5 1 5 CD
  1.716162 9537.936730  0.01 0.01 2 0 0 2 0 2 5  0  1 6 2 6 0 0 0 0 0 6  1  1 5 5 6 3 CD
  0.789892 9604.031180  0.01 0.01 2 0 0 2 0 2 5  4  1 6 3 5 0 0 0 0 0 5  3  1 5 5 4 2 CD
  1.485814 9621.807920  0.01 0.01 2 0 0 2 0 2 5  3  1 6 4 3 0 0 0 0 0 5  2  1 5 5 3 6 CD
  1.713165 9656.544190  0.01 0.01 2 0 0 2 0 2 5  0  1 6 2 6 0 0 0 0 0 5  1  1 5 5 6 3 CD
  1.711903 9668.235640  0.01 0.01 2 0 0 2 0 2 5  0  1 6 2 6 0 0 0 0 0 5  2  0 1 1 3 3 CD
  1.100059 9666.619150  0.01 0.01 2 0 0 2 0 2 5  1  1 6 6 3 0 0 0 0 0 5  2  1 5 5 3 6 CD
  1.586493 9740.662970  0.01 0.01 2 0 0 2 0 2 5  1  1 6 6 2 0 0 0 0 0 4  0  1 5 5 1 5 CD
  1.713805 9755.565520  0.01 0.01 2 0 0 2 0 2 5  0  1 6 2 6 0 0 0 0 0 4  1  1 5 5 6 3 CD
  1.706220 9767.339770  0.01 0.01 2 0 0 2 0 2 5  0  1 6 2 6 0 0 0 0 0 4  2  0 1 1 3 3 CD
  1.094158 9765.678780  0.01 0.01 2 0 0 2 0 2 5  1  1 6 6 3 0 0 0 0 0 4  2  1 5 5 3 6 CD
  1.307932 9633.040780  0.01 0.01 2 0 0 2 0 2 5  2  1 6 3 6 0 0 0 0 0 5  1  1 5 5 6 3 Br
 -0.015737 9669.136240  0.01 0.01 2 0 0 2 0 2 5  2  1 6 3 5 0 0 0 0 0 5  3  1 5 5 4 2 Br
  1.837276 9563.542040  0.01 0.01 2 0 0 2 0 2 5  4  1 6 3 6 0 0 0 0 0 6  5  1 5 5 6 3 Br
  1.038208 9569.537110  0.01 0.01 2 0 0 2 0 2 5  5  1 6 6 2 0 0 0 0 0 6  6  1 5 5 1 5 Br
  1.262867 9552.640980  0.01 0.01 2 0 0 2 0 2 6  5  1 6 6 2 0 0 0 0 0 7  6  1 5 5 1 5 CD
  1.838533 9499.277780  0.01 0.01 2 0 0 2 0 2 6  2  1 6 3 6 0 0 0 0 0 7  1  1 5 5 6 3 CD_b
  1.263234 9691.456260  0.01 0.01 2 0 0 2 0 2 6  5  1 6 6 2 0 0 0 0 0 6  6  1 5 5 1 5 CD
  1.199217 9575.651390  0.01 0.01 2 0 0 2 0 2 6  6  1 6 1 6 0 0 0 0 0 6  5  1 5 5 6 3 CD
  1.894619 9609.730160  0.01 0.01 2 0 0 2 0 2 6  4  1 6 3 5 0 0 0 0 0 6  3  1 5 5 4 2 CD
  1.843438 9637.368760  0.01 0.01 2 0 0 2 0 2 6  2  1 6 3 6 0 0 0 0 0 6  1  1 5 5 6 3 CD_b
 -0.050231 9668.830240  0.01 0.01 2 0 0 2 0 2 6  1  1 6 6 3 0 0 0 0 0 6  2  1 5 5 3 6 CD_b
  0.563304 9594.698420  0.01 0.01 2 0 0 2 0 2 6  5  1 6 6 3 0 0 0 0 0 6  4  1 5 5 3 6 CD_b
  1.199021 9694.692840  0.01 0.01 2 0 0 2 0 2 6  6  1 6 1 6 0 0 0 0 0 5  5  1 5 5 6 3 CD
  1.889621 9728.478420  0.01 0.01 2 0 0 2 0 2 6  4  1 6 3 5 0 0 0 0 0 5  3  1 5 5 4 2 CD
 -0.060134 9787.484000  0.01 0.01 2 0 0 2 0 2 6  1  1 6 6 3 0 0 0 0 0 5  2  1 5 5 3 6 CD_b
  0.566697 9713.580270  0.01 0.01 2 0 0 2 0 2 6  5  1 6 6 3 0 0 0 0 0 5  4  1 5 5 3 6 CD_b
  0.557202 9680.213600  0.01 0.01 2 0 0 2 0 2 6  4  1 6 3 6 0 0 0 0 0 6  5  1 5 5 6 3 Br
  0.126012 9744.809860  0.01 0.01 2 0 0 2 0 2 6  3  1 6 4 3 0 0 0 0 0 5  2  1 5 5 3 6 Br
  0.061194 9678.777900  0.01 0.01 2 0 0 2 0 2 6  2  1 6 3 5 0 0 0 0 0 6  3  1 5 5 4 2 Br
  0.789538 9640.522050  0.01 0.01 2 0 0 2 0 2 7  2  1 6 3 6 0 0 0 0 0 7  1  1 5 5 6 3 CD
  0.867823 9631.583680  0.01 0.01 2 0 0 2 0 2 7  3  1 6 4 3 0 0 0 0 0 7  2  1 5 5 3 6 CD
  0.821188 9672.162130  0.01 0.01 2 0 0 2 0 2 7  1  1 6 6 2 0 0 0 0 0 7  3  0 1 1 5 5 CD
  1.415316 9678.373410  0.01 0.01 2 0 0 2 0 2 7  0  1 6 2 6 0 0 0 0 0 7  2  0 1 1 3 3 CD
  0.971752 9688.375170  0.01 0.01 2 0 0 2 0 2 7  5  1 6 6 2 0 0 0 0 0 7  6  1 5 5 1 5 CD
  0.786143 9778.604730  0.01 0.01 2 0 0 2 0 2 7  2  1 6 3 6 0 0 0 0 0 6  1  1 5 5 6 3 CD
  0.866070 9769.729260  0.01 0.01 2 0 0 2 0 2 7  3  1 6 4 3 0 0 0 0 0 6  2  1 5 5 3 6 CD
  0.815879 9776.894240  0.01 0.01 2 0 0 2 0 2 7  1  1 6 6 2 0 0 0 0 0 6  0  1 5 5 1 5 CD
  1.409548 9816.567990  0.01 0.01 2 0 0 2 0 2 7  0  1 6 2 6 0 0 0 0 0 6  2  0 1 1 3 3 CD
  0.967819 9827.186150  0.01 0.01 2 0 0 2 0 2 7  5  1 6 6 2 0 0 0 0 0 6  6  1 5 5 1 5 CD
  1.461388 9742.269270  0.01 0.01 2 0 0 2 0 2 7  4  1 6 3 5 0 0 0 0 0 6  3  1 5 5 4 2 Br
  0.784468 9538.125830  0.01 0.01 2 0 0 2 0 2 7  6  1 6 1 6 0 0 0 0 0 8  7  1 5 5 6 3 Br
  1.688305 9675.132020  0.01 0.01 2 0 0 2 0 2 7  1  1 6 6 3 0 0 0 0 0 7  2  1 5 5 3 6 Br
  1.798183 9701.749520  0.01 0.01 2 0 0 2 0 2 7  7  1 6 6 2 0 0 0 0 0 6  6  1 5 5 1 5 Br
  0.709299 9729.954510  0.01 0.01 2 0 0 2 0 2 7  5  1 6 6 3 0 0 0 0 0 6  4  1 5 5 3 6 Br
  0.178856 9508.346340  0.01 0.01 2 0 0 2 0 2 8  5  1 6 6 2 0 0 0 0 0 9  6  1 5 5 1 5 CD
  0.885440 9577.098090  0.01 0.01 2 0 0 2 0 2 8  7  1 6 6 2 0 0 0 0 0 8  6  1 5 5 1 5 CD
 -0.056792 9671.922330  0.01 0.01 2 0 0 2 0 2 8  2  1 6 3 5 0 0 0 0 0 8  3  1 5 5 4 2 CD
  1.022750 9607.808070  0.01 0.01 2 0 0 2 0 2 8  4  1 6 3 5 0 0 0 0 0 8  3  1 5 5 4 2 CD_b
  0.170191 9844.124480  0.01 0.01 2 0 0 2 0 2 8  5  1 6 6 2 0 0 0 0 0 7  6  1 5 5 1 5 CD
  0.881087 9735.344790  0.01 0.01 2 0 0 2 0 2 8  7  1 6 6 2 0 0 0 0 0 7  6  1 5 5 1 5 CD
 -0.057168 9797.370160  0.01 0.01 2 0 0 2 0 2 8  2  1 6 3 5 0 0 0 0 0 7  0  0 1 1 2 2 CD
  1.008843 9765.412180  0.01 0.01 2 0 0 2 0 2 8  4  1 6 3 5 0 0 0 0 0 7  3  1 5 5 4 2 CD_b
  1.720685 9697.174440  0.01 0.01 2 0 0 2 0 2 8  6  1 6 1 6 0 0 0 0 0 8  7  1 5 5 6 3 Br
  0.028006 9522.460190  0.01 0.01 2 0 0 2 0 2 8  7  1 6 6 3 0 0 0 0 0 9  8  1 5 5 3 6 Br
  1.834378 9636.542360  0.01 0.01 2 0 0 2 0 2 8  1  1 6 6 2 0 0 0 0 0 8  0  1 5 5 1 5 Br
  0.530887 9659.190080  0.01 0.01 2 0 0 2 0 2 8  1  1 6 6 3 0 0 0 0 0 8  2  1 5 5 3 6 Br
  0.379509 9705.136810  0.01 0.01 2 0 0 2 0 2 8  8  1 6 3 6 0 0 0 0 0 7  7  1 5 5 6 3 Br
  1.679327 9757.578210  0.01 0.01 2 0 0 2 0 2 8  5  1 6 6 3 0 0 0 0 0 7  4  1 5 5 3 6 Br
  0.604386 9784.827910  0.01 0.01 2 0 0 2 0 2 8  2  1 6 3 6 0 0 0 0 0 7  1  1 5 5 6 3 Br
  0.099308 9494.850990  0.01 0.01 2 0 0 2 0 2 9  6  1 6 1 6 0 0 0 0 0 10 7 1 5 5 6 3 CD
  0.332633 9503.862460  0.01 0.01 2 0 0 2 0 2 9  7  1 6 6 3 0 0 0 0 0 10 8 1 5 5 3 6 CD_b
  0.090859 9691.874360  0.01 0.01 2 0 0 2 0 2 9  6  1 6 1 6 0 0 0 0 0 9  7  1 5 5 6 3 CD
  0.318630 9615.055940  0.01 0.01 2 0 0 2 0 2 9  4  1 6 3 5 0 0 0 0 0 9  3  1 5 5 4 2 CD
  0.322486 9701.327720  0.01 0.01 2 0 0 2 0 2 9  7  1 6 6 3 0 0 0 0 0 9  8  1 5 5 3 6 CD_b
  0.311415 9791.875680  0.01 0.01 2 0 0 2 0 2 9  4  1 6 3 5 0 0 0 0 0 8  3  1 5 5 4 2 CD
  1.206598 9521.259100  0.01 0.01 2 0 0 2 0 2 9  9  1 6 4 3 0 0 0 0 0 10 10 1 5 5 3 6 Br
  0.672933 9744.310960  0.01 0.01 2 0 0 2 0 2 9  7  1 6 6 2 0 0 0 0 0 8  6  1 5 5 1 5 Br
  1.523126 9787.403500  0.01 0.01 2 0 0 2 0 2 9  5  1 6 6 3 0 0 0 0 0 8  4  1 5 5 3 6 Br
  1.243851 9811.317610  0.01 0.01 2 0 0 2 0 2 9  1  1 6 6 2 0 0 0 0 0 8  0  1 5 5 1 5 Br
  0.147766 9503.706360  0.01 0.01 2 0 0 2 0 2 10 10 1 6 3 6 0 0 0 0 0 11 11 1 5 5 6 3 Br
  0.001040 9771.408460  0.01 0.01 2 0 0 2 0 2 10  7 1 6 6 2 0 0 0 0 0 9  6  1 5 5 1 5 Br
  0.151708 9801.972040  0.01 0.01 2 0 0 2 0 2 10  4 1 6 3 5 0 0 0 0 0 9  3  1 5 5 4 2 Br
  0.744311 9488.197320  0.01 0.01 2 0 0 2 0 2 11 11 1 6 6 2 0 0 0 0 0 12 12 1 5 5 1 5 Br
  4.401476 9674.086620  0.01 0.01 2 0 1 0 1 0 0  0  0 3 1 3 0 0 0 0 0 1  1  0 1 1 6 6 Br
  3.921849 9654.378800  0.01 0.01 2 0 1 0 1 0 1  0  0 3 2 3 0 0 0 0 0 2  1  0 1 1 6 6 CD
  3.917467 9694.140650  0.01 0.01 2 0 1 0 1 0 1  0  0 3 2 3 0 0 0 0 0 1  1  0 1 1 6 6 CD
  3.908942 9660.891770  0.01 0.01 2 0 1 0 1 0 1  1  0 3 6 6 0 0 0 0 0 2  2  0 1 1 3 3 Br
  4.208258 9686.194780  0.01 0.01 2 0 1 0 1 0 1  1  0 3 6 5 0 0 0 0 0 1  0  0 1 1 2 2 Br
  4.954339 9618.940830  0.01 0.01 2 0 1 0 1 0 2  2  0 3 3 3 0 0 0 0 0 3  1  0 1 1 6 6 CD
  5.206448 9628.958490  0.01 0.01 2 0 1 0 1 0 2  1  0 3 6 5 0 0 0 0 0 3  0  0 1 1 2 2 CD
  4.101963 9635.760870  0.01 0.01 2 0 1 0 1 0 2  0  0 3 1 3 0 0 0 0 0 3  1  0 1 1 6 6 CD
  5.366618 9643.977530  0.01 0.01 2 0 1 0 1 0 2  1  0 3 6 6 0 0 0 0 0 3  2  0 1 1 3 3 CD
  4.955195 9678.540410  0.01 0.01 2 0 1 0 1 0 2  2  0 3 3 3 0 0 0 0 0 2  1  0 1 1 6 6 CD
  4.096709 9695.354340  0.01 0.01 2 0 1 0 1 0 2  0  0 3 1 3 0 0 0 0 0 2  1  0 1 1 6 6 CD
  5.372824 9703.610610  0.01 0.01 2 0 1 0 1 0 2  1  0 3 6 6 0 0 0 0 0 2  2  0 1 1 3 3 CD
  4.955013 9718.306460  0.01 0.01 2 0 1 0 1 0 2  2  0 3 3 3 0 0 0 0 0 1  1  0 1 1 6 6 CD
  5.205153 9728.306520  0.01 0.01 2 0 1 0 1 0 2  1  0 3 6 5 0 0 0 0 0 1  0  0 1 1 2 2 CD
  4.096027 9735.119890  0.01 0.01 2 0 1 0 1 0 2  0  0 3 1 3 0 0 0 0 0 1  1  0 1 1 6 6 CD
  3.998738 9697.480130  0.01 0.01 2 0 1 0 1 0 3  0  0 3 2 3 0 0 0 0 0 3  1  0 1 1 6 6 CD
  3.998094 9757.078210  0.01 0.01 2 0 1 0 1 0 3  0  0 3 2 3 0 0 0 0 0 2  1  0 1 1 6 6 CD
  4.790214 9739.182580  0.01 0.01 2 0 1 0 1 0 3  2  0 3 3 3 0 0 0 0 0 2  1  0 1 1 6 6 Br
  5.237231 9729.591110  0.01 0.01 2 0 1 0 1 0 3  3  0 3 5 6 0 0 0 0 0 2  2  0 1 1 3 3 Br
  4.756702 9642.110640  0.01 0.01 2 0 1 0 1 0 3  1  0 3 6 5 0 0 0 0 0 4  3  1 5 5 4 2 Br
  5.038582 9710.623390  0.01 0.01 2 0 1 0 1 0 3  2  0 3 3 2 0 0 0 0 0 3  3  0 1 1 5 5 Br
  4.024288 9601.264300  0.01 0.01 2 0 1 0 1 0 4  0  0 3 1 3 0 0 0 0 0 5  1  0 1 1 6 6 CD
  5.269390 9606.496180  0.01 0.01 2 0 1 0 1 0 4  1  0 3 6 6 0 0 0 0 0 5  2  0 1 1 3 3 CD
  4.022327 9700.326120  0.01 0.01 2 0 1 0 1 0 4  0  0 3 1 3 0 0 0 0 0 4  1  0 1 1 6 6 CD
  4.381107 9723.723440  0.01 0.01 2 0 1 0 1 0 4  1  0 3 6 5 0 0 0 0 0 4  3  1 5 5 4 2 CD
  4.021255 9779.696030  0.01 0.01 2 0 1 0 1 0 4  0  0 3 1 3 0 0 0 0 0 3  1  0 1 1 6 6 CD
  5.267668 9773.156850  0.01 0.01 2 0 1 0 1 0 4  1  0 3 6 6 0 0 0 0 0 3  1  1 5 5 6 3 CD
  4.381008 9803.154640  0.01 0.01 2 0 1 0 1 0 4  1  0 3 6 5 0 0 0 0 0 3  3  1 5 5 4 2 CD
  4.778460 9760.327600  0.01 0.01 2 0 1 0 1 0 4  2  0 3 3 3 0 0 0 0 0 3  1  0 1 1 6 6 Br
  3.523178 9613.630750  0.01 0.01 2 0 1 0 1 0 4  2  0 3 3 2 0 0 0 0 0 5  3  0 1 1 5 5 Br
  4.081989 9670.155240  0.01 0.01 2 0 1 0 1 0 4  3  0 3 5 6 0 0 0 0 0 4  2  0 1 1 3 3 Br
  5.227649 9660.202770  0.01 0.01 2 0 1 0 1 0 4  4  0 3 3 2 0 0 0 0 0 4  3  0 1 1 5 5 Br
  3.778622 9530.323160  0.01 0.01 2 0 1 0 1 0 5  5  0 3 6 6 0 0 0 0 0 6  4  0 1 1 3 3 CD
  5.081663 9587.352650  0.01 0.01 2 0 1 0 1 0 5  0  0 3 2 3 0 0 0 0 0 6  1  0 1 1 6 6 CD
  3.773287 9649.251420  0.01 0.01 2 0 1 0 1 0 5  5  0 3 6 6 0 0 0 0 0 5  4  0 1 1 3 3 CD
  5.191749 9660.524970  0.01 0.01 2 0 1 0 1 0 5  4  0 3 3 2 0 0 0 0 0 5  3  0 1 1 5 5 CD
  4.911588 9661.270070  0.01 0.01 2 0 1 0 1 0 5  3  0 3 5 6 0 0 0 0 0 5  1  1 5 5 6 3 CD
  5.081231 9706.010800  0.01 0.01 2 0 1 0 1 0 5  0  0 3 2 3 0 0 0 0 0 5  1  0 1 1 6 6 CD
  3.772246 9748.546340  0.01 0.01 2 0 1 0 1 0 5  5  0 3 6 6 0 0 0 0 0 4  4  0 1 1 3 3 CD
  5.190859 9759.711200  0.01 0.01 2 0 1 0 1 0 5  4  0 3 3 2 0 0 0 0 0 4  3  0 1 1 5 5 CD
  4.913543 9772.074550  0.01 0.01 2 0 1 0 1 0 5  3  0 3 5 6 0 0 0 0 0 4  2  0 1 1 3 3 CD
  4.360148 9595.159420  0.01 0.01 2 0 1 0 1 0 5  2  0 3 3 2 0 0 0 0 0 6  3  0 1 1 5 5 Br
  4.155395 9632.029780  0.01 0.01 2 0 1 0 1 0 5  5  0 3 6 5 0 0 0 0 0 6  6  0 1 1 2 2 Br
  5.375614 9782.626120  0.01 0.01 2 0 1 0 1 0 5  2  0 3 3 3 0 0 0 0 0 4  1  0 1 1 6 6 Br
  3.851401 9691.794660  0.01 0.01 2 0 1 0 1 0 5  1  0 3 6 5 0 0 0 0 0 5  0  0 1 1 2 2 Br
  4.683277 9720.127550  0.01 0.01 2 0 1 0 1 0 5  1  0 3 6 6 0 0 0 0 0 5  2  0 1 1 3 3 Br
  5.385685 9512.563930  0.01 0.01 2 0 1 0 1 0 6  5  0 3 6 6 0 0 0 0 0 7  4  0 1 1 3 3 CD
  5.386010 9522.063290  0.01 0.01 2 0 1 0 1 0 6  4  0 3 3 2 0 0 0 0 0 7  3  0 1 1 5 5 CD
  3.833904 9586.075550  0.01 0.01 2 0 1 0 1 0 6  3  0 3 5 6 0 0 0 0 0 7  4  0 1 1 3 3 CD
  5.384668 9651.016610  0.01 0.01 2 0 1 0 1 0 6  5  0 3 6 6 0 0 0 0 0 6  4  0 1 1 3 3 CD
  5.383334 9660.367170  0.01 0.01 2 0 1 0 1 0 6  4  0 3 3 2 0 0 0 0 0 6  3  0 1 1 5 5 CD
  3.840087 9724.535430  0.01 0.01 2 0 1 0 1 0 6  3  0 3 5 6 0 0 0 0 0 6  4  0 1 1 3 3 CD
  4.539329 9640.168450  0.01 0.01 2 0 1 0 1 0 6  6  0 3 2 3 0 0 0 0 0 6  5  0 1 1 6 6 CD
  3.854893 9740.515970  0.01 0.01 2 0 1 0 1 0 6  2  0 3 3 3 0 0 0 0 0 6  4  1 5 5 3 6 CD
  5.383823 9769.949360  0.01 0.01 2 0 1 0 1 0 6  5  0 3 6 6 0 0 0 0 0 5  4  0 1 1 3 3 CD
  5.381523 9779.169430  0.01 0.01 2 0 1 0 1 0 6  4  0 3 3 2 0 0 0 0 0 5  3  0 1 1 5 5 CD
  3.833552 9843.462490  0.01 0.01 2 0 1 0 1 0 6  3  0 3 5 6 0 0 0 0 0 5  4  0 1 1 3 3 CD
  4.538187 9759.268800  0.01 0.01 2 0 1 0 1 0 6  6  0 3 2 3 0 0 0 0 0 5  5  0 1 1 6 6 CD
  3.846772 9804.827530  0.01 0.01 2 0 1 0 1 0 6  2  0 3 3 3 0 0 0 0 0 5  1  0 1 1 6 6 CD
  5.479846 9820.271270  0.01 0.01 2 0 1 0 1 0 6  1  0 3 6 5 0 0 0 0 0 5  0  0 1 1 2 2 Br
  5.330043 9586.252250  0.01 0.01 2 0 1 0 1 0 6  2  0 3 3 2 0 0 0 0 0 7  3  0 1 1 5 5 Br
  3.827585 9741.467570  0.01 0.01 2 0 1 0 1 0 6  5  0 3 6 5 0 0 0 0 0 5  3  1 5 5 4 2 Br
  4.743558 9831.162830  0.01 0.01 2 0 1 0 1 0 6  0  0 3 1 3 0 0 0 0 0 5  1  0 1 1 6 6 Br
  4.289448 9503.827460  0.01 0.01 2 0 1 0 1 0 7  4  0 3 3 2 0 0 0 0 0 8  3  0 1 1 5 5 CD
  5.028439 9552.908480  0.01 0.01 2 0 1 0 1 0 7  2  0 3 3 2 0 0 0 0 0 8  3  0 1 1 5 5 CD
  3.779547 9471.047980  0.01 0.01 2 0 1 0 1 0 7  7  0 3 6 5 0 0 0 0 0 8  6  0 1 1 2 2 CD
  5.274927 9573.474600  0.01 0.01 2 0 1 0 1 0 7  4  0 3 3 3 0 0 0 0 0 8  5  0 1 1 6 6 CD
  4.285384 9661.493470  0.01 0.01 2 0 1 0 1 0 7  4  0 3 3 2 0 0 0 0 0 7  3  0 1 1 5 5 CD
  5.024575 9710.574690  0.01 0.01 2 0 1 0 1 0 7  2  0 3 3 2 0 0 0 0 0 7  3  0 1 1 5 5 CD
  5.325859 9652.685200  0.01 0.01 2 0 1 0 1 0 7  5  0 3 6 6 0 0 0 0 0 7  4  0 1 1 3 3 CD
  3.717294 9751.855230  0.01 0.01 2 0 1 0 1 0 7  3  0 3 5 6 0 0 0 0 0 7  5  1 5 5 6 3 CD
  3.782238 9629.375090  0.01 0.01 2 0 1 0 1 0 7  7  0 3 6 5 0 0 0 0 0 7  6  0 1 1 2 2 CD
  5.325042 9791.138080  0.01 0.01 2 0 1 0 1 0 7  5  0 3 6 6 0 0 0 0 0 6  4  0 1 1 3 3 CD
  3.711528 9813.912800  0.01 0.01 2 0 1 0 1 0 7  3  0 3 5 6 0 0 0 0 0 6  2  0 1 1 3 3 CD
  5.262646 9870.164790  0.01 0.01 2 0 1 0 1 0 7  4  0 3 3 3 0 0 0 0 0 6  5  0 1 1 6 6 CD
  4.273541 9688.090070  0.01 0.01 2 0 1 0 1 0 7  2  0 3 3 3 0 0 0 0 0 7  1  0 1 1 6 6 Br
  4.626576 9702.315520  0.01 0.01 2 0 1 0 1 0 7  1  0 3 6 5 0 0 0 0 0 7  0  0 1 1 2 2 Br
  4.985567 9593.234730  0.01 0.01 2 0 1 0 1 0 8  6  0 3 2 3 0 0 0 0 0 9  7  0 1 1 6 6 CD
  4.983357 9771.198160  0.01 0.01 2 0 1 0 1 0 8  6  0 3 2 3 0 0 0 0 0 8  7  0 1 1 6 6 CD
  4.447353 9620.183820  0.01 0.01 2 0 1 0 1 0 8  8  0 3 3 3 0 0 0 0 0 8  7  0 1 1 6 6 CD
  4.445325 9778.829130  0.01 0.01 2 0 1 0 1 0 8  8  0 3 3 3 0 0 0 0 0 7  7  0 1 1 6 6 CD
  4.970757 9788.563890  0.01 0.01 2 0 1 0 1 0 8  7  0 3 6 5 0 0 0 0 0 7  6  0 1 1 2 2 Br
  5.150660 9803.799440  0.01 0.01 2 0 1 0 1 0 8  5  0 3 6 6 0 0 0 0 0 7  4  0 1 1 3 3 Br
  5.029196 9822.720560  0.01 0.01 2 0 1 0 1 0 8  4  0 3 3 2 0 0 0 0 0 7  3  0 1 1 5 5 Br
  4.763669 9629.417290  0.01 0.01 2 0 1 0 1 0 9  7  0 3 6 5 0 0 0 0 0 9  6  0 1 1 2 2 Br
  4.088510 9686.399480  0.01 0.01 2 0 1 0 1 0 9  2  0 3 3 2 0 0 0 0 0 9  3  0 1 1 5 5 Br
  4.131048 9821.051970  0.01 0.01 2 0 1 0 1 0 9  6  0 3 2 3 0 0 0 0 0 8  5  0 1 1 6 6 Br
  3.769398 9597.804310  0.01 0.01 2 0 1 0 1 0 10 10 0 3 3 2 0 0 0 0 0 10 9  0 1 1 5 5 CD
  3.770080 9795.901970  0.01 0.01 2 0 1 0 1 0 10 10 0 3 3 2 0 0 0 0 0 9  9  0 1 1 5 5 CD
  4.690005 9814.186500  0.01 0.01 2 0 1 0 1 0 10 8  0 3 3 3 0 0 0 0 0 9  7  0 1 1 6 6 Br
  3.758947 9815.304790  0.01 0.01 2 0 1 0 1 0 10 4  0 3 3 2 0 0 0 0 0 9  3  0 1 1 5 5 Br
  4.309883 9803.959140  0.01 0.01 2 0 1 0 1 0 11 11 0 3 6 6 0 0 0 0 0 10 10 0 1 1 3 3 Br
  3.503557 9818.063380  0.01 0.01 2 0 1 0 1 0 11 9  0 3 5 6 0 0 0 0 0 10 8  0 1 1 3 3 Br
  5.028640 9831.928030  0.01 0.01 2 0 1 0 1 0 11 8  0 3 3 3 0 0 0 0 0 10 7  0 1 1 6 6 Br
  3.509095 9810.608710  0.01 0.01 2 0 1 0 1 0 12 12 0 3 2 3 0 0 0 0 0 11 11 0 1 1 6 6 Br
  4.497999 9828.273440  0.01 0.01 2 0 1 0 1 0 12 10 0 3 3 2 0 0 0 0 0 11 9  0 1 1 5 5 Br
  3.861784 9817.039690  0.01 0.01 2 0 1 0 1 0 13 13 0 3 6 5 0 0 0 0 0 12 12 0 1 1 2 2 Br
  4.926727 9829.915040  0.01 0.01 2 0 1 0 1 0 13 12 0 3 2 3 0 0 0 0 0 12 11 0 1 1 6 6 Br
  4.234208 9679.613000  0.01 0.01 2 0 1 0 1 0 0  0  1 6 1 6 0 0 0 0 0 1  1  1 5 5 6 3 Br
  2.583124 9649.879810  0.01 0.01 2 0 1 0 1 0 1  1  1 6 6 2 0 0 0 0 0 2  0  1 5 5 1 5 Br
  4.192976 9659.826580  0.01 0.01 2 0 1 0 1 0 1  0  1 6 2 6 0 0 0 0 0 2  1  1 5 5 6 3 Br
  3.322708 9666.329750  0.01 0.01 2 0 1 0 1 0 1  1  1 6 6 3 0 0 0 0 0 2  2  1 5 5 3 6 Br
  2.677698 9698.481430  0.01 0.01 2 0 1 0 1 0 2  0  1 6 1 6 0 0 0 0 0 2  1  1 5 5 6 3 CD
  2.676906 9738.227080  0.01 0.01 2 0 1 0 1 0 2  0  1 6 1 6 0 0 0 0 0 1  1  1 5 5 6 3 CD
  3.150909 9681.386890  0.01 0.01 2 0 1 0 1 0 2  2  1 6 3 6 0 0 0 0 0 2  1  1 5 5 6 3 Br
  2.674789 9646.290630  0.01 0.01 2 0 1 0 1 0 2  1  1 6 6 3 0 0 0 0 0 3  2  1 5 5 3 6 Br
  2.971309 9652.329900  0.01 0.01 2 0 1 0 1 0 2  2  1 6 3 5 0 0 0 0 0 3  3  1 5 5 4 2 Br
  3.807517 9683.691590  0.01 0.01 2 0 1 0 1 0 3  2  1 6 3 6 0 0 0 0 0 3  1  1 5 5 6 3 CD
  2.752002 9698.693430  0.01 0.01 2 0 1 0 1 0 3  1  1 6 6 3 0 0 0 0 0 3  1  0 1 1 6 6 CD
  3.806084 9743.260160  0.01 0.01 2 0 1 0 1 0 3  2  1 6 3 6 0 0 0 0 0 2  1  1 5 5 6 3 CD
  2.752858 9758.293010  0.01 0.01 2 0 1 0 1 0 3  1  1 6 6 3 0 0 0 0 0 2  1  0 1 1 6 6 CD
  3.537547 9620.911120  0.01 0.01 2 0 1 0 1 0 3  0  1 6 2 6 0 0 0 0 0 4  1  1 5 5 6 3 Br
  2.794556 9632.538680  0.01 0.01 2 0 1 0 1 0 3  2  1 6 3 5 0 0 0 0 0 4  3  1 5 5 4 2 Br
  4.257865 9603.903190  0.01 0.01 2 0 1 0 1 0 4  1  1 6 6 3 0 0 0 0 0 5  1  0 1 1 6 6 CD
  3.219076 9614.405050  0.01 0.01 2 0 1 0 1 0 4  0  1 6 1 6 0 0 0 0 0 5  2  0 1 1 3 3 CD
  2.865478 9644.368330  0.01 0.01 2 0 1 0 1 0 4  2  1 6 3 6 0 0 0 0 0 5  4  0 1 1 3 3 CD
  3.220768 9701.734720  0.01 0.01 2 0 1 0 1 0 4  0  1 6 1 6 0 0 0 0 0 4  1  1 5 5 6 3 CD
  2.864927 9687.412370  0.01 0.01 2 0 1 0 1 0 4  2  1 6 3 6 0 0 0 0 0 4  1  1 5 5 6 3 CD
  4.259332 9782.339420  0.01 0.01 2 0 1 0 1 0 4  1  1 6 6 3 0 0 0 0 0 3  1  0 1 1 6 6 CD
  4.256673 9792.689480  0.01 0.01 2 0 1 0 1 0 4  1  1 6 6 3 0 0 0 0 0 3  2  1 5 5 3 6 CD
  2.804407 9614.990640  0.01 0.01 2 0 1 0 1 0 4  2  1 6 3 5 0 0 0 0 0 5  3  1 5 5 4 2 Br
  2.924103 9673.129730  0.01 0.01 2 0 1 0 1 0 4  3  1 6 4 3 0 0 0 0 0 4  2  1 5 5 3 6 Br
  2.316322 9741.175970  0.01 0.01 2 0 1 0 1 0 4  4  1 6 3 5 0 0 0 0 0 3  3  1 5 5 4 2 Br
  2.820389 9690.013860  0.01 0.01 2 0 1 0 1 0 4  1  1 6 6 2 0 0 0 0 0 4  0  1 5 5 1 5 Br
  2.421439 9542.692210  0.01 0.01 2 0 1 0 1 0 5  4  1 6 3 5 0 0 0 0 0 6  3  1 5 5 4 2 CD
  3.195476 9597.933110  0.01 0.01 2 0 1 0 1 0 5  1  1 6 6 3 0 0 0 0 0 6  2  1 5 5 3 6 CD
  3.551047 9600.052900  0.01 0.01 2 0 1 0 1 0 5  2  1 6 3 5 0 0 0 0 0 6  3  1 5 5 4 2 CD
  2.422041 9661.446070  0.01 0.01 2 0 1 0 1 0 5  4  1 6 3 5 0 0 0 0 0 5  3  1 5 5 4 2 CD
  3.189063 9716.590360  0.01 0.01 2 0 1 0 1 0 5  1  1 6 6 3 0 0 0 0 0 5  2  1 5 5 3 6 CD
  3.544639 9718.799750  0.01 0.01 2 0 1 0 1 0 5  2  1 6 3 5 0 0 0 0 0 5  3  1 5 5 4 2 CD
  2.417587 9760.582100  0.01 0.01 2 0 1 0 1 0 5  4  1 6 3 5 0 0 0 0 0 4  3  1 5 5 4 2 CD
  3.190482 9805.304230  0.01 0.01 2 0 1 0 1 0 5  1  1 6 6 3 0 0 0 0 0 4  1  0 1 1 6 6 CD
  4.253686 9793.257380  0.01 0.01 2 0 1 0 1 0 5  1  1 6 6 2 0 0 0 0 0 4  0  1 5 5 1 5 Br
  4.285276 9804.167930  0.01 0.01 2 0 1 0 1 0 5  0  1 6 2 6 0 0 0 0 0 4  1  1 5 5 6 3 Br
  3.535107 9635.320970  0.01 0.01 2 0 1 0 1 0 5  5  1 6 6 2 0 0 0 0 0 6  6  1 5 5 1 5 Br
  3.824483 9653.102400  0.01 0.01 2 0 1 0 1 0 5  5  1 6 6 3 0 0 0 0 0 5  4  1 5 5 3 6 Br
  4.207689 9514.073920  0.01 0.01 2 0 1 0 1 0 6  5  1 6 6 3 0 0 0 0 0 7  4  1 5 5 3 6 CD
  4.216129 9636.506960  0.01 0.01 2 0 1 0 1 0 6  5  1 6 6 3 0 0 0 0 0 7  7  0 1 1 6 6 CD
  3.726208 9526.085380  0.01 0.01 2 0 1 0 1 0 6  4  1 6 3 5 0 0 0 0 0 7  3  1 5 5 4 2 CD
  2.480365 9569.523910  0.01 0.01 2 0 1 0 1 0 6  0  1 6 1 6 0 0 0 0 0 7  1  1 5 5 6 3 CD
  2.849864 9584.961960  0.01 0.01 2 0 1 0 1 0 6  1  1 6 6 3 0 0 0 0 0 7  2  1 5 5 3 6 CD
  4.205953 9652.466800  0.01 0.01 2 0 1 0 1 0 6  5  1 6 6 3 0 0 0 0 0 6  4  1 5 5 3 6 CD
  3.723307 9664.331160  0.01 0.01 2 0 1 0 1 0 6  4  1 6 3 5 0 0 0 0 0 6  3  1 5 5 4 2 CD
  2.849011 9723.108440  0.01 0.01 2 0 1 0 1 0 6  1  1 6 6 3 0 0 0 0 0 6  2  1 5 5 3 6 CD
  2.611718 9641.761540  0.01 0.01 2 0 1 0 1 0 6  6  1 6 1 6 0 0 0 0 0 6  5  1 5 5 6 3 CD
  4.203356 9771.342660  0.01 0.01 2 0 1 0 1 0 6  5  1 6 6 3 0 0 0 0 0 5  4  1 5 5 3 6 CD
  3.720899 9783.082010  0.01 0.01 2 0 1 0 1 0 6  4  1 6 3 5 0 0 0 0 0 5  3  1 5 5 4 2 CD
  2.474873 9826.214950  0.01 0.01 2 0 1 0 1 0 6  0  1 6 1 6 0 0 0 0 0 5  1  1 5 5 6 3 CD
  2.612032 9760.803500  0.01 0.01 2 0 1 0 1 0 6  6  1 6 1 6 0 0 0 0 0 5  5  1 5 5 6 3 CD
  3.678821 9716.682260  0.01 0.01 2 0 1 0 1 0 6  2  1 6 3 5 0 0 0 0 0 6  3  1 5 5 4 2 Br
  3.275755 9684.113980  0.01 0.01 2 0 1 0 1 0 6  2  1 6 3 6 0 0 0 0 0 6  1  1 5 5 6 3 Br
  3.115542 9693.234350  0.01 0.01 2 0 1 0 1 0 6  1  1 6 6 2 0 0 0 0 0 6  0  1 5 5 1 5 Br
  3.026350 9473.696570  0.01 0.01 2 0 1 0 1 0 7  7  1 6 6 2 0 0 0 0 0 8  6  1 5 5 1 5 CD
  2.573247 9510.398740  0.01 0.01 2 0 1 0 1 0 7  4  1 6 3 5 0 0 0 0 0 8  3  1 5 5 4 2 CD
  3.414002 9619.387930  0.01 0.01 2 0 1 0 1 0 7  5  1 6 6 3 0 0 0 0 0 8  7  0 1 1 6 6 CD
  3.865069 9569.812810  0.01 0.01 2 0 1 0 1 0 7  2  1 6 3 5 0 0 0 0 0 8  3  1 5 5 4 2 CD_b
  3.023607 9631.944880  0.01 0.01 2 0 1 0 1 0 7  7  1 6 6 2 0 0 0 0 0 7  6  1 5 5 1 5 CD
  3.406024 9655.602690  0.01 0.01 2 0 1 0 1 0 7  5  1 6 6 3 0 0 0 0 0 7  4  1 5 5 3 6 CD
  3.416464 9778.037730  0.01 0.01 2 0 1 0 1 0 7  5  1 6 6 3 0 0 0 0 0 7  7  0 1 1 6 6 CD
  3.926494 9642.571840  0.01 0.01 2 0 1 0 1 0 7  6  1 6 1 6 0 0 0 0 0 7  5  1 5 5 6 3 CD
  3.869362 9727.435120  0.01 0.01 2 0 1 0 1 0 7  2  1 6 3 5 0 0 0 0 0 7  3  1 5 5 4 2 CD_b
  2.460551 9684.698180  0.01 0.01 2 0 1 0 1 0 7  2  1 6 3 6 0 0 0 0 0 7  1  1 5 5 6 3 CD_b
  3.373283 9710.512990  0.01 0.01 2 0 1 0 1 0 7  1  1 6 6 3 0 0 0 0 0 7  2  1 5 5 3 6 CD_b
  3.021374 9770.757560  0.01 0.01 2 0 1 0 1 0 7  7  1 6 6 2 0 0 0 0 0 6  6  1 5 5 1 5 CD
  2.565639 9806.257830  0.01 0.01 2 0 1 0 1 0 7  4  1 6 3 5 0 0 0 0 0 6  3  1 5 5 4 2 CD
  3.924604 9781.152420  0.01 0.01 2 0 1 0 1 0 7  6  1 6 1 6 0 0 0 0 0 6  5  1 5 5 6 3 CD
  2.448856 9822.772560  0.01 0.01 2 0 1 0 1 0 7  2  1 6 3 6 0 0 0 0 0 6  1  1 5 5 6 3 CD_b
  3.363530 9848.650570  0.01 0.01 2 0 1 0 1 0 7  1  1 6 6 3 0 0 0 0 0 6  2  1 5 5 3 6 CD_b
  3.140558 9667.687350  0.01 0.01 2 0 1 0 1 0 7  4  1 6 3 6 0 0 0 0 0 7  2  0 1 1 3 3 Br
  2.414590 9672.801330  0.01 0.01 2 0 1 0 1 0 7  3  1 6 4 3 0 0 0 0 0 7  2  1 5 5 3 6 Br
  3.829906 9842.853990  0.01 0.01 2 0 1 0 1 0 7  1  1 6 6 2 0 0 0 0 0 6  0  1 5 5 1 5 Br
  3.028580 9482.944440  0.01 0.01 2 0 1 0 1 0 8  4  1 6 3 5 0 0 0 0 0 9  3  1 5 5 4 2 CD
  2.755707 9534.299150  0.01 0.01 2 0 1 0 1 0 8  2  1 6 3 5 0 0 0 0 0 9  3  1 5 5 4 2 CD
  3.283797 9601.031300  0.01 0.01 2 0 1 0 1 0 8  7  1 6 6 3 0 0 0 0 0 9  8  1 5 5 3 6 CD
  3.331144 9609.061270  0.01 0.01 2 0 1 0 1 0 8  6  1 6 1 6 0 0 0 0 0 9  8  0 1 1 3 3 CD
  3.323337 9643.011840  0.01 0.01 2 0 1 0 1 0 8  6  1 6 1 6 0 0 0 0 0 8  5  1 5 5 6 3 CD
  2.965641 9621.460620  0.01 0.01 2 0 1 0 1 0 8  8  1 6 3 6 0 0 0 0 0 8  7  1 5 5 6 3 CD
  4.273517 9679.789000  0.01 0.01 2 0 1 0 1 0 8  3  1 6 4 3 0 0 0 0 0 8  2  1 5 5 3 6 CD
  3.018148 9817.378980  0.01 0.01 2 0 1 0 1 0 8  4  1 6 3 5 0 0 0 0 0 7  3  1 5 5 4 2 CD
  2.747006 9836.565610  0.01 0.01 2 0 1 0 1 0 8  2  1 6 3 5 0 0 0 0 0 7  0  0 1 1 2 2 CD
  3.278959 9794.457770  0.01 0.01 2 0 1 0 1 0 8  7  1 6 6 3 0 0 0 0 0 7  5  0 1 1 6 6 CD
  3.321371 9800.999350  0.01 0.01 2 0 1 0 1 0 8  6  1 6 1 6 0 0 0 0 0 7  5  1 5 5 6 3 CD
  2.962855 9780.022620  0.01 0.01 2 0 1 0 1 0 8  8  1 6 3 6 0 0 0 0 0 7  7  1 5 5 6 3 CD
  4.264810 9837.280010  0.01 0.01 2 0 1 0 1 0 8  3  1 6 4 3 0 0 0 0 0 7  2  1 5 5 3 6 CD
  3.105497 9669.994140  0.01 0.01 2 0 1 0 1 0 8  1  1 6 6 2 0 0 0 0 0 8  0  1 5 5 1 5 Br
  3.645832 9611.694660  0.01 0.01 2 0 1 0 1 0 9  9  1 6 4 3 0 0 0 0 0 9  8  1 5 5 3 6 CD
  3.611960 9789.950490  0.01 0.01 2 0 1 0 1 0 9  9  1 6 4 3 0 0 0 0 0 8  8  1 5 5 3 6 CD
  3.791816 9807.850920  0.01 0.01 2 0 1 0 1 0 9  7  1 6 6 2 0 0 0 0 0 8  6  1 5 5 1 5 Br
  4.187808 9799.630250  0.01 0.01 2 0 1 0 1 0 9  8  1 6 3 6 0 0 0 0 0 8  7  1 5 5 6 3 Br
  3.982652 9827.454850  0.01 0.01 2 0 1 0 1 0 9  4  1 6 3 5 0 0 0 0 0 8  3  1 5 5 4 2 Br
  2.668700 9598.624910  0.01 0.01 2 0 1 0 1 0 10 10 1 6 3 5 0 0 0 0 0 10 9  1 5 5 4 2 CD
  2.665821 9796.610160  0.01 0.01 2 0 1 0 1 0 10 10 1 6 3 5 0 0 0 0 0 9  9  1 5 5 4 2 CD
  2.407820 9579.213480  0.01 0.01 2 0 1 0 1 0 10 10 1 6 3 6 0 0 0 0 0 11 11 1 5 5 6 3 Br
  3.528350 9802.988640  0.01 0.01 2 0 1 0 1 0 10 9  1 6 4 3 0 0 0 0 0 9  8  1 5 5 3 6 Br
  3.838638 9816.933490  0.01 0.01 2 0 1 0 1 0 10 8  1 6 3 6 0 0 0 0 0 9  7  1 5 5 6 3 Br
  3.332021 9830.966330  0.01 0.01 2 0 1 0 1 0 10 7  1 6 6 2 0 0 0 0 0 9  6  1 5 5 1 5 Br
  2.805205 9805.227830  0.01 0.01 2 0 1 0 1 0 11 11 1 6 6 3 0 0 0 0 0 10 10 1 5 5 3 6 Br
  3.046749 9812.959500  0.01 0.01 2 0 1 0 1 0 11 10 1 6 3 5 0 0 0 0 0 10 9  1 5 5 4 2 Br
  2.671366 9592.331330  0.01 0.01 2 0 1 0 1 0 12 10 1 6 3 5 0 0 0 0 0 12 9  1 5 5 4 2 CD
  2.665841 9828.192540  0.01 0.01 2 0 1 0 1 0 12 10 1 6 3 5 0 0 0 0 0 11 9  1 5 5 4 2 CD
  3.612871 9815.367390  0.01 0.01 2 0 1 0 1 0 12 12 1 6 1 6 0 0 0 0 0 11 11 1 5 5 6 3 Br
  3.201249 9822.244570  0.01 0.01 2 0 1 0 1 0 12 11 1 6 6 3 0 0 0 0 0 11 10 1 5 5 3 6 Br
  2.833459 9819.283280  0.01 0.01 2 0 1 0 1 0 13 13 1 6 6 2 0 0 0 0 0 12 12 1 5 5 1 5 Br