9624.88691 0.01 0.01 2 0 0 2 0 2  0  0 s  E'   91 0 0 0 0 0 0  1  1 s  E" 1 17BaPoYuTe.215
9625.74500 0.01 0.01 2 0 0 2 0 2  0  0 a  E"   84 0 0 0 0 0 0  1  1 a  E' 1 17BaPoYuTe.332
9596.18121 0.01 0.01 2 0 0 2 0 2  1  1 a A2'  152 0 0 0 0 0 0  2  0 a A2" 1 17BaPoYuTe.333
9604.04938 0.01 0.01 2 0 0 2 0 2  1  0 s  E'  261 0 0 0 0 0 0  2  1 s  E" 2 17BaPoYuTe.216
9643.81534 0.01 0.01 2 0 0 2 0 2  1  0 s  E'  261 0 0 0 0 0 0  1  1 s  E" 1 17BaPoYuTe.217
9615.79954 0.01 0.01 2 0 0 2 0 2  1  1 a  E'  262 0 0 0 0 0 0  2  2 a  E" 1 17BaPoYuTe.335
9646.76312 0.01 0.01 2 0 0 2 0 2  1  0 a  E"  270 0 0 0 0 0 0  1  1 a  E' 1 17BaPoYuTe.334
9624.93041 0.01 0.01 2 0 0 2 0 2  2  2 a  E"  439 0 0 0 0 0 0  2  1 a  E' 2 17BaPoYuTe.339
9565.36153 0.01 0.01 2 0 0 2 0 2  2  2 a  E"  439 0 0 0 0 0 0  3  1 a  E' 2 17BaPoYuTe.336
9603.66509 0.01 0.01 2 0 0 2 0 2  2  2 s A2'  201 0 0 0 0 0 0  3  3 s A2" 1 17BaPoYuTe.218
9674.08662 0.01 0.01 2 0 1 0 1 0  0  0 s  E'   94 0 0 0 0 0 0  1  1 s  E" 1 17BaPoYuTe.440
9674.19392 0.01 0.01 2 0 0 2 0 2  2  1 s A2"  237 0 0 0 0 0 0  1  0 s A2' 1 17BaPoYuTe.224
9574.84609 0.01 0.01 2 0 0 2 0 2  2  1 s A2"  237 0 0 0 0 0 0  3  0 s A2' 2 17BaPoYuTe.221
9679.61300 0.01 0.01 2 0 1 0 1 0  0  0 a  E"   85 0 0 0 0 0 0  1  1 a  E' 1 17BaPoYuTe.538
9655.80439 0.01 0.01 2 0 0 2 0 2  2  1 s  E"  440 0 0 0 0 0 0  2  2 s  E' 1 17BaPoYuTe.220
9586.37265 0.01 0.01 2 0 0 2 0 2  2  0 s  E'  447 0 0 0 0 0 0  3  1 s  E" 2 17BaPoYuTe.222
9645.97333 0.01 0.01 2 0 0 2 0 2  2  0 s  E'  447 0 0 0 0 0 0  2  1 s  E" 2 17BaPoYuTe.223
9597.70531 0.01 0.01 2 0 0 2 0 2  2  1 a  E'  448 0 0 0 0 0 0  3  2 a  E" 1 17BaPoYuTe.338
9657.30198 0.01 0.01 2 0 0 2 0 2  2  1 a  E'  448 0 0 0 0 0 0  2  2 a  E" 1 17BaPoYuTe.341
9686.93007 0.01 0.01 2 0 0 2 0 2  2  0 a  E"  441 0 0 0 0 0 0  1  1 a  E' 1 17BaPoYuTe.342
9587.61965 0.01 0.01 2 0 0 2 0 2  2  0 a  E"  441 0 0 0 0 0 0  3  1 a  E' 2 17BaPoYuTe.337
9647.18912 0.01 0.01 2 0 0 2 0 2  2  0 a  E"  441 0 0 0 0 0 0  2  1 a  E' 2 17BaPoYuTe.340
9660.89177 0.01 0.01 2 0 1 0 1 0  1  1 s  E"  273 0 0 0 0 0 0  2  2 s  E' 1 17BaPoYuTe.443
9686.19478 0.01 0.01 2 0 1 0 1 0  1  1 s A2"  119 0 0 0 0 0 0  1  0 s A2' 1 17BaPoYuTe.444
9649.87981 0.01 0.01 2 0 1 0 1 0  1  1 a A2'  153 0 0 0 0 0 0  2  0 a A2" 1 17BaPoYuTe.539
9694.14065 0.01 0.01 2 0 1 0 1 0  1  0 s  E'  267 0 0 0 0 0 0  1  1 s  E" 1 17BaPoYuTe.442
9654.37880 0.01 0.01 2 0 1 0 1 0  1  0 s  E'  267 0 0 0 0 0 0  2  1 s  E" 2 17BaPoYuTe.441
9671.71423 0.01 0.01 2 0 0 2 0 2  3  3 s  E"  616 0 0 0 0 0 0  2  2 s  E' 1 17BaPoYuTe.225
9618.94083 0.01 0.01 2 0 1 0 1 0  2  2 s  E'  452 0 0 0 0 0 0  3  1 s  E" 2 17BaPoYuTe.445
9678.54041 0.01 0.01 2 0 1 0 1 0  2  2 s  E'  452 0 0 0 0 0 0  2  1 s  E" 2 17BaPoYuTe.449
9718.30646 0.01 0.01 2 0 1 0 1 0  2  2 s  E'  452 0 0 0 0 0 0  1  1 s  E" 1 17BaPoYuTe.452
9681.38689 0.01 0.01 2 0 1 0 1 0  2  2 a  E"  445 0 0 0 0 0 0  2  1 a  E' 2 17BaPoYuTe.544
9546.29240 0.01 0.01 2 0 0 2 0 2  3  2 s  E'  614 0 0 0 0 0 0  4  1 s  E" 3 17BaPoYuTe.227
9685.26038 0.01 0.01 2 0 0 2 0 2  3  2 s  E'  614 0 0 0 0 0 0  2  1 s  E" 2 17BaPoYuTe.233
9625.66270 0.01 0.01 2 0 0 2 0 2  3  2 s  E'  614 0 0 0 0 0 0  3  1 s  E" 2 17BaPoYuTe.230
9687.87107 0.01 0.01 2 0 0 2 0 2  3  2 a  E"  622 0 0 0 0 0 0  2  1 a  E' 2 17BaPoYuTe.351
9628.95849 0.01 0.01 2 0 1 0 1 0  2  1 s A2"  242 0 0 0 0 0 0  3  0 s A2' 2 17BaPoYuTe.446
9728.30652 0.01 0.01 2 0 1 0 1 0  2  1 s A2"  242 0 0 0 0 0 0  1  0 s A2' 1 17BaPoYuTe.453
9643.97753 0.01 0.01 2 0 1 0 1 0  2  1 s  E"  447 0 0 0 0 0 0  3  2 s  E' 1 17BaPoYuTe.448
9703.61061 0.01 0.01 2 0 1 0 1 0  2  1 s  E"  447 0 0 0 0 0 0  2  2 s  E' 1 17BaPoYuTe.451
9735.11989 0.01 0.01 2 0 1 0 1 0  2  0 s  E'  460 0 0 0 0 0 0  1  1 s  E" 1 17BaPoYuTe.454
9695.35434 0.01 0.01 2 0 1 0 1 0  2  0 s  E'  460 0 0 0 0 0 0  2  1 s  E" 2 17BaPoYuTe.450
9635.76087 0.01 0.01 2 0 1 0 1 0  2  0 s  E'  460 0 0 0 0 0 0  3  1 s  E" 2 17BaPoYuTe.447
9667.12475 0.01 0.01 2 0 0 2 0 2  3  2 a A2"  294 0 0 0 0 0 0  3  3 a A2' 1 17BaPoYuTe.348
9587.69475 0.01 0.01 2 0 0 2 0 2  3  2 a A2"  294 0 0 0 0 0 0  4  3 a A2' 1 17BaPoYuTe.345
9639.57105 0.01 0.01 2 0 0 2 0 2  3  1 s A2"  295 0 0 0 0 0 0  3  0 s A2' 2 17BaPoYuTe.226
9579.74228 0.01 0.01 2 0 0 2 0 2  3  1 s  E"  626 0 0 0 0 0 0  4  2 s  E' 2 17BaPoYuTe.229
9659.15008 0.01 0.01 2 0 0 2 0 2  3  1 s  E"  626 0 0 0 0 0 0  3  2 s  E' 1 17BaPoYuTe.232
9718.77695 0.01 0.01 2 0 0 2 0 2  3  1 s  E"  626 0 0 0 0 0 0  2  2 s  E' 1 17BaPoYuTe.235
9579.50138 0.01 0.01 2 0 0 2 0 2  3  1 a  E'  617 0 0 0 0 0 0  4  2 a  E" 2 17BaPoYuTe.344
9718.46836 0.01 0.01 2 0 0 2 0 2  3  1 a  E'  617 0 0 0 0 0 0  2  2 a  E" 1 17BaPoYuTe.350
9658.87208 0.01 0.01 2 0 0 2 0 2  3  1 a  E'  617 0 0 0 0 0 0  3  2 a  E" 1 17BaPoYuTe.347
9598.89330 0.01 0.01 2 0 0 2 0 2  4  4 s A2'  374 0 0 0 0 0 0  4  3 s A2" 1 17BaPoYuTe.240
9709.70509 0.01 0.01 2 0 0 2 0 2  3  0 s  E'  618 0 0 0 0 0 0  2  1 s  E" 2 17BaPoYuTe.234
9570.73871 0.01 0.01 2 0 0 2 0 2  3  0 s  E'  618 0 0 0 0 0 0  4  1 s  E" 3 17BaPoYuTe.228
9650.10891 0.01 0.01 2 0 0 2 0 2  3  0 s  E'  618 0 0 0 0 0 0  3  1 s  E" 2 17BaPoYuTe.231
9709.04319 0.01 0.01 2 0 0 2 0 2  3  0 a  E"  627 0 0 0 0 0 0  2  1 a  E' 2 17BaPoYuTe.349
9649.47541 0.01 0.01 2 0 0 2 0 2  3  0 a  E"  627 0 0 0 0 0 0  3  1 a  E' 2 17BaPoYuTe.346
9570.14261 0.01 0.01 2 0 0 2 0 2  3  0 a  E"  627 0 0 0 0 0 0  4  1 a  E' 3 17BaPoYuTe.343
9680.75500 0.01 0.01 2 0 0 2 0 2  4  4 a A2"  409 0 0 0 0 0 0  3  3 a A2' 1 17BaPoYuTe.361
9729.59111 0.01 0.01 2 0 1 0 1 0  3  3 s  E"  630 0 0 0 0 0 0  2  2 s  E' 1 17BaPoYuTe.458
9582.44807 0.01 0.01 2 0 0 2 0 2  4  4 a  E"  784 0 0 0 0 0 0  5  5 a  E' 1 17BaPoYuTe.360
9739.18258 0.01 0.01 2 0 1 0 1 0  3  2 s  E'  624 0 0 0 0 0 0  2  1 s  E" 2 17BaPoYuTe.457
9710.62339 0.01 0.01 2 0 1 0 1 0  3  2 s A2'  335 0 0 0 0 0 0  3  3 s A2" 1 17BaPoYuTe.460
9620.91112 0.01 0.01 2 0 1 0 1 0  3  0 a  E"  642 0 0 0 0 0 0  4  1 a  E' 3 17BaPoYuTe.551
9530.89816 0.01 0.01 2 0 0 2 0 2  4  2 s  E'  804 0 0 0 0 0 0  5  1 s  E" 4 17BaPoYuTe.243
9709.33239 0.01 0.01 2 0 0 2 0 2  4  2 s  E'  804 0 0 0 0 0 0  3  1 s  E" 2 17BaPoYuTe.244
9660.20277 0.01 0.01 2 0 1 0 1 0  4  4 s A2'  382 0 0 0 0 0 0  4  3 s A2" 1 17BaPoYuTe.471
9741.17597 0.01 0.01 2 0 1 0 1 0  4  4 a A2"  415 0 0 0 0 0 0  3  3 a A2' 1 17BaPoYuTe.562
9718.06906 0.01 0.01 2 0 0 2 0 2  4  1 s A2"  417 0 0 0 0 0 0  3  0 s A2' 2 17BaPoYuTe.242
9662.00817 0.01 0.01 2 0 0 2 0 2  4  1 a  E'  810 0 0 0 0 0 0  4  2 a  E" 2 17BaPoYuTe.355
9562.94534 0.01 0.01 2 0 0 2 0 2  4  1 a  E'  810 0 0 0 0 0 0  5  2 a  E" 3 17BaPoYuTe.353
9741.38057 0.01 0.01 2 0 0 2 0 2  4  1 a  E'  810 0 0 0 0 0 0  3  2 a  E" 1 17BaPoYuTe.358
9743.82456 0.01 0.01 2 0 0 2 0 2  4  0 a  E"  802 0 0 0 0 0 0  3  2 s  E' 1 17BaPoYuTe.357
9553.61697 0.01 0.01 2 0 0 2 0 2  4  0 a  E"  802 0 0 0 0 0 0  5  1 a  E' 4 17BaPoYuTe.352
9731.96930 0.01 0.01 2 0 0 2 0 2  4  0 a  E"  802 0 0 0 0 0 0  3  1 a  E' 2 17BaPoYuTe.356
9652.63740 0.01 0.01 2 0 0 2 0 2  4  0 a  E"  802 0 0 0 0 0 0  4  1 a  E' 3 17BaPoYuTe.354
9567.79412 0.01 0.01 2 0 0 2 0 2  5  5 s A2"  464 0 0 0 0 0 0  6  6 s A2' 1 17BaPoYuTe.248
9569.53711 0.01 0.01 2 0 0 2 0 2  5  5 a A2'  496 0 0 0 0 0 0  6  6 a A2" 1 17BaPoYuTe.380
9670.15524 0.01 0.01 2 0 1 0 1 0  4  3 s  E"  805 0 0 0 0 0 0  4  2 s  E' 2 17BaPoYuTe.470
9704.58191 0.01 0.01 2 0 0 2 0 2  5  4 s A2'  498 0 0 0 0 0 0  4  3 s A2" 1 17BaPoYuTe.260
9605.40228 0.01 0.01 2 0 0 2 0 2  5  4 s A2'  498 0 0 0 0 0 0  5  3 s A2" 1 17BaPoYuTe.257
9613.63075 0.01 0.01 2 0 1 0 1 0  4  2 s A2'  391 0 0 0 0 0 0  5  3 s A2" 1 17BaPoYuTe.469
9614.99064 0.01 0.01 2 0 1 0 1 0  4  2 a A2"  425 0 0 0 0 0 0  5  3 a A2' 1 17BaPoYuTe.560
9562.40764 0.01 0.01 2 0 0 2 0 2  5  4 s  E'  963 0 0 0 0 0 0  6  5 s  E" 1 17BaPoYuTe.247
9653.10240 0.01 0.01 2 0 1 0 1 0  5  5 a  E'  966 0 0 0 0 0 0  5  4 a  E" 2 17BaPoYuTe.575
9619.91093 0.01 0.01 2 0 0 2 0 2  5  3 s  E"  980 0 0 0 0 0 0  5  2 s  E' 3 17BaPoYuTe.253
9501.20027 0.01 0.01 2 0 0 2 0 2  5  3 s  E"  980 0 0 0 0 0 0  6  2 s  E' 3 17BaPoYuTe.250
9719.02035 0.01 0.01 2 0 0 2 0 2  5  3 s  E"  980 0 0 0 0 0 0  4  2 s  E' 2 17BaPoYuTe.258
9660.52497 0.01 0.01 2 0 1 0 1 0  5  4 s A2'  509 0 0 0 0 0 0  5  3 s A2" 1 17BaPoYuTe.475
9759.71120 0.01 0.01 2 0 1 0 1 0  5  4 s A2'  509 0 0 0 0 0 0  4  3 s A2" 1 17BaPoYuTe.479
9542.69221 0.01 0.01 2 0 1 0 1 0  5  4 a A2"  475 0 0 0 0 0 0  6  3 a A2' 2 17BaPoYuTe.564
9760.58210 0.01 0.01 2 0 1 0 1 0  5  4 a A2"  475 0 0 0 0 0 0  4  3 a A2' 1 17BaPoYuTe.570
9661.44607 0.01 0.01 2 0 1 0 1 0  5  4 a A2"  475 0 0 0 0 0 0  5  3 a A2' 1 17BaPoYuTe.567
9738.89298 0.01 0.01 1 0 1 2 1 2  4  0 s  E'  852 0 0 0 0 0 0  4  1 s  E" 3  17BaPoYuTe.32
9523.06849 0.01 0.01 2 0 0 2 0 2  5  1 a A2'  513 0 0 0 0 0 0  6  0 a A2" 3 17BaPoYuTe.366
9740.66297 0.01 0.01 2 0 0 2 0 2  5  1 a A2'  513 0 0 0 0 0 0  4  0 a A2" 2 17BaPoYuTe.373
9680.11040 0.01 0.01 2 0 0 2 0 2  5  1 s A2"  479 0 0 0 0 0 0  5  3 a A2' 1 17BaPoYuTe.256
9561.36174 0.01 0.01 2 0 0 2 0 2  5  1 s A2"  479 0 0 0 0 0 0  6  3 a A2' 2 17BaPoYuTe.252
9767.33977 0.01 0.01 2 0 0 2 0 2  5  0 a  E" 1001 0 0 0 0 0 0  4  2 s  E' 2 17BaPoYuTe.375
9668.23564 0.01 0.01 2 0 0 2 0 2  5  0 a  E" 1001 0 0 0 0 0 0  5  2 s  E' 3 17BaPoYuTe.371
9656.54419 0.01 0.01 2 0 0 2 0 2  5  0 a  E" 1001 0 0 0 0 0 0  5  1 a  E' 4 17BaPoYuTe.370
9537.93673 0.01 0.01 2 0 0 2 0 2  5  0 a  E" 1001 0 0 0 0 0 0  6  1 a  E' 4 17BaPoYuTe.367
9755.56552 0.01 0.01 2 0 0 2 0 2  5  0 a  E" 1001 0 0 0 0 0 0  4  1 a  E' 3 17BaPoYuTe.374
9552.64098 0.01 0.01 2 0 0 2 0 2  6  5 a A2'  554 0 0 0 0 0 0  7  6 a A2" 1 17BaPoYuTe.381
9691.45626 0.01 0.01 2 0 0 2 0 2  6  5 a A2'  554 0 0 0 0 0 0  6  6 a A2" 1 17BaPoYuTe.383
9595.15942 0.01 0.01 2 0 1 0 1 0  5  2 s A2'  521 0 0 0 0 0 0  6  3 s A2" 2 17BaPoYuTe.481
9512.56393 0.01 0.01 2 0 1 0 1 0  6  5 s  E" 1145 0 0 0 0 0 0  7  4 s  E' 3 17BaPoYuTe.486
9651.01661 0.01 0.01 2 0 1 0 1 0  6  5 s  E" 1145 0 0 0 0 0 0  6  4 s  E' 2 17BaPoYuTe.489
9769.94936 0.01 0.01 2 0 1 0 1 0  6  5 s  E" 1145 0 0 0 0 0 0  5  4 s  E' 2 17BaPoYuTe.494
9514.07392 0.01 0.01 2 0 1 0 1 0  6  5 a  E' 1158 0 0 0 0 0 0  7  4 a  E" 3 17BaPoYuTe.576
9771.34266 0.01 0.01 2 0 1 0 1 0  6  5 a  E' 1158 0 0 0 0 0 0  5  4 a  E" 2 17BaPoYuTe.585
9652.46680 0.01 0.01 2 0 1 0 1 0  6  5 a  E' 1158 0 0 0 0 0 0  6  4 a  E" 2 17BaPoYuTe.581
9636.50696 0.01 0.01 2 0 1 0 1 0  6  5 a  E' 1158 0 0 0 0 0 0  7  7 s  E" 1 17BaPoYuTe.577
9826.58185 0.01 0.01 1 0 1 2 1 2  5  2 s  E' 1029 0 0 0 0 0 0  4  1 s  E" 3  17BaPoYuTe.41
9608.86617 0.01 0.01 1 0 1 2 1 2  5  2 s  E' 1029 0 0 0 0 0 0  6  1 s  E" 4  17BaPoYuTe.36
9725.17893 0.01 0.01 1 0 1 2 1 2  5  3 s A2"  499 0 0 0 0 0 0  5  0 s A2' 2  17BaPoYuTe.46
9624.42901 0.01 0.01 2 0 0 2 0 2  6  3 s  E" 1157 0 0 0 0 0 0  6  2 s  E' 3 17BaPoYuTe.267
9743.14206 0.01 0.01 2 0 0 2 0 2  6  3 s  E" 1157 0 0 0 0 0 0  5  2 s  E' 3 17BaPoYuTe.272
9522.06329 0.01 0.01 2 0 1 0 1 0  6  4 s A2'  569 0 0 0 0 0 0  7  3 s A2" 2 17BaPoYuTe.487
9660.36717 0.01 0.01 2 0 1 0 1 0  6  4 s A2'  569 0 0 0 0 0 0  6  3 s A2" 2 17BaPoYuTe.490
9779.16943 0.01 0.01 2 0 1 0 1 0  6  4 s A2'  569 0 0 0 0 0 0  5  3 s A2" 1 17BaPoYuTe.495
9785.26681 0.01 0.01 1 0 1 2 1 2  6  6 a A2"  606 0 0 0 0 0 0  5  3 a A2' 1 17BaPoYuTe.183
9471.04798 0.01 0.01 2 0 1 0 1 0  7  7 s A2"  630 0 0 0 0 0 0  8  6 s A2' 1 17BaPoYuTe.505
9629.37509 0.01 0.01 2 0 1 0 1 0  7  7 s A2"  630 0 0 0 0 0 0  7  6 s A2' 1 17BaPoYuTe.511
9473.69657 0.01 0.01 2 0 1 0 1 0  7  7 a A2'  665 0 0 0 0 0 0  8  6 a A2" 1 17BaPoYuTe.592
9770.75756 0.01 0.01 2 0 1 0 1 0  7  7 a A2'  665 0 0 0 0 0 0  6  6 a A2" 1 17BaPoYuTe.603
9631.94488 0.01 0.01 2 0 1 0 1 0  7  7 a A2'  665 0 0 0 0 0 0  7  6 a A2" 1 17BaPoYuTe.596
9716.68226 0.01 0.01 2 0 1 0 1 0  6  2 a A2"  621 0 0 0 0 0 0  6  3 a A2' 2 17BaPoYuTe.589
9642.57184 0.01 0.01 2 0 1 0 1 0  7  6 a  E" 1327 0 0 0 0 0 0  7  5 a  E' 2 17BaPoYuTe.599
9781.15242 0.01 0.01 2 0 1 0 1 0  7  6 a  E" 1327 0 0 0 0 0 0  6  5 a  E' 1 17BaPoYuTe.605
9829.37924 0.01 0.01 2 0 0 2 0 2  7  5 s A2"  647 0 0 0 0 0 0  6  6 s A2' 1 17BaPoYuTe.294
9690.49856 0.01 0.01 2 0 0 2 0 2  7  5 s A2"  647 0 0 0 0 0 0  7  6 s A2' 1 17BaPoYuTe.286
9584.96196 0.01 0.01 2 0 1 0 1 0  6  1 a  E' 1225 0 0 0 0 0 0  7  2 a  E" 4 17BaPoYuTe.580
9723.10844 0.01 0.01 2 0 1 0 1 0  6  1 a  E' 1225 0 0 0 0 0 0  6  2 a  E" 3 17BaPoYuTe.583
9536.18824 0.01 0.01 2 0 0 2 0 2  8  8 s A2'  700 0 0 0 0 0 0  9  9 s A2" 1 17BaPoYuTe.296
9459.00813 0.01 0.01 2 0 0 2 0 2  7  4 s A2'  688 0 0 0 0 0 0  8  3 s A2" 2 17BaPoYuTe.278
9616.67424 0.01 0.01 2 0 0 2 0 2  7  4 s A2'  688 0 0 0 0 0 0  7  3 s A2" 2 17BaPoYuTe.282
9754.97902 0.01 0.01 2 0 0 2 0 2  7  4 s A2'  688 0 0 0 0 0 0  6  3 s A2" 2 17BaPoYuTe.289
9652.68520 0.01 0.01 2 0 1 0 1 0  7  5 s  E" 1349 0 0 0 0 0 0  7  4 s  E' 3 17BaPoYuTe.509
9791.13808 0.01 0.01 2 0 1 0 1 0  7  5 s  E" 1349 0 0 0 0 0 0  6  4 s  E' 2 17BaPoYuTe.512
9568.55912 0.01 0.01 2 0 0 2 0 2  8  7 s A2"  736 0 0 0 0 0 0  8  6 s A2' 1 17BaPoYuTe.310
9726.88072 0.01 0.01 2 0 0 2 0 2  8  7 s A2"  736 0 0 0 0 0 0  7  6 s A2' 1 17BaPoYuTe.314
9620.18382 0.01 0.01 2 0 1 0 1 0  8  8 s  E' 1451 0 0 0 0 0 0  8  7 s  E" 2 17BaPoYuTe.519
9778.82913 0.01 0.01 2 0 1 0 1 0  8  8 s  E' 1451 0 0 0 0 0 0  7  7 s  E" 1 17BaPoYuTe.520
9769.32706 0.01 0.01 2 0 0 2 0 2  7  3 s  E" 1365 0 0 0 0 0 0  6  2 s  E' 3 17BaPoYuTe.290
9473.58117 0.01 0.01 2 0 0 2 0 2  7  3 s  E" 1365 0 0 0 0 0 0  8  2 s  E' 5 17BaPoYuTe.279
9503.82746 0.01 0.01 2 0 1 0 1 0  7  4 s A2'  703 0 0 0 0 0 0  8  3 s A2" 2 17BaPoYuTe.503
9661.49347 0.01 0.01 2 0 1 0 1 0  7  4 s A2'  703 0 0 0 0 0 0  7  3 s A2" 2 17BaPoYuTe.507
9510.18474 0.01 0.01 2 0 0 2 0 2  7  1 s  E" 1389 0 0 0 0 0 0  8  2 s  E' 5 17BaPoYuTe.280
9667.73915 0.01 0.01 2 0 0 2 0 2  7  1 s  E" 1389 0 0 0 0 0 0  7  2 s  E' 4 17BaPoYuTe.283
9805.93983 0.01 0.01 2 0 0 2 0 2  7  1 s  E" 1389 0 0 0 0 0 0  6  2 s  E' 3 17BaPoYuTe.291
9788.56389 0.01 0.01 2 0 1 0 1 0  8  7 s A2"  755 0 0 0 0 0 0  7  6 s A2' 1 17BaPoYuTe.521
9519.38710 0.01 0.01 2 0 0 2 0 2  8  6 s  E' 1500 0 0 0 0 0 0  9  7 s  E" 2 17BaPoYuTe.304
9697.35013 0.01 0.01 2 0 0 2 0 2  8  6 s  E' 1500 0 0 0 0 0 0  8  7 s  E" 2 17BaPoYuTe.308
9697.17444 0.01 0.01 2 0 0 2 0 2  8  6 a  E" 1488 0 0 0 0 0 0  8  7 a  E' 2 17BaPoYuTe.419
9822.77256 0.01 0.01 2 0 1 0 1 0  7  2 a  E" 1408 0 0 0 0 0 0  6  1 a  E' 4 17BaPoYuTe.606
9684.69818 0.01 0.01 2 0 1 0 1 0  7  2 a  E" 1408 0 0 0 0 0 0  7  1 a  E' 5 17BaPoYuTe.601
9643.01184 0.01 0.01 2 0 1 0 1 0  8  6 a  E" 1513 0 0 0 0 0 0  8  5 a  E' 3 17BaPoYuTe.615
9800.99935 0.01 0.01 2 0 1 0 1 0  8  6 a  E" 1513 0 0 0 0 0 0  7  5 a  E' 2 17BaPoYuTe.621
9609.06127 0.01 0.01 2 0 1 0 1 0  8  6 a  E" 1513 0 0 0 0 0 0  9  8 s  E' 1 17BaPoYuTe.614
9447.15357 0.01 0.01 2 0 0 2 0 2  8  4 s A2'  752 0 0 0 0 0 0  9  3 s A2" 3 17BaPoYuTe.303
9624.04601 0.01 0.01 2 0 0 2 0 2  8  4 s A2'  752 0 0 0 0 0 0  8  3 s A2" 2 17BaPoYuTe.306
9781.71222 0.01 0.01 2 0 0 2 0 2  8  4 s A2'  752 0 0 0 0 0 0  7  3 s A2" 2 17BaPoYuTe.311
9748.72864 0.01 0.01 2 0 0 2 0 2  9  7 s A2"  803 0 0 0 0 0 0  8  6 s A2' 1 17BaPoYuTe.318
9503.70636 0.01 0.01 2 0 0 2 0 2 10 10 a  E" 1715 0 0 0 0 0 0 11 11 a  E' 1 17BaPoYuTe.436
9837.28001 0.01 0.01 2 0 1 0 1 0  8  3 a  E' 1597 0 0 0 0 0 0  7  2 a  E" 4 17BaPoYuTe.623
9679.78900 0.01 0.01 2 0 1 0 1 0  8  3 a  E' 1597 0 0 0 0 0 0  8  2 a  E" 5 17BaPoYuTe.617
9629.41729 0.01 0.01 2 0 1 0 1 0  9  7 s A2"  827 0 0 0 0 0 0  9  6 s A2' 2 17BaPoYuTe.524
9597.80431 0.01 0.01 2 0 1 0 1 0 10 10 s A2'  850 0 0 0 0 0 0 10  9 s A2" 1 17BaPoYuTe.527
9795.90197 0.01 0.01 2 0 1 0 1 0 10 10 s A2'  850 0 0 0 0 0 0  9  9 s A2" 1 17BaPoYuTe.528
9598.62491 0.01 0.01 2 0 1 0 1 0 10 10 a A2"  883 0 0 0 0 0 0 10  9 a A2' 1 17BaPoYuTe.630
9796.61016 0.01 0.01 2 0 1 0 1 0 10 10 a A2"  883 0 0 0 0 0 0  9  9 a A2' 1 17BaPoYuTe.631
9691.87436 0.01 0.01 2 0 0 2 0 2  9  6 a  E" 1690 0 0 0 0 0 0  9  7 a  E' 2 17BaPoYuTe.428
9494.85099 0.01 0.01 2 0 0 2 0 2  9  6 a  E" 1690 0 0 0 0 0 0 10  7 a  E' 3 17BaPoYuTe.426
9811.31761 0.01 0.01 2 0 0 2 0 2  9  1 a A2'  905 0 0 0 0 0 0  8  0 a A2" 3 17BaPoYuTe.435
9816.93349 0.01 0.01 2 0 1 0 1 0 10  8 a  E" 1827 0 0 0 0 0 0  9  7 a  E' 2 17BaPoYuTe.634
9662.86126 0.01 0.01 2 0 0 2 0 2  9  1 s A2"  882 0 0 0 0 0 0  9  0 s A2' 4 17BaPoYuTe.316
9786.27020 0.01 0.01 2 0 0 2 0 2 10  6 s  E' 1880 0 0 0 0 0 0  9  5 s  E" 3 17BaPoYuTe.330
9812.95950 0.01 0.01 2 0 1 0 1 0 11 10 a A2"  947 0 0 0 0 0 0 10  9 a A2' 1 17BaPoYuTe.637